11 0.029867 0.600000 0.033186 0.660000
7 0.084071 0.590000 0.048673 0.500000
9 0.147124 0.640000 0.064159 0.280000
20 0.246681 0.600000 0.064159 0.280000
1 0.329646 0.555000 0.075221 0.350000
12 0.398230 0.545000 0.035398 0.530000
11 0.497788 0.435000 0.044248 0.550000
2 0.569690 0.470000 0.055310 0.440000
9 0.642699 0.540000 0.073009 0.280000
1 0.711283 0.285000 0.064159 0.270000
18 0.793142 0.385000 0.050885 0.110000
4 0.867257 0.370000 0.075221 0.400000
12 0.948009 0.260000 0.037611 0.500000
