7 0.033937 0.641026 0.040724 0.435897
9 0.084842 0.698718 0.056561 0.269231
2 0.138009 0.467949 0.049774 0.294872
18 0.196833 0.615385 0.045249 0.128205
8 0.269231 0.570513 0.049774 0.371795
9 0.320136 0.621795 0.052036 0.243590
1 0.360860 0.371795 0.047511 0.282051
20 0.416290 0.544872 0.045249 0.243590
2 0.498869 0.493590 0.056561 0.371795
9 0.559955 0.544872 0.061086 0.269231
20 0.662896 0.467949 0.036199 0.269231
0 0.759050 0.416667 0.042986 0.397436
10 0.855204 0.423077 0.049774 0.230769
17 0.942308 0.371795 0.061086 0.333333
