0 0.092549 0.587500 0.033708 0.198077
17 0.133353 0.543269 0.030160 0.186538
17 0.163808 0.544231 0.030751 0.176923
9 0.209344 0.538462 0.060319 0.207692
0 0.227972 0.356731 0.033708 0.175000
17 0.260201 0.329808 0.027203 0.121154
17 0.294500 0.324038 0.031934 0.144231
18 0.388232 0.525000 0.057363 0.092308
1 0.470432 0.467308 0.038439 0.230769
17 0.502661 0.436538 0.031934 0.203846
29 0.547309 0.483654 0.040804 0.275000
18 0.586931 0.269231 0.032525 0.100000
4 0.622413 0.220192 0.032525 0.175000
17 0.661147 0.225000 0.039030 0.176923
10 0.761088 0.475000 0.055588 0.138462
6 0.850384 0.403846 0.055588 0.257692
17 0.895920 0.389423 0.035482 0.198077
9 0.945890 0.409615 0.057363 0.215385
