9 0.043239 0.521429 0.048742 0.271429
1 0.079403 0.371429 0.033019 0.214286
20 0.125786 0.521429 0.040881 0.214286
29 0.200472 0.546429 0.045597 0.378571
1 0.240566 0.321429 0.037736 0.171429
10 0.311321 0.503571 0.056604 0.235714
11 0.408019 0.471429 0.039308 0.771429
9 0.447327 0.471429 0.058176 0.271429
1 0.494497 0.332143 0.048742 0.207143
25 0.540881 0.489286 0.018868 0.178571
29 0.609277 0.578571 0.045597 0.471429
1 0.637579 0.310714 0.033019 0.207143
12 0.663522 0.496429 0.059748 0.721429
9 0.746069 0.592857 0.051887 0.300000
0 0.801887 0.496429 0.034591 0.350000
17 0.827830 0.507143 0.026730 0.228571
17 0.852987 0.482143 0.036164 0.292857
9 0.897013 0.510714 0.051887 0.264286
29 0.954403 0.653571 0.053459 0.550000
