22 0.029052 0.370833 0.042813 0.241667
9 0.078746 0.441667 0.050459 0.250000
1 0.107798 0.275000 0.035168 0.233333
20 0.159786 0.454167 0.035168 0.225000
15 0.233945 0.458333 0.064220 0.550000
9 0.338685 0.537500 0.056575 0.258333
20 0.381498 0.529167 0.025994 0.225000
29 0.414373 0.600000 0.039755 0.450000
18 0.493119 0.479167 0.035168 0.075000
9 0.549694 0.491667 0.047401 0.216667
1 0.570336 0.329167 0.027523 0.158333
16 0.607798 0.433333 0.056575 0.683333
18 0.675841 0.462500 0.039755 0.141667
4 0.750765 0.379167 0.058104 0.375000
29 0.795872 0.600000 0.038226 0.483333
10 0.873853 0.370833 0.044343 0.175000
17 0.938838 0.283333 0.045872 0.350000
