9 0.067970 0.206186 0.091248 0.247423
1 0.144320 0.641753 0.117318 0.273196
18 0.141527 0.391753 0.279330 0.134021
20 0.133147 0.247423 0.050279 0.175258
1 0.194600 0.175258 0.087523 0.237113
10 0.358473 0.384021 0.057728 0.231959
18 0.592179 0.440722 0.331471 0.180412
2 0.545624 0.747423 0.081937 0.278351
1 0.460894 0.216495 0.094972 0.288660
9 0.544693 0.247423 0.076350 0.195876
18 0.615456 0.255155 0.068901 0.077320
0 0.688082 0.213918 0.039106 0.304124
20 0.829609 0.481959 0.068901 0.211340
0 0.944134 0.469072 0.052142 0.432990
