0 0.047506 0.191176 0.042755 0.352941
18 0.064133 0.389706 0.095012 0.161765
6 0.068884 0.698529 0.061758 0.367647
9 0.163895 0.397059 0.057007 0.352941
1 0.203088 0.220588 0.040380 0.264706
20 0.281473 0.455882 0.049881 0.323529
0 0.383610 0.352941 0.045131 0.382353
18 0.384798 0.536765 0.071259 0.161765
8 0.389549 0.786765 0.061758 0.426471
29 0.459620 0.602941 0.035629 0.588235
1 0.505938 0.242647 0.047506 0.191176
10 0.583135 0.529412 0.059382 0.264706
11 0.663895 0.522059 0.073634 0.779412
1 0.672209 0.492647 0.061758 0.426471
6 0.726841 0.544118 0.052257 0.470588
9 0.786223 0.602941 0.047506 0.294118
26 0.842043 0.551471 0.078385 0.691176
0 0.888361 0.536765 0.033254 0.426471
2 0.925178 0.536765 0.049881 0.397059
12 0.947743 0.544118 0.071259 0.794118
