9 0.075444 0.293478 0.073964 0.239130
20 0.158284 0.396739 0.062130 0.250000
29 0.229290 0.521739 0.062130 0.434783
1 0.292899 0.288043 0.053254 0.206522
20 0.340237 0.494565 0.059172 0.250000
9 0.434911 0.494565 0.082840 0.250000
2 0.480769 0.364130 0.044379 0.184783
20 0.534024 0.570652 0.050296 0.206522
29 0.616864 0.652174 0.068047 0.391304
3 0.673077 0.483696 0.050296 0.293478
20 0.754438 0.788043 0.065089 0.206522
9 0.846154 0.641304 0.082840 0.239130
28 0.884615 0.385870 0.041420 0.163043
18 0.924556 0.385870 0.044379 0.076087
0 0.958580 0.336957 0.029586 0.173913
