2 0.075298 0.497024 0.022039 0.196429
3 0.269513 0.410714 0.021120 0.214286
4 0.372819 0.500000 0.045914 0.297619
18 0.425620 0.523810 0.028466 0.095238
20 0.584940 0.511905 0.022039 0.178571
9 0.636364 0.479167 0.040404 0.255952
21 0.668044 0.529762 0.008264 0.071429
1 0.705693 0.452381 0.033976 0.297619
10 0.756198 0.491071 0.032140 0.148810
1 0.816804 0.434524 0.032140 0.273810
29 0.038567 0.752976 0.038567 0.386905
18 0.121671 0.625000 0.026630 0.095238
1 0.180900 0.577381 0.038567 0.333333
29 0.227273 0.684524 0.030303 0.416667
20 0.303949 0.532738 0.025712 0.196429
5 0.471074 0.470238 0.033058 0.309524
19 0.493572 0.616071 0.021120 0.172619
4 0.533058 0.461310 0.041322 0.291667
25 0.855372 0.458333 0.015611 0.154762
4 0.894858 0.392857 0.032140 0.285714
26 0.926997 0.413690 0.026630 0.339286
2 0.967860 0.395833 0.029385 0.255952
