18 0.204403 0.492308 0.316562 0.123077
2 0.073375 0.300000 0.046122 0.246154
6 0.116352 0.300000 0.039832 0.261538
20 0.144654 0.684615 0.037736 0.169231
6 0.170860 0.292308 0.052411 0.261538
9 0.225367 0.330769 0.060797 0.169231
18 0.241090 0.676923 0.029350 0.061538
18 0.279874 0.319231 0.039832 0.084615
20 0.430818 0.457692 0.044025 0.161538
18 0.594340 0.423077 0.241090 0.153846
8 0.520964 0.265385 0.035639 0.269231
2 0.536688 0.646154 0.046122 0.230769
1 0.570231 0.257692 0.054507 0.253846
1 0.585954 0.638462 0.048218 0.230769
10 0.786164 0.446154 0.041929 0.153846
1 0.848008 0.430769 0.056604 0.246154
2 0.957023 0.319231 0.035639 0.176923
9 0.093291 0.700000 0.060797 0.169231
29 0.197065 0.753846 0.041929 0.292308
27 0.301887 0.676923 0.067086 0.153846
29 0.318658 0.376923 0.041929 0.261538
0 0.625786 0.626923 0.023061 0.223077
0 0.625786 0.234615 0.031447 0.223077
9 0.669811 0.657692 0.056604 0.176923
29 0.917191 0.523077 0.064990 0.353846
