1 0.244624 0.270270 0.037634 0.324324
21 0.274194 0.722973 0.014337 0.148649
20 0.301075 0.527027 0.028674 0.297297
2 0.375448 0.425676 0.044803 0.418919
20 0.793011 0.459459 0.037634 0.324324
10 0.912186 0.506757 0.035842 0.229730
1 0.957885 0.425676 0.062724 0.418919
1 0.043011 0.452703 0.046595 0.500000
4 0.090502 0.459459 0.048387 0.513514
5 0.134409 0.445946 0.046595 0.513514
29 0.201613 0.668919 0.055556 0.581081
5 0.421147 0.412162 0.043011 0.445946
25 0.473118 0.466216 0.025090 0.256757
1 0.526882 0.452703 0.060932 0.445946
29 0.586918 0.662162 0.059140 0.567568
26 0.660394 0.513514 0.041219 0.432432
2 0.714158 0.493243 0.044803 0.418919
0 0.858423 0.479730 0.028674 0.391892
