1 0.098673 0.306931 0.038143 0.297030
6 0.098673 0.316832 0.038143 0.277228
2 0.212272 0.470297 0.046434 0.386139
18 0.389718 0.490099 0.039801 0.089109
2 0.459370 0.450495 0.046434 0.287129
1 0.520730 0.455446 0.059701 0.336634
18 0.705638 0.450495 0.038143 0.108911
10 0.908789 0.475248 0.033167 0.198020
17 0.954395 0.450495 0.044776 0.326733
27 0.049751 0.539604 0.066335 0.247525
18 0.149254 0.475248 0.036484 0.138614
29 0.288557 0.603960 0.046434 0.396040
8 0.331675 0.351485 0.033167 0.287129
29 0.590381 0.589109 0.043118 0.465347
27 0.653400 0.316832 0.056385 0.198020
28 0.768657 0.455446 0.054726 0.198020
20 0.817579 0.475248 0.029851 0.277228
6 0.867330 0.440594 0.036484 0.306931
