2 0.053279 0.572581 0.051913 0.403226
8 0.146175 0.556452 0.046448 0.435484
1 0.270492 0.379032 0.038251 0.274194
19 0.315574 0.661290 0.024590 0.225806
8 0.393443 0.516129 0.038251 0.354839
19 0.461749 0.653226 0.032787 0.209677
2 0.531421 0.459677 0.046448 0.338710
19 0.587432 0.612903 0.016393 0.193548
20 0.737705 0.427419 0.032787 0.306452
4 0.793716 0.379032 0.046448 0.403226
6 0.099727 0.540323 0.046448 0.467742
29 0.222678 0.685484 0.046448 0.467742
6 0.624317 0.427419 0.046448 0.403226
10 0.871585 0.475806 0.054645 0.209677
17 0.927596 0.362903 0.057377 0.435484
