2 0.051809 0.494845 0.047697 0.391753
20 0.250822 0.500000 0.034539 0.298969
1 0.379112 0.242268 0.047697 0.257732
1 0.551809 0.226804 0.037829 0.247423
2 0.745888 0.298969 0.034539 0.350515
19 0.772204 0.494845 0.021382 0.206186
1 0.936678 0.345361 0.057566 0.340206
18 0.111842 0.510309 0.039474 0.113402
29 0.171053 0.618557 0.049342 0.515464
9 0.325658 0.458763 0.062500 0.237113
26 0.436678 0.412371 0.037829 0.329897
29 0.503289 0.494845 0.049342 0.453608
10 0.641447 0.412371 0.046053 0.206186
4 0.810855 0.273196 0.052632 0.360825
26 0.871711 0.340206 0.039474 0.350515
