20 0.420530 0.586420 0.037528 0.333333
7 0.476821 0.518519 0.048565 0.395062
18 0.605960 0.530864 0.037528 0.098765
10 0.817881 0.555556 0.050773 0.271605
24 0.049669 0.623457 0.050773 0.333333
24 0.339956 0.592593 0.052980 0.246914
6 0.113687 0.537037 0.046358 0.432099
6 0.285872 0.555556 0.046358 0.395062
6 0.657837 0.493827 0.052980 0.320988
6 0.900662 0.432099 0.048565 0.370370
18 0.199779 0.592593 0.037528 0.148148
22 0.533113 0.586420 0.046358 0.308642
23 0.708609 0.469136 0.039735 0.419753
24 0.746137 0.209877 0.048565 0.246914
23 0.962472 0.450617 0.048565 0.432099
