6 0.053971 0.660494 0.067210 0.530864
1 0.184318 0.419753 0.046843 0.444444
1 0.184318 0.407407 0.050916 0.419753
20 0.236253 0.685185 0.040733 0.283951
2 0.424644 0.364198 0.046843 0.333333
20 0.484725 0.561728 0.040733 0.283951
1 0.688391 0.444444 0.048880 0.395062
18 0.798371 0.469136 0.057026 0.246914
10 0.798371 0.475309 0.057026 0.259259
23 0.122200 0.611111 0.048880 0.555556
5 0.310591 0.530864 0.050916 0.518519
23 0.378819 0.543210 0.044807 0.543210
5 0.554990 0.518519 0.046843 0.493827
22 0.894094 0.345679 0.069246 0.345679
