19 0.294376 0.781250 0.019332 0.337500
17 0.342707 0.531250 0.038664 0.362500
1 0.521090 0.356250 0.054482 0.287500
10 0.721441 0.618750 0.047452 0.312500
2 0.799649 0.531250 0.052724 0.387500
28 0.040422 0.612500 0.049209 0.250000
27 0.107206 0.362500 0.056239 0.225000
25 0.158172 0.625000 0.021090 0.250000
1 0.217926 0.537500 0.045694 0.450000
6 0.260984 0.618750 0.040422 0.312500
5 0.390158 0.531250 0.038664 0.387500
27 0.453427 0.600000 0.059754 0.225000
18 0.582601 0.525000 0.036907 0.150000
29 0.649385 0.718750 0.054482 0.562500
18 0.860281 0.462500 0.029877 0.100000
6 0.924429 0.450000 0.045694 0.400000
29 0.978032 0.662500 0.043937 0.550000
