1 0.198364 0.304054 0.057260 0.445946
20 0.644172 0.452703 0.036810 0.337838
1 0.743354 0.432432 0.055215 0.432432
10 0.899796 0.533784 0.040900 0.256757
0 0.025562 0.317568 0.026585 0.337838
0 0.065440 0.310811 0.036810 0.324324
0 0.141104 0.331081 0.028630 0.337838
0 0.282209 0.331081 0.036810 0.391892
8 0.352761 0.331081 0.042945 0.391892
8 0.404908 0.351351 0.040900 0.432432
6 0.470348 0.351351 0.053170 0.432432
29 0.557260 0.574324 0.071575 0.608108
9 0.819018 0.486486 0.067485 0.324324
4 0.960123 0.385135 0.059305 0.554054
