18 0.077348 0.559140 0.110497 0.129032
2 0.082873 0.408602 0.049724 0.279570
1 0.254144 0.387097 0.055249 0.172043
20 0.337017 0.489247 0.038674 0.204301
2 0.482044 0.295699 0.046961 0.268817
0 0.591160 0.241935 0.027624 0.290323
10 0.831492 0.494624 0.055249 0.150538
5 0.067680 0.731183 0.069061 0.236559
29 0.191989 0.591398 0.058011 0.322581
25 0.538674 0.322581 0.022099 0.193548
18 0.517956 0.456989 0.218232 0.182796
2 0.462707 0.698925 0.046961 0.215054
9 0.517956 0.709677 0.063536 0.172043
29 0.595304 0.774194 0.058011 0.301075
27 0.738950 0.456989 0.080110 0.204301
4 0.964088 0.435484 0.066298 0.311828
