18 0.139211 0.519084 0.255220 0.152672
9 0.083527 0.793893 0.064965 0.229008
1 0.106729 0.320611 0.055684 0.229008
2 0.136891 0.671756 0.041763 0.183206
1 0.160093 0.278626 0.046404 0.282443
20 0.178654 0.774809 0.046404 0.206107
0 0.236659 0.767176 0.032483 0.221374
10 0.383991 0.503817 0.071926 0.213740
18 0.708817 0.435115 0.512761 0.229008
2 0.547564 0.301527 0.064965 0.236641
9 0.566125 0.755725 0.083527 0.229008
18 0.689095 0.687023 0.074246 0.106870
2 0.693735 0.148855 0.046404 0.206107
18 0.770302 0.221374 0.069606 0.106870
0 0.767981 0.717557 0.046404 0.320611
0 0.213457 0.286260 0.032483 0.236641
29 0.634571 0.332061 0.039443 0.251908
0 0.825986 0.187023 0.032483 0.267176
