19 0.083718 0.673367 0.017321 0.160804
1 0.130485 0.532663 0.041570 0.261307
20 0.213048 0.560302 0.033487 0.165829
5 0.291570 0.510050 0.035797 0.246231
1 0.403580 0.482412 0.065820 0.271357
18 0.498845 0.474874 0.034642 0.085427
19 0.590069 0.592965 0.016166 0.140704
7 0.628176 0.482412 0.030023 0.281407
9 0.628176 0.477387 0.030023 0.251256
10 0.692841 0.482412 0.034642 0.160804
1 0.747113 0.751256 0.034642 0.246231
18 0.857390 0.474874 0.262125 0.165829
4 0.808891 0.723618 0.038106 0.281407
19 0.811201 0.293970 0.012702 0.105528
2 0.895497 0.743719 0.033487 0.221106
4 0.047344 0.557789 0.041570 0.261307
21 0.340069 0.570352 0.024249 0.115578
6 0.565820 0.487437 0.041570 0.241206
6 0.788106 0.213568 0.031178 0.256281
8 0.845266 0.195980 0.027714 0.241206
19 0.775982 0.834171 0.018476 0.130653
9 0.942263 0.753769 0.053118 0.170854
21 0.846420 0.806533 0.016166 0.115578
