18 0.392498 0.533632 0.748399 0.134529
1 0.055810 0.235426 0.031107 0.192825
2 0.088747 0.737668 0.034767 0.165919
8 0.119396 0.219731 0.024703 0.188341
19 0.116194 0.778027 0.010979 0.094170
4 0.149131 0.708520 0.038426 0.188341
21 0.178408 0.757848 0.009149 0.053812
4 0.196706 0.091928 0.023788 0.156951
18 0.237420 0.204036 0.028362 0.076233
18 0.277676 0.730942 0.021043 0.053812
2 0.332571 0.706278 0.026532 0.165919
1 0.333943 0.152466 0.023788 0.161435
19 0.354071 0.766816 0.010979 0.089686
20 0.370997 0.246637 0.021043 0.134529
19 0.400274 0.739910 0.008234 0.062780
4 0.428637 0.235426 0.032022 0.201794
26 0.465233 0.739910 0.021043 0.188341
18 0.540256 0.260090 0.019213 0.062780
18 0.559469 0.744395 0.019213 0.053812
2 0.576853 0.257848 0.021043 0.165919
19 0.593321 0.309417 0.008234 0.098655
2 0.605215 0.742152 0.019213 0.165919
4 0.633120 0.248879 0.034767 0.192825
19 0.623513 0.802691 0.010064 0.089686
19 0.714090 0.793722 0.010064 0.080717
10 0.803751 0.582960 0.021043 0.116592
18 0.918115 0.576233 0.163769 0.085202
1 0.868710 0.766816 0.033852 0.179372
4 0.929552 0.760090 0.032937 0.192825
18 0.926807 0.363229 0.020128 0.071749
19 0.092406 0.298206 0.016468 0.103139
9 0.220494 0.742152 0.034767 0.130045
29 0.160567 0.264574 0.024703 0.242152
29 0.298262 0.273543 0.025618 0.206278
26 0.462031 0.244395 0.020128 0.165919
5 0.494053 0.239910 0.025618 0.156951
21 0.661940 0.320628 0.015554 0.076233
29 0.696706 0.356502 0.022873 0.228700
5 0.731473 0.219731 0.019213 0.134529
8 0.737420 0.753363 0.020128 0.179372
4 0.697621 0.735426 0.026532 0.152466
25 0.672461 0.753363 0.012809 0.116592
5 0.643184 0.733184 0.020128 0.165919
6 0.510979 0.724215 0.037511 0.183857
29 0.430924 0.784753 0.027447 0.251121
5 0.377402 0.701794 0.021043 0.165919
22 0.869167 0.378924 0.025618 0.121076
22 0.985361 0.728700 0.016468 0.094170
19 0.892498 0.849776 0.015554 0.112108
23 0.896615 0.293722 0.016468 0.139013
23 0.956542 0.338565 0.017383 0.165919
29 0.966148 0.863229 0.032937 0.219731
