2 0.044463 0.512295 0.055369 0.336066
18 0.322148 0.471311 0.030201 0.073770
2 0.408557 0.418033 0.041946 0.295082
9 0.572148 0.434426 0.050336 0.229508
20 0.674497 0.397541 0.026846 0.221311
2 0.749161 0.409836 0.041946 0.327869
10 0.890101 0.422131 0.035235 0.188525
17 0.930369 0.377049 0.035235 0.278689
25 0.095638 0.532787 0.030201 0.196721
4 0.165268 0.454918 0.058725 0.319672
29 0.247483 0.581967 0.048658 0.344262
6 0.504195 0.422131 0.038591 0.270492
26 0.461409 0.397541 0.043624 0.286885
29 0.617450 0.237705 0.040268 0.213115
19 0.780201 0.557377 0.026846 0.180328
5 0.822987 0.405738 0.045302 0.319672
