11 0.025510 0.510000 0.032880 0.620000
20 0.102608 0.570000 0.021542 0.280000
12 0.191610 0.410000 0.018141 0.540000
2 0.221655 0.215000 0.021542 0.270000
10 0.279478 0.525000 0.030612 0.230000
2 0.412698 0.300000 0.022676 0.300000
20 0.469388 0.460000 0.020408 0.220000
2 0.517007 0.375000 0.027211 0.390000
1 0.582200 0.210000 0.017007 0.200000
4 0.723356 0.350000 0.029478 0.360000
1 0.837302 0.165000 0.021542 0.210000
2 0.963152 0.165000 0.030612 0.250000
9 0.054989 0.590000 0.039683 0.300000
29 0.154195 0.675000 0.036281 0.510000
9 0.375850 0.470000 0.039683 0.300000
29 0.921202 0.460000 0.026077 0.420000
29 0.801587 0.465000 0.029478 0.490000
29 0.624150 0.490000 0.037415 0.500000
9 0.560658 0.395000 0.030612 0.270000
9 0.763605 0.375000 0.035147 0.230000
20 0.870181 0.370000 0.021542 0.220000
20 0.676304 0.375000 0.019274 0.190000
