1 0.155689 0.420000 0.027944 0.280000
20 0.227545 0.586667 0.035928 0.266667
1 0.318363 0.506667 0.045908 0.506667
11 0.375250 0.466667 0.027944 0.666667
9 0.434132 0.546667 0.057884 0.293333
18 0.487026 0.526667 0.039920 0.200000
12 0.553892 0.533333 0.029940 0.666667
10 0.625749 0.606667 0.049900 0.226667
18 0.860279 0.560000 0.035928 0.133333
5 0.908184 0.506667 0.039920 0.426667
8 0.061876 0.560000 0.039920 0.426667
9 0.116766 0.593333 0.049900 0.280000
0 0.526946 0.520000 0.019960 0.293333
4 0.727545 0.493333 0.065868 0.480000
29 0.782435 0.693333 0.055888 0.480000
22 0.957086 0.580000 0.049900 0.253333
