11 0.140998 0.591304 0.043384 0.469565
15 0.198482 0.534783 0.032538 0.373913
12 0.317787 0.504348 0.032538 0.452174
10 0.845987 0.330435 0.065076 0.191304
17 0.936009 0.243478 0.054230 0.295652
13 0.073753 0.647826 0.060738 0.704348
9 0.234273 0.547826 0.052061 0.156522
16 0.266811 0.526087 0.043384 0.339130
14 0.368764 0.543478 0.056399 0.686957
13 0.469631 0.456522 0.054230 0.652174
13 0.534707 0.469565 0.058568 0.504348
13 0.594360 0.413043 0.047722 0.460870
0 0.626898 0.382609 0.030369 0.243478
14 0.661605 0.395652 0.043384 0.495652
14 0.708243 0.386957 0.041215 0.582609
14 0.754881 0.382609 0.043384 0.713043
