2 0.113095 0.430000 0.043651 0.280000
5 0.394841 0.345000 0.035714 0.230000
10 0.465278 0.545000 0.045635 0.230000
29 0.051587 0.705000 0.051587 0.470000
20 0.192460 0.595000 0.059524 0.350000
5 0.262897 0.515000 0.049603 0.350000
6 0.542659 0.445000 0.053571 0.350000
6 0.669643 0.280000 0.041667 0.240000
8 0.943452 0.185000 0.041667 0.270000
7 0.810516 0.340000 0.049603 0.400000
20 0.745040 0.385000 0.041667 0.250000
29 0.341270 0.645000 0.059524 0.430000
29 0.604167 0.560000 0.045635 0.440000
29 0.885913 0.505000 0.065476 0.470000
