8 0.040682 0.721053 0.049869 0.305263
18 0.150919 0.431579 0.296588 0.126316
2 0.069554 0.221053 0.060367 0.294737
8 0.120735 0.694737 0.047244 0.336842
8 0.171916 0.184211 0.044619 0.347368
18 0.379265 0.421053 0.065617 0.105263
1 0.471129 0.342105 0.081365 0.347368
10 0.801837 0.331579 0.065617 0.200000
17 0.904199 0.268421 0.070866 0.326316
8 0.081365 0.721053 0.036745 0.305263
6 0.132546 0.194737 0.049869 0.347368
28 0.246719 0.236842 0.068241 0.200000
27 0.570866 0.373684 0.091864 0.242105
28 0.671916 0.347368 0.073491 0.231579
