0 0.033962 0.575949 0.026415 0.392405
19 0.205660 0.791139 0.022642 0.265823
1 0.275472 0.512658 0.052830 0.392405
19 0.445283 0.734177 0.026415 0.253165
2 0.524528 0.493671 0.045283 0.405063
19 0.652830 0.613924 0.026415 0.291139
2 0.783019 0.405063 0.037736 0.354430
10 0.900943 0.386076 0.032075 0.215190
8 0.072642 0.582278 0.035849 0.379747
8 0.111321 0.569620 0.030189 0.379747
7 0.153774 0.550633 0.043396 0.443038
17 0.325472 0.481013 0.035849 0.329114
0 0.358491 0.449367 0.022642 0.392405
8 0.388679 0.474684 0.041509 0.468354
1 0.575472 0.436709 0.045283 0.367089
0 0.616981 0.392405 0.026415 0.405063
13 0.730189 0.411392 0.045283 0.696203
14 0.833962 0.398734 0.041509 0.746835
17 0.960377 0.272152 0.041509 0.417722
