1 0.167947 0.464286 0.041712 0.388889
20 0.396817 0.436508 0.027442 0.222222
2 0.580681 0.634921 0.030735 0.365079
18 0.603732 0.396825 0.074643 0.111111
10 0.730516 0.373016 0.031833 0.206349
17 0.872667 0.321429 0.039517 0.341270
13 0.029638 0.539683 0.030735 0.714286
14 0.671240 0.365079 0.029638 0.714286
1 0.092755 0.464286 0.040615 0.388889
26 0.127333 0.496032 0.032931 0.420635
18 0.232711 0.444444 0.032931 0.111111
2 0.286498 0.468254 0.037322 0.317460
2 0.348518 0.444444 0.034029 0.317460
25 0.316685 0.484127 0.014270 0.238095
2 0.452250 0.420635 0.030735 0.317460
19 0.472009 0.599206 0.017563 0.166667
4 0.504940 0.396825 0.037322 0.349206
21 0.541164 0.523810 0.015368 0.142857
4 0.625137 0.623016 0.027442 0.261905
0 0.815038 0.301587 0.018661 0.333333
19 0.834248 0.480159 0.019759 0.230159
21 0.914929 0.396825 0.016465 0.142857
0 0.967618 0.317460 0.023052 0.365079
