1 0.035338 0.717593 0.034810 0.379630
0 0.039030 0.305556 0.018987 0.240741
18 0.177743 0.430556 0.030591 0.101852
20 0.353376 0.421296 0.023207 0.250000
1 0.492616 0.402778 0.040084 0.324074
2 0.610759 0.421296 0.023207 0.305556
1 0.658228 0.430556 0.029536 0.342593
20 0.919831 0.486111 0.016878 0.194444
1 0.961498 0.476852 0.032700 0.361111
18 0.040612 0.467593 0.051688 0.175926
29 0.095992 0.564815 0.031646 0.462963
2 0.128165 0.250000 0.024262 0.203704
1 0.236287 0.388889 0.035865 0.425926
29 0.292722 0.541667 0.030591 0.490741
27 0.414030 0.398148 0.043249 0.259259
26 0.456751 0.398148 0.021097 0.333333
10 0.559072 0.472222 0.040084 0.203704
19 0.630274 0.601852 0.015823 0.185185
21 0.702004 0.546296 0.013713 0.148148
9 0.756329 0.458333 0.040084 0.268519
25 0.808017 0.453704 0.014768 0.259259
6 0.869726 0.425926 0.049578 0.333333
