1 0.060755 0.261719 0.055829 0.289062
1 0.173235 0.175781 0.041051 0.210938
20 0.243842 0.289062 0.034483 0.203125
20 0.470443 0.328125 0.037767 0.171875
10 0.628079 0.414062 0.057471 0.187500
1 0.803777 0.261719 0.034483 0.179688
20 0.849754 0.359375 0.037767 0.218750
12 0.966338 0.425781 0.034483 0.429688
11 0.715107 0.343750 0.041051 0.375000
1 0.330049 0.253906 0.049261 0.320312
22 0.123153 0.300781 0.039409 0.195312
22 0.374384 0.324219 0.039409 0.210938
22 0.540230 0.355469 0.039409 0.210938
22 0.920361 0.398438 0.054187 0.187500
22 0.761084 0.406250 0.041051 0.187500
