20 0.192053 0.351485 0.043046 0.386139
5 0.297185 0.321782 0.048013 0.366337
20 0.447848 0.430693 0.044702 0.267327
5 0.514073 0.400990 0.048013 0.405941
10 0.620861 0.460396 0.046358 0.287129
20 0.828642 0.475248 0.044702 0.277228
12 0.961093 0.559406 0.038079 0.623762
24 0.090232 0.341584 0.041391 0.247525
24 0.356788 0.420792 0.041391 0.247525
24 0.740066 0.495050 0.033113 0.237624
24 0.894040 0.529703 0.046358 0.227723
11 0.691225 0.396040 0.044702 0.356436
1 0.778146 0.361386 0.029801 0.207921
1 0.142384 0.153465 0.033113 0.287129
7 0.038907 0.262376 0.044702 0.405941
