22 0.086847 0.448276 0.032040 0.321839
5 0.124789 0.241379 0.030354 0.367816
20 0.430017 0.482759 0.043845 0.344828
10 0.634907 0.586207 0.052277 0.252874
11 0.694772 0.528736 0.030354 0.413793
1 0.786678 0.373563 0.045531 0.241379
20 0.831366 0.557471 0.037099 0.402299
12 0.940135 0.586207 0.045531 0.597701
22 0.314503 0.488506 0.042159 0.264368
22 0.748735 0.597701 0.047218 0.298851
22 0.879427 0.603448 0.042159 0.310345
2 0.526981 0.500000 0.052277 0.425287
8 0.028668 0.362069 0.040472 0.540230
20 0.211636 0.431034 0.035413 0.287356
