20 0.224340 0.515957 0.046921 0.393617
9 0.453812 0.505319 0.039589 0.351064
10 0.645161 0.569149 0.052786 0.244681
2 0.821848 0.319149 0.030792 0.404255
12 0.980205 0.510638 0.033724 0.574468
28 0.104106 0.569149 0.041056 0.329787
28 0.392962 0.579787 0.041056 0.329787
28 0.777126 0.547872 0.041056 0.329787
28 0.925220 0.526596 0.041056 0.329787
11 0.735337 0.457447 0.045455 0.574468
5 0.552786 0.521277 0.052786 0.553191
5 0.331378 0.478723 0.052786 0.553191
5 0.043255 0.452128 0.048387 0.606383
1 0.159824 0.287234 0.038123 0.319149
20 0.870235 0.521277 0.036657 0.382979
