1 0.228516 0.232422 0.082031 0.074219
18 0.330078 0.343750 0.121094 0.031250
2 0.572266 0.218750 0.113281 0.093750
3 0.917969 0.187500 0.062500 0.125000
20 0.697266 0.371094 0.105469 0.093750
17 0.179688 0.839844 0.046875 0.062500
11 0.281250 0.687500 0.062500 0.156250
20 0.451172 0.687500 0.066406 0.078125
20 0.625000 0.687500 0.062500 0.078125
9 0.937500 0.712891 0.093750 0.128906
12 0.773438 0.687500 0.054688 0.187500
18 0.501953 0.515625 0.996094 0.031250
24 0.863281 0.355469 0.125000 0.187500
24 0.710938 0.683594 0.093750 0.101562
