1 0.242188 0.480469 0.046875 0.054688
1 0.667969 0.509766 0.046875 0.066406
1 0.875000 0.578125 0.062500 0.078125
4 0.855469 0.437500 0.046875 0.062500
4 0.468750 0.492188 0.085938 0.164062
2 0.087891 0.527344 0.144531 0.179688
2 0.595703 0.488281 0.042969 0.070312
18 0.730469 0.539062 0.070312 0.031250
20 0.406250 0.515625 0.046875 0.078125
2 0.335938 0.468750 0.039062 0.062500
18 0.875000 0.527344 0.203125 0.031250
7 0.968750 0.435547 0.046875 0.089844
22 0.189453 0.529297 0.050781 0.074219
23 0.298828 0.496094 0.058594 0.132812
22 0.558594 0.556641 0.062500 0.058594
23 0.644531 0.513672 0.046875 0.175781
22 0.806641 0.484375 0.074219 0.054688
23 0.912109 0.455078 0.058594 0.128906
