0 0.093750 0.265625 0.093750 0.171875
18 0.105469 0.373047 0.156250 0.019531
1 0.117188 0.449219 0.132812 0.117188
18 0.275391 0.375000 0.089844 0.031250
0 0.431641 0.259766 0.089844 0.152344
18 0.437500 0.359375 0.125000 0.031250
2 0.455078 0.453125 0.097656 0.109375
20 0.615234 0.367188 0.128906 0.117188
0 0.806641 0.248047 0.082031 0.152344
6 0.906250 0.250000 0.125000 0.156250
18 0.841797 0.359375 0.160156 0.031250
8 0.843750 0.453125 0.093750 0.125000
18 0.498047 0.589844 0.972656 0.054688
2 0.310547 0.744141 0.097656 0.128906
1 0.431641 0.748047 0.128906 0.128906
20 0.544922 0.748047 0.089844 0.097656
0 0.671875 0.748047 0.093750 0.152344
