10 0.103516 0.513672 0.066406 0.042969
11 0.203125 0.500000 0.031250 0.062500
12 0.275391 0.500000 0.027344 0.093750
20 0.335938 0.513672 0.054688 0.058594
18 0.562500 0.468750 0.062500 0.031250
12 0.728516 0.460938 0.027344 0.085938
18 0.554688 0.558594 0.046875 0.023438
9 0.828125 0.509766 0.062500 0.058594
18 0.888672 0.500000 0.035156 0.031250
11 0.453125 0.468750 0.031250 0.078125
12 0.515625 0.468750 0.031250 0.078125
11 0.656250 0.464844 0.031250 0.078125
11 0.781250 0.498047 0.031250 0.097656
12 0.976562 0.507812 0.031250 0.117188
18 0.572266 0.511719 0.363281 0.023438
29 0.031250 0.527344 0.046875 0.109375
22 0.242188 0.500000 0.046875 0.046875
24 0.484375 0.468750 0.046875 0.046875
24 0.496094 0.560547 0.062500 0.066406
22 0.609375 0.558594 0.062500 0.062500
22 0.687500 0.468750 0.046875 0.062500
22 0.937500 0.498047 0.046875 0.058594
