1 0.156250 0.500000 0.046875 0.078125
20 0.343750 0.546875 0.078125 0.078125
2 0.281250 0.513672 0.031250 0.066406
18 0.718750 0.544922 0.062500 0.035156
4 0.437500 0.531250 0.062500 0.093750
2 0.044922 0.544922 0.066406 0.097656
2 0.546875 0.492188 0.046875 0.054688
0 0.648438 0.500000 0.062500 0.062500
1 0.886719 0.556641 0.070312 0.082031
18 0.880859 0.505859 0.175781 0.035156
4 0.857422 0.437500 0.035156 0.062500
7 0.962891 0.429688 0.050781 0.062500
22 0.117188 0.554688 0.078125 0.078125
23 0.228516 0.523438 0.074219 0.109375
23 0.605469 0.509766 0.046875 0.121094
23 0.917969 0.449219 0.062500 0.093750
22 0.513672 0.542969 0.066406 0.062500
22 0.824219 0.468750 0.054688 0.062500
