11 0.033203 0.517578 0.042969 0.136719
20 0.154297 0.513672 0.042969 0.050781
12 0.275391 0.501953 0.050781 0.121094
20 0.335938 0.511719 0.054688 0.054688
10 0.468750 0.509766 0.062500 0.035156
20 0.648438 0.509766 0.054688 0.058594
11 0.728516 0.500000 0.050781 0.156250
20 0.843750 0.509766 0.062500 0.058594
12 0.968750 0.492188 0.046875 0.164062
22 0.091797 0.523438 0.066406 0.062500
23 0.214844 0.498047 0.054688 0.097656
24 0.390625 0.513672 0.062500 0.066406
22 0.544922 0.515625 0.066406 0.062500
23 0.781250 0.484375 0.046875 0.093750
24 0.910156 0.500000 0.046875 0.062500
