18 0.687500 0.546875 0.078125 0.031250
1 0.859375 0.541016 0.093750 0.097656
2 0.060547 0.527344 0.097656 0.203125
2 0.250000 0.449219 0.062500 0.070312
1 0.179688 0.519531 0.046875 0.054688
20 0.328125 0.562500 0.062500 0.062500
4 0.406250 0.513672 0.093750 0.191406
2 0.523438 0.500000 0.046875 0.062500
1 0.578125 0.449219 0.031250 0.078125
4 0.839844 0.390625 0.054688 0.062500
7 0.902344 0.390625 0.031250 0.062500
18 0.867188 0.484375 0.234375 0.031250
22 0.140625 0.574219 0.062500 0.078125
23 0.224609 0.527344 0.074219 0.187500
22 0.486328 0.546875 0.066406 0.078125
23 0.578125 0.513672 0.078125 0.183594
22 0.804688 0.439453 0.062500 0.058594
23 0.890625 0.419922 0.046875 0.097656
