20 0.169922 0.542969 0.035156 0.046875
0 0.210938 0.535156 0.031250 0.078125
10 0.296875 0.500000 0.093750 0.046875
18 0.585938 0.486328 0.070312 0.027344
11 0.796875 0.406250 0.046875 0.125000
12 0.941406 0.593750 0.046875 0.156250
11 0.804688 0.578125 0.039062 0.140625
12 0.921875 0.406250 0.031250 0.156250
19 0.759766 0.531250 0.019531 0.046875
18 0.826172 0.492188 0.339844 0.023438
22 0.062500 0.494141 0.093750 0.089844
22 0.439453 0.480469 0.074219 0.101562
22 0.845703 0.419922 0.058594 0.066406
22 0.855469 0.591797 0.062500 0.074219
28 0.496094 0.525391 0.046875 0.058594
28 0.890625 0.441406 0.039062 0.046875
28 0.906250 0.617188 0.039062 0.046875
28 0.128906 0.533203 0.046875 0.066406
