9 0.123047 0.408203 0.113281 0.152344
3 0.216797 0.306641 0.066406 0.113281
18 0.431641 0.509766 0.128906 0.035156
2 0.201172 0.562500 0.058594 0.062500
1 0.107422 0.656250 0.128906 0.187500
11 0.582031 0.517578 0.101562 0.496094
18 0.171875 0.515625 0.312500 0.031250
18 0.716797 0.515625 0.183594 0.031250
1 0.716797 0.404297 0.128906 0.152344
9 0.710938 0.636719 0.117188 0.117188
12 0.845703 0.511719 0.066406 0.484375
18 0.902344 0.296875 0.039062 0.031250
3 0.953125 0.281250 0.062500 0.109375
