10 0.691406 0.482422 0.054688 0.042969
18 0.343750 0.587891 0.093750 0.035156
9 0.333984 0.439453 0.082031 0.089844
17 0.056641 0.753906 0.042969 0.078125
0 0.156250 0.250000 0.046875 0.093750
3 0.869141 0.386719 0.050781 0.093750
4 0.890625 0.593750 0.125000 0.093750
9 0.281250 0.558594 0.046875 0.046875
9 0.607422 0.498047 0.066406 0.097656
0 0.808594 0.556641 0.062500 0.105469
2 0.390625 0.390625 0.031250 0.078125
18 0.845703 0.498047 0.253906 0.035156
18 0.310547 0.509766 0.277344 0.035156
0 0.439453 0.552734 0.074219 0.113281
