0 0.332031 0.507812 0.093750 0.164062
18 0.236328 0.527344 0.066406 0.031250
11 0.597656 0.484375 0.046875 0.171875
1 0.744141 0.423828 0.074219 0.074219
0 0.890625 0.484375 0.078125 0.171875
18 0.810547 0.498047 0.066406 0.035156
11 0.027344 0.515625 0.046875 0.171875
3 0.156250 0.447266 0.062500 0.089844
12 0.404297 0.509766 0.066406 0.214844
12 0.966797 0.484375 0.066406 0.234375
29 0.107422 0.548828 0.121094 0.160156
29 0.687500 0.539062 0.132812 0.140625
26 0.500000 0.490234 0.085938 0.214844
