11 0.029297 0.498047 0.050781 0.097656
18 0.140625 0.501953 0.031250 0.027344
2 0.183594 0.500000 0.046875 0.078125
11 0.263672 0.501953 0.035156 0.136719
20 0.369141 0.500000 0.058594 0.062500
2 0.421875 0.498047 0.062500 0.097656
20 0.511719 0.501953 0.054688 0.058594
11 0.638672 0.484375 0.035156 0.140625
20 0.734375 0.482422 0.046875 0.042969
2 0.781250 0.478516 0.062500 0.097656
10 0.890625 0.500000 0.062500 0.046875
17 0.953125 0.484375 0.062500 0.109375
12 0.464844 0.498047 0.039062 0.128906
12 0.835938 0.484375 0.039062 0.156250
12 0.218750 0.494141 0.031250 0.121094
29 0.080078 0.529297 0.050781 0.089844
29 0.310547 0.525391 0.050781 0.105469
29 0.578125 0.517578 0.062500 0.113281
29 0.683594 0.515625 0.054688 0.109375
