12 0.156250 0.500000 0.031250 0.109375
21 0.187500 0.500000 0.031250 0.031250
12 0.398438 0.500000 0.039062 0.125000
10 0.449219 0.500000 0.054688 0.046875
11 0.513672 0.492188 0.035156 0.117188
9 0.560547 0.494141 0.050781 0.089844
20 0.607422 0.492188 0.042969 0.062500
0 0.650391 0.482422 0.035156 0.097656
1 0.777344 0.484375 0.046875 0.078125
9 0.824219 0.496094 0.054688 0.054688
18 0.875000 0.484375 0.046875 0.031250
2 0.921875 0.470703 0.046875 0.082031
11 0.074219 0.500000 0.031250 0.093750
9 0.109375 0.500000 0.046875 0.062500
11 0.296875 0.498047 0.031250 0.113281
9 0.337891 0.500000 0.082031 0.093750
12 0.689453 0.480469 0.035156 0.125000
11 0.740234 0.492188 0.042969 0.132812
12 0.968750 0.482422 0.046875 0.152344
