9 0.187500 0.453125 0.062500 0.062500
18 0.248047 0.449219 0.035156 0.039062
2 0.296875 0.447266 0.062500 0.082031
1 0.250000 0.562500 0.078125 0.078125
18 0.242188 0.509766 0.171875 0.035156
20 0.404297 0.515625 0.082031 0.093750
1 0.492188 0.484375 0.062500 0.109375
0 0.546875 0.492188 0.062500 0.109375
9 0.609375 0.417969 0.046875 0.054688
10 0.687500 0.494141 0.078125 0.042969
12 0.968750 0.468750 0.031250 0.125000
9 0.906250 0.468750 0.093750 0.078125
11 0.859375 0.468750 0.031250 0.109375
