11 0.107422 0.511719 0.066406 0.195312
19 0.234375 0.562500 0.031250 0.062500
19 0.343750 0.556641 0.031250 0.058594
12 0.480469 0.496094 0.062500 0.195312
10 0.572266 0.511719 0.089844 0.046875
18 0.708984 0.503906 0.066406 0.023438
18 0.869141 0.511719 0.238281 0.031250
20 0.859375 0.566406 0.046875 0.054688
22 0.173828 0.523438 0.066406 0.085938
22 0.794922 0.576172 0.058594 0.074219
23 0.306641 0.500000 0.058594 0.125000
23 0.873047 0.437500 0.066406 0.125000
24 0.419922 0.515625 0.066406 0.078125
24 0.941406 0.566406 0.070312 0.062500
28 0.810547 0.455078 0.066406 0.082031
