11 0.121094 0.421875 0.031250 0.140625
12 0.212891 0.433594 0.035156 0.132812
10 0.306641 0.525391 0.058594 0.035156
18 0.126953 0.527344 0.246094 0.023438
11 0.138672 0.591797 0.035156 0.097656
12 0.234375 0.589844 0.031250 0.093750
11 0.515625 0.423828 0.031250 0.128906
12 0.607422 0.431641 0.035156 0.128906
18 0.687500 0.429688 0.062500 0.031250
11 0.833984 0.427734 0.050781 0.128906
12 0.929688 0.425781 0.031250 0.132812
11 0.527344 0.593750 0.039062 0.109375
12 0.634766 0.591797 0.035156 0.105469
18 0.707031 0.595703 0.054688 0.027344
11 0.859375 0.578125 0.046875 0.109375
19 0.091797 0.562500 0.042969 0.046875
19 0.107422 0.328125 0.027344 0.062500
12 0.951172 0.582031 0.042969 0.117188
24 0.158203 0.427734 0.050781 0.066406
24 0.179688 0.591797 0.046875 0.058594
23 0.564453 0.429688 0.050781 0.117188
23 0.585938 0.587891 0.062500 0.097656
22 0.880859 0.431641 0.058594 0.066406
22 0.910156 0.583984 0.054688 0.066406
18 0.707031 0.515625 0.554688 0.039062
