11 0.048828 0.486328 0.066406 0.183594
3 0.187500 0.437500 0.046875 0.078125
18 0.236328 0.492188 0.066406 0.023438
0 0.312500 0.486328 0.062500 0.121094
12 0.384766 0.484375 0.050781 0.203125
11 0.617188 0.486328 0.062500 0.199219
1 0.763672 0.417969 0.050781 0.062500
18 0.806641 0.494141 0.074219 0.027344
0 0.892578 0.484375 0.058594 0.156250
12 0.964844 0.496094 0.046875 0.250000
29 0.136719 0.525391 0.078125 0.144531
29 0.701172 0.533203 0.074219 0.175781
26 0.496094 0.492188 0.148438 0.218750
