12 0.148438 0.496094 0.023438 0.078125
10 0.187500 0.500000 0.046875 0.046875
2 0.248047 0.496094 0.058594 0.085938
21 0.281250 0.494141 0.015625 0.027344
11 0.322266 0.494141 0.035156 0.105469
18 0.398438 0.494141 0.039062 0.027344
12 0.480469 0.484375 0.031250 0.109375
21 0.509766 0.484375 0.019531 0.031250
18 0.640625 0.498047 0.046875 0.027344
12 0.732422 0.480469 0.027344 0.109375
21 0.750000 0.484375 0.015625 0.031250
18 0.888672 0.496094 0.042969 0.031250
11 0.078125 0.500000 0.031250 0.078125
11 0.556641 0.490234 0.050781 0.113281
11 0.794922 0.488281 0.035156 0.101562
12 0.968750 0.484375 0.031250 0.109375
22 0.439453 0.498047 0.042969 0.050781
23 0.687500 0.480469 0.039062 0.085938
24 0.939453 0.490234 0.050781 0.050781
