20 0.167969 0.515625 0.054688 0.046875
11 0.042969 0.513672 0.054688 0.152344
1 0.326172 0.435547 0.042969 0.050781
10 0.398438 0.509766 0.070312 0.042969
1 0.527344 0.466797 0.039062 0.050781
20 0.591797 0.509766 0.050781 0.050781
1 0.664062 0.492188 0.062500 0.085938
20 0.843750 0.500000 0.062500 0.062500
1 0.964844 0.433594 0.039062 0.054688
12 0.283203 0.501953 0.035156 0.144531
22 0.093750 0.527344 0.054688 0.062500
23 0.238281 0.509766 0.046875 0.105469
22 0.500000 0.521484 0.062500 0.066406
22 0.720703 0.511719 0.050781 0.054688
23 0.773438 0.490234 0.039062 0.097656
23 0.935547 0.488281 0.058594 0.101562
