18 0.060150 0.668478 0.048872 0.163043
2 0.145677 0.630435 0.046992 0.391304
5 0.196429 0.597826 0.046992 0.434783
9 0.283835 0.652174 0.067669 0.326087
2 0.331767 0.418478 0.035714 0.271739
10 0.395677 0.619565 0.043233 0.195652
2 0.496241 0.565217 0.048872 0.369565
6 0.542293 0.538043 0.050752 0.358696
29 0.609023 0.679348 0.045113 0.489130
3 0.660714 0.320652 0.031955 0.293478
20 0.718985 0.510870 0.050752 0.260870
4 0.793233 0.461957 0.067669 0.423913
10 0.862782 0.581522 0.045113 0.206522
17 0.925752 0.489130 0.058271 0.413043
