1 0.245155 0.175676 0.036822 0.324324
1 0.458333 0.162162 0.029070 0.297297
20 0.500969 0.317568 0.029070 0.256757
0 0.531008 0.229730 0.019380 0.351351
11 0.626938 0.256757 0.029070 0.486486
9 0.687016 0.310811 0.048450 0.270270
2 0.718023 0.162162 0.025194 0.243243
20 0.754845 0.283784 0.036822 0.243243
0 0.800388 0.229730 0.023256 0.405405
12 0.835271 0.222973 0.027132 0.418919
10 0.920543 0.310811 0.034884 0.189189
17 0.971899 0.175676 0.032946 0.324324
13 0.030039 0.587838 0.036822 0.716216
0 0.067829 0.479730 0.027132 0.310811
6 0.100775 0.452703 0.034884 0.337838
4 0.155039 0.398649 0.046512 0.391892
29 0.202519 0.533784 0.040698 0.500000
20 0.296512 0.337838 0.027132 0.297297
15 0.360465 0.317568 0.042636 0.418919
29 0.413760 0.479730 0.048450 0.554054
16 0.575581 0.283784 0.027132 0.432432
14 0.868217 0.310811 0.038760 0.594595
