2 0.063063 0.436364 0.054054 0.345455
19 0.100225 0.522727 0.020270 0.172727
4 0.166667 0.395455 0.063063 0.336364
20 0.240991 0.436364 0.036036 0.236364
19 0.367117 0.563636 0.027027 0.163636
10 0.586712 0.490909 0.060811 0.163636
2 0.702703 0.445455 0.063063 0.254545
19 0.734234 0.554545 0.018018 0.163636
1 0.920045 0.277273 0.051802 0.209091
8 0.311937 0.404545 0.047297 0.318182
6 0.415541 0.427273 0.051802 0.309091
29 0.490991 0.545455 0.058559 0.381818
4 0.782658 0.413636 0.065315 0.318182
29 0.847973 0.545455 0.060811 0.381818
