18 0.108108 0.604478 0.036036 0.134328
2 0.201802 0.395522 0.021622 0.313433
10 0.254955 0.641791 0.030631 0.238806
2 0.400000 0.447761 0.032432 0.268657
18 0.430631 0.626866 0.036036 0.119403
2 0.491892 0.604478 0.039640 0.373134
1 0.567568 0.410448 0.028829 0.283582
20 0.663063 0.686567 0.028829 0.298507
2 0.727928 0.589552 0.039640 0.432836
1 0.826126 0.350746 0.023423 0.253731
18 0.869369 0.597015 0.030631 0.149254
11 0.041441 0.514925 0.025225 0.582090
22 0.064865 0.611940 0.039640 0.268657
23 0.143243 0.544776 0.030631 0.402985
12 0.177477 0.514925 0.027027 0.462687
22 0.351351 0.671642 0.036036 0.328358
22 0.528829 0.619403 0.030631 0.313433
23 0.605405 0.544776 0.039640 0.492537
22 0.769369 0.626866 0.032432 0.298507
23 0.805405 0.507463 0.028829 0.507463
23 0.920721 0.507463 0.028829 0.477612
2 0.955856 0.268657 0.030631 0.298507
