2 0.068224 0.298851 0.031776 0.229885
18 0.112150 0.494253 0.029907 0.091954
2 0.202804 0.298851 0.028037 0.252874
10 0.257944 0.551724 0.041121 0.206897
11 0.316822 0.482759 0.031776 0.551724
18 0.412150 0.568966 0.031776 0.149425
11 0.554206 0.454023 0.028037 0.609195
1 0.618692 0.379310 0.033645 0.275862
20 0.661682 0.528736 0.026168 0.298851
20 0.828972 0.540230 0.028037 0.344828
1 0.927103 0.367816 0.029907 0.252874
22 0.038318 0.517241 0.039252 0.229885
23 0.166355 0.448276 0.037383 0.367816
22 0.351402 0.574713 0.037383 0.229885
23 0.447664 0.500000 0.039252 0.402299
12 0.499065 0.505747 0.041121 0.574713
22 0.584112 0.574713 0.039252 0.229885
22 0.739252 0.591954 0.046729 0.241379
23 0.784112 0.500000 0.035514 0.402299
23 0.889720 0.522989 0.041121 0.425287
12 0.961682 0.551724 0.050467 0.597701
