2 0.070740 0.364130 0.025723 0.271739
18 0.106913 0.532609 0.030547 0.108696
2 0.189711 0.342391 0.025723 0.271739
10 0.241158 0.608696 0.032154 0.217391
11 0.357717 0.532609 0.036977 0.565217
18 0.450965 0.554348 0.027331 0.152174
11 0.573151 0.532609 0.036977 0.847826
18 0.683280 0.543478 0.028939 0.108696
12 0.737138 0.532609 0.020900 0.456522
1 0.770096 0.282609 0.032154 0.239130
20 0.820740 0.581522 0.027331 0.250000
2 0.864952 0.559783 0.032154 0.358696
22 0.039389 0.554348 0.036977 0.260870
23 0.151929 0.456522 0.030547 0.413043
22 0.398714 0.570652 0.038585 0.271739
23 0.491158 0.483696 0.030547 0.402174
12 0.519293 0.510870 0.028939 0.500000
11 0.613344 0.505435 0.024116 0.489130
22 0.631833 0.559783 0.038585 0.293478
23 0.716238 0.527174 0.033762 0.402174
22 0.898714 0.592391 0.032154 0.228261
23 0.934084 0.543478 0.025723 0.391304
12 0.975884 0.614130 0.038585 0.706522
