1 0.090000 0.489796 0.032500 0.244898
1 0.229375 0.397959 0.023750 0.265306
1 0.383125 0.372449 0.031250 0.255102
20 0.426250 0.474490 0.022500 0.255102
1 0.666875 0.346939 0.026250 0.387755
1 0.888125 0.178571 0.036250 0.336735
22 0.050000 0.688776 0.037500 0.295918
22 0.521875 0.459184 0.031250 0.265306
20 0.124375 0.607143 0.023750 0.275510
20 0.277500 0.551020 0.030000 0.244898
18 0.617500 0.443878 0.025000 0.132653
18 0.825625 0.275510 0.026250 0.163265
22 0.916875 0.234694 0.031250 0.265306
24 0.956875 0.193878 0.041250 0.265306
24 0.761250 0.352041 0.037500 0.295918
24 0.344375 0.505102 0.031250 0.255102
23 0.191875 0.576531 0.026250 0.418367
1 0.481875 0.397959 0.036250 0.387755
23 0.560625 0.362245 0.036250 0.397959
23 0.711250 0.270408 0.032500 0.397959
