11 0.025769 0.490099 0.015371 0.485149
20 0.068264 0.500000 0.017179 0.227723
12 0.134268 0.425743 0.017179 0.475248
10 0.209765 0.450495 0.019892 0.227723
20 0.546112 0.356436 0.016275 0.237624
1 0.632911 0.217822 0.016275 0.198020
1 0.690325 0.173267 0.013562 0.188119
20 0.723327 0.351485 0.014467 0.227723
2 0.860307 0.138614 0.017179 0.217822
20 0.900995 0.287129 0.018987 0.178218
9 0.041591 0.514851 0.027125 0.237624
3 0.153707 0.262376 0.018083 0.267327
3 0.310579 0.277228 0.017179 0.257426
3 0.415009 0.272277 0.023508 0.346535
3 0.773056 0.282178 0.019892 0.306931
3 0.971519 0.178218 0.015371 0.277228
29 0.104882 0.599010 0.019892 0.564356
9 0.287071 0.440594 0.026221 0.267327
20 0.360759 0.371287 0.018083 0.247525
9 0.450271 0.366337 0.025316 0.237624
2 0.474231 0.158416 0.017179 0.217822
29 0.504521 0.450495 0.023508 0.445545
29 0.661392 0.460396 0.022604 0.425743
5 0.579114 0.287129 0.022604 0.396040
9 0.611664 0.391089 0.022604 0.247525
9 0.806962 0.321782 0.022604 0.227723
29 0.839512 0.410891 0.018987 0.405941
29 0.942134 0.415842 0.025316 0.435644
