11 0.010204 0.370079 0.018465 0.377953
9 0.034014 0.374016 0.029155 0.165354
20 0.066569 0.350394 0.016521 0.165354
12 0.119534 0.350394 0.017493 0.338583
10 0.165209 0.405512 0.021380 0.149606
3 0.350826 0.413386 0.013605 0.165354
20 0.419825 0.503937 0.013605 0.141732
17 0.464529 0.496063 0.019436 0.220472
2 0.505831 0.421260 0.010690 0.149606
2 0.555394 0.421260 0.016521 0.149606
20 0.600097 0.511811 0.012634 0.141732
2 0.688047 0.405512 0.011662 0.165354
2 0.732750 0.417323 0.019436 0.157480
20 0.762877 0.519685 0.015549 0.141732
29 0.092323 0.429134 0.019436 0.354331
4 0.148202 0.161417 0.018465 0.165354
4 0.241983 0.287402 0.015549 0.181102
9 0.218659 0.393701 0.031098 0.204724
20 0.268222 0.440945 0.017493 0.141732
4 0.309524 0.444882 0.028183 0.244094
9 0.336735 0.503937 0.024295 0.157480
29 0.378523 0.606299 0.016521 0.346457
0 0.449466 0.496063 0.006803 0.204724
9 0.491740 0.523622 0.021380 0.181102
29 0.533042 0.590551 0.020408 0.314961
0 0.622935 0.511811 0.015549 0.173228
17 0.637998 0.484252 0.018465 0.212598
9 0.663751 0.547244 0.023324 0.149606
29 0.709427 0.590551 0.021380 0.314961
4 0.799806 0.468504 0.027211 0.228346
9 0.826531 0.488189 0.022352 0.157480
29 0.850826 0.574803 0.018465 0.377953
29 0.944121 0.535433 0.022352 0.362205
3 0.874150 0.385827 0.014577 0.173228
20 0.911565 0.437008 0.015549 0.165354
4 0.974733 0.330709 0.027211 0.220472
