2 0.190815 0.412621 0.021992 0.223301
20 0.234799 0.601942 0.029754 0.291262
2 0.369340 0.417476 0.021992 0.233010
20 0.419793 0.548544 0.021992 0.262136
7 0.472186 0.485437 0.025873 0.330097
2 0.702458 0.364078 0.015524 0.203883
18 0.747089 0.519417 0.024580 0.087379
7 0.796895 0.441748 0.028461 0.300971
10 0.905563 0.509709 0.028461 0.165049
17 0.940492 0.412621 0.028461 0.339806
2 0.034929 0.572816 0.033635 0.368932
6 0.076326 0.548544 0.033635 0.320388
4 0.115783 0.533981 0.037516 0.349515
29 0.157180 0.640777 0.034929 0.407767
6 0.295602 0.577670 0.037516 0.339806
9 0.340880 0.587379 0.037516 0.262136
29 0.523933 0.626214 0.033635 0.359223
3 0.555627 0.407767 0.019405 0.194175
20 0.597025 0.533981 0.021992 0.233010
6 0.642950 0.495146 0.038810 0.291262
22 0.681113 0.533981 0.032342 0.233010
23 0.836999 0.432039 0.033635 0.398058
6 0.868047 0.218447 0.031048 0.203883
