8 0.171576 0.530303 0.030928 0.313131
19 0.211340 0.712121 0.019146 0.191919
17 0.254786 0.535354 0.026510 0.303030
3 0.418999 0.398990 0.025037 0.272727
4 0.564065 0.494949 0.047128 0.404040
1 0.680412 0.409091 0.029455 0.212121
20 0.721649 0.535354 0.026510 0.222222
5 0.768041 0.464646 0.033873 0.323232
10 0.909426 0.510101 0.030928 0.131313
6 0.064801 0.580808 0.055965 0.313131
6 0.128130 0.545455 0.047128 0.303030
0 0.284978 0.500000 0.019146 0.292929
1 0.318115 0.510101 0.050074 0.353535
29 0.385125 0.651515 0.042710 0.414141
20 0.482327 0.565657 0.025037 0.262626
27 0.622975 0.585859 0.058910 0.222222
28 0.827688 0.510101 0.050074 0.212121
17 0.963918 0.398990 0.042710 0.333333
