1 0.062615 0.632450 0.047882 0.218543
8 0.361878 0.387417 0.034991 0.218543
10 0.465930 0.572848 0.051565 0.139073
8 0.601289 0.509934 0.031308 0.198675
19 0.702578 0.599338 0.020258 0.139073
4 0.788214 0.456954 0.047882 0.238411
21 0.838858 0.506623 0.020258 0.086093
0 0.890424 0.473510 0.023941 0.205298
4 0.927256 0.460265 0.042357 0.231788
8 0.113260 0.612583 0.038674 0.205298
8 0.155617 0.599338 0.038674 0.231788
6 0.211786 0.589404 0.051565 0.211921
28 0.313076 0.615894 0.062615 0.145695
0 0.573665 0.536424 0.020258 0.185430
8 0.635359 0.483444 0.029466 0.198675
8 0.667587 0.470199 0.034991 0.198675
0 0.746777 0.466887 0.023941 0.178808
29 0.961326 0.572848 0.051565 0.245033
