2 0.057169 0.420168 0.056261 0.319328
2 0.117060 0.399160 0.045372 0.344538
2 0.177858 0.369748 0.054446 0.302521
21 0.245917 0.491597 0.027223 0.109244
3 0.318512 0.424370 0.045372 0.294118
3 0.378403 0.407563 0.041742 0.310924
3 0.433757 0.403361 0.043557 0.285714
21 0.487296 0.487395 0.016334 0.117647
6 0.588022 0.432773 0.058076 0.327731
6 0.655172 0.432773 0.050817 0.327731
6 0.714156 0.407563 0.049002 0.327731
1 0.820327 0.449580 0.061706 0.327731
10 0.892015 0.542017 0.045372 0.193277
2 0.945554 0.483193 0.047187 0.344538
25 0.767695 0.457983 0.018149 0.210084
