2 0.050186 0.556701 0.040892 0.371134
6 0.087361 0.536082 0.033457 0.329897
5 0.129182 0.530928 0.042751 0.360825
2 0.247212 0.376289 0.040892 0.278351
20 0.325279 0.556701 0.037175 0.247423
1 0.503717 0.525773 0.059480 0.371134
10 0.654275 0.567010 0.040892 0.226804
4 0.856877 0.417526 0.044610 0.360825
9 0.907993 0.453608 0.046468 0.268041
1 0.955390 0.278351 0.037175 0.226804
29 0.204461 0.706186 0.055762 0.443299
29 0.582714 0.659794 0.042751 0.453608
0 0.405204 0.500000 0.029740 0.298969
26 0.453532 0.500000 0.040892 0.360825
5 0.730483 0.443299 0.040892 0.371134
25 0.783457 0.494845 0.027881 0.206186
