11 0.023747 0.480469 0.021108 0.429688
20 0.115215 0.484375 0.019349 0.218750
11 0.218997 0.402344 0.017590 0.476562
2 0.251539 0.433594 0.022867 0.304688
20 0.315743 0.464844 0.015831 0.226562
10 0.409411 0.476562 0.020229 0.203125
9 0.498681 0.429688 0.028144 0.234375
20 0.568162 0.445312 0.017590 0.234375
2 0.607740 0.378906 0.021108 0.304688
9 0.678540 0.398438 0.029024 0.171875
20 0.711082 0.359375 0.020229 0.187500
4 0.742304 0.343750 0.026385 0.281250
21 0.762973 0.410156 0.011434 0.070312
2 0.785400 0.351562 0.021108 0.265625
20 0.866755 0.417969 0.018470 0.226562
4 0.913369 0.351562 0.025506 0.296875
2 0.050572 0.476562 0.023747 0.328125
9 0.079595 0.519531 0.034301 0.210938
4 0.160070 0.421875 0.031662 0.296875
12 0.188215 0.406250 0.024626 0.484375
29 0.280123 0.578125 0.023747 0.421875
5 0.344327 0.402344 0.029024 0.398438
12 0.368514 0.371094 0.024626 0.601562
8 0.461741 0.398438 0.022867 0.375000
29 0.532542 0.507812 0.029024 0.421875
21 0.625330 0.472656 0.010554 0.101562
5 0.642480 0.343750 0.020229 0.296875
29 0.805629 0.480469 0.024626 0.351562
5 0.951187 0.335938 0.025506 0.265625
21 0.933597 0.425781 0.011434 0.101562
