2 0.038697 0.546154 0.040733 0.476923
20 0.450102 0.492308 0.028513 0.307692
10 0.881874 0.446154 0.044807 0.307692
2 0.968432 0.392308 0.054990 0.507692
1 0.085540 0.515385 0.044807 0.507692
0 0.138493 0.438462 0.024440 0.507692
20 0.190428 0.469231 0.030550 0.353846
4 0.252546 0.392308 0.065173 0.569231
15 0.325866 0.446154 0.036660 0.646154
29 0.387984 0.638462 0.038697 0.630769
0 0.492872 0.469231 0.024440 0.415385
16 0.536660 0.469231 0.034623 0.692308
13 0.588595 0.415385 0.040733 0.800000
14 0.813646 0.438462 0.034623 0.753846
1 0.637475 0.392308 0.052953 0.446154
2 0.749491 0.492308 0.048880 0.400000
26 0.693483 0.469231 0.042770 0.384615
