9 0.086066 0.693694 0.065574 0.252252
18 0.215164 0.666667 0.040984 0.072072
9 0.353484 0.527027 0.043033 0.171171
20 0.415984 0.644144 0.032787 0.207207
20 0.595287 0.572072 0.030738 0.189189
10 0.789959 0.563063 0.043033 0.135135
29 0.143443 0.540541 0.040984 0.270270
29 0.305328 0.752252 0.040984 0.351351
22 0.509221 0.599099 0.047131 0.153153
23 0.540984 0.418919 0.028689 0.243243
24 0.675205 0.572072 0.043033 0.207207
29 0.943648 0.617117 0.055328 0.387387
4 0.877049 0.441441 0.057377 0.270270
