2 0.058036 0.320833 0.035714 0.208333
18 0.164062 0.470833 0.292411 0.141667
2 0.088170 0.766667 0.042411 0.233333
1 0.095982 0.295833 0.035714 0.225000
1 0.143973 0.762500 0.051339 0.241667
9 0.212054 0.791667 0.062500 0.200000
1 0.234375 0.183333 0.026786 0.150000
2 0.251116 0.662500 0.033482 0.175000
18 0.387277 0.433333 0.055804 0.083333
18 0.549107 0.487500 0.191964 0.091667
4 0.505580 0.300000 0.051339 0.216667
1 0.552455 0.304167 0.051339 0.241667
2 0.572545 0.650000 0.037946 0.200000
20 0.696429 0.500000 0.035714 0.166667
4 0.774554 0.450000 0.058036 0.266667
10 0.844866 0.495833 0.046875 0.125000
5 0.045759 0.754167 0.037946 0.241667
0 0.143973 0.279167 0.024554 0.208333
29 0.194196 0.333333 0.040179 0.233333
0 0.606027 0.270833 0.029018 0.241667
29 0.525670 0.829167 0.051339 0.275000
27 0.948661 0.462500 0.089286 0.141667
