5 0.114967 0.633333 0.052061 0.333333
5 0.174620 0.614286 0.045553 0.352381
5 0.298265 0.585714 0.045553 0.276190
8 0.537961 0.547619 0.043384 0.333333
19 0.669197 0.671429 0.019523 0.142857
4 0.738612 0.523810 0.058568 0.342857
10 0.791757 0.604762 0.052061 0.180952
2 0.870933 0.542857 0.054230 0.304762
2 0.969631 0.404762 0.043384 0.200000
5 0.056399 0.647619 0.052061 0.285714
5 0.228850 0.609524 0.041215 0.285714
8 0.364425 0.585714 0.039046 0.314286
8 0.424078 0.547619 0.041215 0.276190
8 0.479393 0.547619 0.047722 0.295238
6 0.610629 0.528571 0.054230 0.314286
9 0.926247 0.585714 0.052061 0.200000
