1 0.056982 0.458333 0.024077 0.270833
1 0.129213 0.421875 0.020867 0.218750
1 0.204655 0.447917 0.024077 0.208333
18 0.257624 0.609375 0.033708 0.114583
2 0.358748 0.390625 0.027287 0.260417
18 0.398074 0.593750 0.038523 0.125000
2 0.501605 0.369792 0.024077 0.302083
10 0.559390 0.578125 0.033708 0.239583
11 0.605136 0.442708 0.032103 0.510417
1 0.764045 0.239583 0.025682 0.187500
18 0.776886 0.500000 0.019262 0.125000
11 0.806581 0.437500 0.020867 0.437500
2 0.934189 0.260417 0.025682 0.229167
22 0.029695 0.682292 0.036918 0.239583
22 0.326645 0.614583 0.049759 0.250000
22 0.633226 0.546875 0.036918 0.239583
22 0.831461 0.484375 0.028892 0.218750
2 0.853130 0.359375 0.020867 0.218750
20 0.870787 0.494792 0.020867 0.156250
23 0.901284 0.411458 0.027287 0.343750
12 0.962279 0.380208 0.033708 0.510417
12 0.734350 0.463542 0.033708 0.447917
23 0.669342 0.453125 0.032103 0.385417
24 0.705457 0.515625 0.033708 0.239583
23 0.455056 0.510417 0.033708 0.416667
23 0.099518 0.593750 0.028892 0.375000
24 0.167737 0.666667 0.030498 0.250000
