2 0.086735 0.353261 0.023810 0.228261
1 0.171769 0.304348 0.030612 0.304348
20 0.229592 0.548913 0.030612 0.293478
1 0.431973 0.250000 0.037415 0.282609
10 0.579932 0.516304 0.037415 0.184783
2 0.664116 0.375000 0.035714 0.336957
4 0.748299 0.320652 0.054422 0.423913
24 0.054422 0.608696 0.047619 0.326087
24 0.296769 0.538043 0.042517 0.315217
24 0.960034 0.440217 0.042517 0.293478
5 0.701531 0.358696 0.032313 0.326087
4 0.829082 0.353261 0.052721 0.380435
22 0.877551 0.434783 0.040816 0.260870
23 0.918367 0.353261 0.030612 0.358696
19 0.778061 0.608696 0.022109 0.217391
23 0.136054 0.500000 0.040816 0.413043
27 0.384354 0.538043 0.057823 0.228261
28 0.475340 0.505435 0.045918 0.206522
0 0.514456 0.266304 0.018707 0.206522
0 0.534864 0.217391 0.015306 0.195652
8 0.327381 0.320652 0.025510 0.250000
