6 0.107073 0.505376 0.041257 0.301075
11 0.204322 0.467742 0.027505 0.440860
18 0.300589 0.451613 0.031434 0.129032
11 0.421415 0.408602 0.029470 0.451613
20 0.511788 0.451613 0.029470 0.236559
2 0.610020 0.263441 0.025540 0.247312
18 0.852652 0.354839 0.043222 0.129032
4 0.897839 0.349462 0.043222 0.311828
9 0.928291 0.392473 0.037328 0.204301
15 0.050098 0.510753 0.041257 0.462366
4 0.156189 0.456989 0.053045 0.311828
9 0.254420 0.478495 0.053045 0.247312
29 0.344794 0.559140 0.037328 0.387097
12 0.379175 0.473118 0.039293 0.537634
29 0.464637 0.521505 0.033399 0.419355
29 0.564833 0.543011 0.037328 0.440860
12 0.651277 0.370968 0.053045 0.548387
16 0.705305 0.360215 0.035363 0.569892
11 0.752456 0.365591 0.035363 0.408602
5 0.797642 0.354839 0.039293 0.365591
12 0.957760 0.349462 0.041257 0.483871
