8 0.084211 0.441667 0.031579 0.383333
2 0.246053 0.250000 0.039474 0.266667
18 0.298684 0.458333 0.055263 0.116667
2 0.385526 0.433333 0.050000 0.400000
1 0.434211 0.425000 0.042105 0.416667
6 0.568421 0.258333 0.042105 0.283333
10 0.775000 0.475000 0.039474 0.283333
6 0.039474 0.441667 0.042105 0.383333
6 0.139474 0.408333 0.052632 0.316667
29 0.202632 0.583333 0.047368 0.400000
27 0.507895 0.475000 0.073684 0.250000
18 0.638158 0.458333 0.039474 0.183333
24 0.696053 0.450000 0.050000 0.266667
6 0.865789 0.408333 0.047368 0.383333
29 0.919737 0.591667 0.044737 0.516667
2 0.961842 0.283333 0.039474 0.266667
