18 0.084081 0.500000 0.132287 0.212766
1 0.070628 0.734043 0.069507 0.234043
18 0.326233 0.489362 0.114350 0.148936
2 0.320628 0.707447 0.062780 0.287234
20 0.450673 0.425532 0.044843 0.212766
0 0.544843 0.425532 0.026906 0.255319
1 0.643498 0.468085 0.062780 0.297872
10 0.745516 0.515957 0.047085 0.159574
1 0.939462 0.425532 0.058296 0.255319
27 0.087444 0.345745 0.098655 0.180851
28 0.326233 0.324468 0.056054 0.180851
20 0.200673 0.489362 0.038117 0.212766
26 0.585202 0.452128 0.044843 0.287234
2 0.848655 0.425532 0.047085 0.276596
25 0.892377 0.457447 0.022422 0.212766
