0 0.044597 0.628788 0.013722 0.378788
18 0.086621 0.590909 0.032590 0.181818
1 0.128645 0.568182 0.037736 0.348485
20 0.172384 0.583333 0.018868 0.227273
2 0.295026 0.606061 0.027444 0.363636
4 0.395369 0.545455 0.046312 0.393939
3 0.481990 0.537879 0.027444 0.469697
18 0.543739 0.537879 0.030875 0.166667
20 0.661235 0.537879 0.029160 0.318182
18 0.755575 0.537879 0.029160 0.166667
20 0.844768 0.477273 0.025729 0.348485
10 0.903945 0.477273 0.027444 0.227273
17 0.957976 0.378788 0.039451 0.424242
0 0.198971 0.553030 0.020583 0.318182
26 0.249571 0.553030 0.036021 0.409091
21 0.339623 0.651515 0.020583 0.242424
25 0.432247 0.568182 0.017153 0.227273
8 0.596913 0.575758 0.037736 0.575758
7 0.701544 0.507576 0.034305 0.500000
6 0.787307 0.507576 0.037736 0.469697
5 0.876501 0.401515 0.030875 0.469697
0 0.933105 0.386364 0.013722 0.378788
