18 0.129032 0.346154 0.030560 0.064103
8 0.173175 0.282051 0.030560 0.230769
20 0.246180 0.528846 0.044143 0.173077
18 0.412564 0.246795 0.033956 0.070513
1 0.467742 0.201923 0.045840 0.185897
6 0.467742 0.214744 0.042445 0.211538
18 0.533107 0.435897 0.050934 0.076923
10 0.780985 0.448718 0.050934 0.166667
1 0.869270 0.371795 0.054329 0.307692
27 0.073005 0.538462 0.071307 0.166667
28 0.361630 0.503205 0.064516 0.173077
28 0.692699 0.243590 0.047538 0.153846
29 0.614601 0.538462 0.061121 0.358974
29 0.933786 0.516026 0.064516 0.391026
