9 0.123924 0.511111 0.051635 0.237037
18 0.185026 0.462963 0.043029 0.111111
11 0.381239 0.481481 0.039587 0.385185
18 0.557659 0.474074 0.051635 0.088889
12 0.754733 0.474074 0.043029 0.429630
10 0.835628 0.522222 0.053356 0.170370
2 0.934596 0.474074 0.061962 0.251852
13 0.046472 0.514815 0.037866 0.540741
14 0.308950 0.518519 0.032702 0.548148
29 0.250430 0.574074 0.043029 0.362963
9 0.450086 0.500000 0.060241 0.229630
29 0.498279 0.344444 0.032702 0.244444
29 0.639415 0.614815 0.036145 0.385185
28 0.698795 0.377778 0.051635 0.133333
