1 0.055659 0.773973 0.051948 0.260274
18 0.115955 0.530822 0.168831 0.130137
3 0.076994 0.352740 0.038961 0.212329
4 0.151206 0.294521 0.053803 0.246575
2 0.152134 0.702055 0.040816 0.171233
18 0.281076 0.496575 0.057514 0.061644
1 0.371058 0.431507 0.059369 0.232877
9 0.443414 0.441781 0.066790 0.171233
2 0.496289 0.321918 0.031540 0.136986
6 0.584416 0.270548 0.044527 0.171233
18 0.647495 0.434932 0.051948 0.061644
18 0.769944 0.424658 0.200371 0.109589
2 0.713358 0.660959 0.057514 0.239726
1 0.714286 0.222603 0.040816 0.212329
2 0.807978 0.520548 0.038961 0.164384
10 0.906308 0.431507 0.050093 0.178082
29 0.109462 0.856164 0.040816 0.287671
29 0.538961 0.503425 0.046382 0.321918
0 0.114100 0.321918 0.020408 0.178082
22 0.750464 0.250000 0.038961 0.130137
23 0.788497 0.202055 0.025974 0.226027
24 0.839518 0.219178 0.046382 0.150685
6 0.977737 0.410959 0.044527 0.246575
