11 0.038053 0.581395 0.037168 0.496124
18 0.204425 0.562016 0.054867 0.100775
11 0.423009 0.480620 0.042478 0.434109
20 0.562832 0.484496 0.038938 0.271318
2 0.622124 0.410853 0.047788 0.341085
9 0.676991 0.441860 0.054867 0.248062
3 0.710619 0.294574 0.030088 0.217054
12 0.744248 0.406977 0.054867 0.643411
10 0.810619 0.480620 0.049558 0.217054
3 0.870796 0.441860 0.053097 0.403101
27 0.107080 0.600775 0.083186 0.271318
28 0.281416 0.554264 0.049558 0.193798
12 0.348673 0.476744 0.046018 0.534884
29 0.496460 0.589147 0.058407 0.465116
