18 0.140365 0.578947 0.031561 0.126316
2 0.286545 0.331579 0.031561 0.263158
18 0.390365 0.368421 0.019934 0.126316
10 0.489203 0.663158 0.044850 0.231579
11 0.602159 0.557895 0.028239 0.421053
1 0.668605 0.589474 0.048173 0.294737
2 0.862126 0.594737 0.039867 0.305263
12 0.910299 0.589474 0.026578 0.484211
15 0.034884 0.505263 0.036545 0.400000
22 0.088040 0.573684 0.043189 0.242105
23 0.188538 0.531579 0.038206 0.368421
16 0.232558 0.557895 0.046512 0.442105
11 0.325581 0.347368 0.026578 0.273684
9 0.355482 0.384211 0.033223 0.157895
0 0.416944 0.331579 0.016611 0.221053
12 0.438538 0.315789 0.029900 0.336842
29 0.725083 0.684211 0.048173 0.421053
18 0.799834 0.610526 0.028239 0.126316
4 0.959302 0.331579 0.044850 0.305263
