2 0.285714 0.289116 0.043011 0.251701
19 0.519969 0.581633 0.016897 0.197279
3 0.565284 0.452381 0.033794 0.292517
9 0.636713 0.476190 0.056836 0.272109
3 0.690476 0.268707 0.035330 0.265306
20 0.748080 0.506803 0.046083 0.238095
10 0.895545 0.554422 0.039939 0.156463
17 0.950845 0.479592 0.043011 0.346939
28 0.047619 0.489796 0.064516 0.217687
6 0.082949 0.289116 0.046083 0.224490
26 0.136713 0.459184 0.061444 0.401361
9 0.217358 0.489796 0.072197 0.272109
18 0.384793 0.448980 0.044547 0.136054
6 0.477727 0.421769 0.064516 0.326531
29 0.833333 0.591837 0.056836 0.421769
