11 0.048885 0.504348 0.046312 0.573913
18 0.140652 0.517391 0.044597 0.095652
0 0.211835 0.478261 0.029160 0.382609
12 0.257290 0.447826 0.037736 0.495652
18 0.370497 0.234783 0.027444 0.069565
10 0.491424 0.478261 0.056604 0.243478
2 0.620926 0.400000 0.058319 0.365217
1 0.759863 0.356522 0.061750 0.330435
29 0.084906 0.639130 0.046312 0.391304
27 0.314751 0.243478 0.056604 0.173913
28 0.409949 0.230435 0.034305 0.147826
25 0.681818 0.456522 0.022298 0.200000
29 0.836192 0.469565 0.053173 0.434783
26 0.915094 0.304348 0.042882 0.313043
2 0.973413 0.308696 0.053173 0.321739
