18 0.168000 0.476471 0.048000 0.152941
12 0.304000 0.452941 0.037333 0.411765
9 0.357333 0.270588 0.048000 0.188235
10 0.526667 0.529412 0.050667 0.164706
1 0.618667 0.429412 0.069333 0.364706
18 0.754667 0.423529 0.048000 0.094118
2 0.830667 0.370588 0.050667 0.317647
2 0.942667 0.300000 0.034667 0.247059
11 0.038667 0.482353 0.045333 0.494118
27 0.084000 0.529412 0.077333 0.235294
28 0.244000 0.494118 0.066667 0.211765
29 0.444000 0.311765 0.045333 0.294118
18 0.410667 0.235294 0.026667 0.094118
29 0.681333 0.564706 0.050667 0.423529
29 0.885333 0.517647 0.048000 0.423529
