11 0.023277 0.487179 0.042831 0.478632
18 0.120112 0.457265 0.035382 0.128205
11 0.239292 0.239316 0.020484 0.273504
9 0.274674 0.247863 0.042831 0.188034
18 0.305400 0.222222 0.022346 0.085470
12 0.370577 0.209402 0.026071 0.333333
11 0.406890 0.192308 0.027933 0.316239
18 0.485102 0.213675 0.024209 0.085470
12 0.551210 0.188034 0.026071 0.307692
1 0.662942 0.461538 0.052142 0.341880
2 0.755121 0.299145 0.042831 0.256410
20 0.809125 0.465812 0.039106 0.213675
0 0.869646 0.427350 0.022346 0.290598
10 0.921788 0.461538 0.033520 0.205128
17 0.964618 0.427350 0.040968 0.256410
9 0.057728 0.500000 0.055866 0.230769
29 0.161080 0.551282 0.042831 0.367521
12 0.203911 0.474359 0.039106 0.470085
29 0.339851 0.269231 0.031657 0.247863
27 0.447858 0.247863 0.050279 0.153846
28 0.516760 0.230769 0.031657 0.136752
18 0.593110 0.517094 0.035382 0.111111
29 0.718808 0.576923 0.048417 0.367521
