6 0.185252 0.266055 0.039568 0.201835
18 0.223921 0.275229 0.026978 0.073394
10 0.320144 0.559633 0.035971 0.201835
18 0.421763 0.545872 0.080935 0.119266
1 0.418165 0.766055 0.055755 0.229358
2 0.417266 0.371560 0.039568 0.229358
2 0.550360 0.422018 0.025180 0.201835
18 0.619604 0.522936 0.044964 0.110092
6 0.681655 0.449541 0.039568 0.275229
1 0.777878 0.532110 0.055755 0.330275
1 0.892986 0.527523 0.044964 0.339450
9 0.954137 0.573394 0.059353 0.247706
27 0.077338 0.513761 0.061151 0.220183
28 0.143885 0.316514 0.032374 0.174312
29 0.259892 0.321101 0.041367 0.275229
29 0.509892 0.646789 0.044964 0.339450
26 0.729317 0.486239 0.034173 0.293578
25 0.842626 0.605505 0.016187 0.165138
