0 0.042484 0.563107 0.019608 0.252427
1 0.076253 0.548544 0.047930 0.262136
2 0.126362 0.533981 0.039216 0.271845
2 0.220044 0.388350 0.047930 0.213592
18 0.290850 0.548544 0.045752 0.126214
3 0.498911 0.364078 0.034858 0.242718
20 0.582789 0.509709 0.032680 0.242718
10 0.831155 0.509709 0.058824 0.242718
29 0.191721 0.650485 0.047930 0.330097
6 0.368192 0.509709 0.061002 0.281553
29 0.455338 0.601942 0.061002 0.349515
27 0.676471 0.509709 0.084967 0.203883
28 0.757081 0.325243 0.054466 0.203883
6 0.952070 0.456311 0.065359 0.291262
