19 0.079431 0.787037 0.018395 0.222222
4 0.128763 0.648148 0.056856 0.351852
20 0.274247 0.680556 0.036789 0.287037
1 0.354515 0.615741 0.046823 0.342593
19 0.386288 0.787037 0.013378 0.222222
2 0.505017 0.583333 0.046823 0.351852
2 0.969064 0.254630 0.041806 0.231481
5 0.051003 0.652778 0.041806 0.324074
6 0.200669 0.675926 0.063545 0.314815
7 0.423077 0.569444 0.036789 0.379630
6 0.577759 0.564815 0.055184 0.296296
27 0.663880 0.550926 0.083612 0.231481
10 0.767559 0.564815 0.040134 0.222222
28 0.888796 0.509259 0.065217 0.259259
