18 0.158458 0.554688 0.231263 0.203125
3 0.098501 0.343750 0.038544 0.281250
1 0.146681 0.808594 0.104925 0.257812
20 0.342612 0.531250 0.042827 0.265625
0 0.451820 0.441406 0.029979 0.242188
19 0.480728 0.562500 0.023555 0.156250
2 0.688437 0.285156 0.040685 0.195312
18 0.769807 0.382812 0.057816 0.109375
10 0.915418 0.398438 0.040685 0.156250
8 0.162741 0.324219 0.047109 0.242188
6 0.234475 0.316406 0.074946 0.257812
4 0.546039 0.410156 0.081370 0.289062
29 0.616702 0.503906 0.059957 0.289062
29 0.838330 0.484375 0.044968 0.328125
8 0.962527 0.343750 0.049251 0.312500
