20 0.290526 0.556338 0.042105 0.408451
20 0.600000 0.528169 0.037895 0.323944
5 0.069474 0.612676 0.050526 0.521127
4 0.130526 0.584507 0.054737 0.492958
22 0.193684 0.669014 0.054737 0.380282
5 0.386316 0.492958 0.052632 0.535211
4 0.451579 0.457746 0.065263 0.464789
23 0.512632 0.471831 0.052632 0.521127
5 0.672632 0.443662 0.044211 0.492958
4 0.723158 0.415493 0.056842 0.492958
24 0.778947 0.401408 0.046316 0.492958
10 0.835789 0.464789 0.037895 0.225352
27 0.937895 0.500000 0.103158 0.380282
