20 0.180972 0.616667 0.026887 0.246667
9 0.266287 0.613333 0.042399 0.226667
18 0.342813 0.586667 0.025853 0.106667
6 0.434850 0.400000 0.025853 0.240000
10 0.477249 0.620000 0.029990 0.173333
5 0.588418 0.276667 0.020683 0.220000
18 0.624095 0.510000 0.023785 0.100000
4 0.727508 0.516667 0.029990 0.286667
21 0.768873 0.596667 0.015512 0.113333
4 0.847466 0.293333 0.029990 0.213333
18 0.889349 0.490000 0.028956 0.100000
7 0.937952 0.476667 0.028956 0.286667
6 0.047053 0.613333 0.044467 0.373333
29 0.105998 0.740000 0.040331 0.386667
29 0.298345 0.403333 0.025853 0.246667
29 0.404343 0.656667 0.035160 0.380000
1 0.546019 0.520000 0.043433 0.346667
2 0.677353 0.530000 0.031024 0.286667
19 0.697001 0.673333 0.014478 0.120000
9 0.812823 0.560000 0.037229 0.186667
