18 0.194948 0.386486 0.363990 0.135135
1 0.068005 0.651351 0.055699 0.221622
4 0.115285 0.081081 0.028497 0.151351
2 0.163860 0.564865 0.032383 0.145946
18 0.173575 0.135135 0.038860 0.075676
18 0.206606 0.670270 0.027202 0.064865
1 0.235104 0.135135 0.045337 0.248649
10 0.443653 0.386486 0.040155 0.124324
2 0.523316 0.327027 0.054404 0.243243
1 0.634715 0.354054 0.067358 0.286486
18 0.847150 0.408108 0.209845 0.124324
1 0.780440 0.232432 0.045337 0.183784
1 0.786269 0.608108 0.049223 0.221622
9 0.829016 0.656757 0.041451 0.178378
2 0.862047 0.556757 0.024611 0.129730
20 0.880181 0.240541 0.029793 0.156757
18 0.902850 0.618919 0.031088 0.081081
4 0.923575 0.227027 0.051813 0.237838
1 0.947539 0.608108 0.040155 0.210811
29 0.067358 0.189189 0.041451 0.281081
29 0.117228 0.732432 0.042746 0.275676
5 0.269430 0.624324 0.036269 0.275676
27 0.303109 0.162162 0.056995 0.172973
29 0.314767 0.756757 0.044041 0.302703
26 0.576425 0.340541 0.046632 0.248649
25 0.708549 0.427027 0.015544 0.140541
29 0.832902 0.289189 0.038860 0.210811
