18 0.251934 0.394928 0.475138 0.072464
9 0.074586 0.271739 0.047514 0.115942
11 0.091713 0.643116 0.022099 0.250000
18 0.128177 0.643116 0.070718 0.039855
2 0.112155 0.565217 0.018785 0.079710
1 0.115470 0.206522 0.032044 0.101449
1 0.129282 0.710145 0.046409 0.094203
18 0.154144 0.153986 0.020994 0.047101
1 0.159669 0.528986 0.016575 0.072464
20 0.199448 0.653986 0.020994 0.076087
20 0.249724 0.155797 0.017680 0.086957
18 0.295028 0.610507 0.019890 0.054348
12 0.348066 0.592391 0.033149 0.278986
10 0.554144 0.398551 0.034254 0.079710
1 0.682873 0.369565 0.037569 0.144928
18 0.739227 0.373188 0.030939 0.057971
4 0.835359 0.284420 0.033149 0.126812
18 0.883425 0.407609 0.029834 0.039855
29 0.069613 0.753623 0.030939 0.210145
0 0.119890 0.092391 0.018785 0.076087
18 0.119890 0.148551 0.020994 0.036232
1 0.185635 0.146739 0.022099 0.105072
29 0.215470 0.182971 0.019890 0.134058
4 0.301657 0.137681 0.046409 0.137681
29 0.137017 0.590580 0.019890 0.108696
29 0.250276 0.639493 0.036464 0.155797
4 0.327624 0.586957 0.034254 0.130435
20 0.401657 0.722826 0.025414 0.105072
29 0.457459 0.795290 0.030939 0.228261
5 0.616575 0.356884 0.030939 0.170290
21 0.646961 0.409420 0.014365 0.050725
29 0.788950 0.432971 0.028729 0.213768
6 0.939227 0.389493 0.039779 0.141304
