2 0.027282 0.606195 0.032738 0.247788
18 0.167659 0.570796 0.035714 0.097345
18 0.380952 0.508850 0.029762 0.070796
4 0.486607 0.309735 0.028770 0.185841
20 0.531250 0.457965 0.020833 0.154867
5 0.609127 0.219027 0.029762 0.216814
18 0.717758 0.415929 0.282738 0.159292
5 0.690972 0.112832 0.014881 0.154867
20 0.735615 0.225664 0.020833 0.141593
20 0.737599 0.665929 0.022817 0.128319
1 0.958333 0.387168 0.043651 0.225664
1 0.067460 0.592920 0.043651 0.238938
0 0.125496 0.564159 0.022817 0.207965
5 0.245040 0.522124 0.035714 0.212389
29 0.294147 0.599558 0.030754 0.269912
6 0.335317 0.402655 0.031746 0.159292
29 0.444444 0.555310 0.031746 0.261062
21 0.639385 0.274336 0.012897 0.061947
5 0.623016 0.659292 0.029762 0.194690
21 0.657242 0.712389 0.012897 0.079646
9 0.687004 0.676991 0.030754 0.150442
29 0.664683 0.265487 0.031746 0.212389
27 0.792163 0.676991 0.042659 0.123894
6 0.776290 0.181416 0.030754 0.185841
21 0.799107 0.221239 0.016865 0.070796
29 0.828869 0.225664 0.038690 0.230088
10 0.895833 0.411504 0.029762 0.123894
