1 0.078771 0.412281 0.034637 0.169591
0 0.079888 0.239766 0.012291 0.128655
2 0.151955 0.195906 0.020112 0.134503
18 0.197207 0.269006 0.025698 0.058480
18 0.448045 0.467836 0.151955 0.198830
3 0.403911 0.754386 0.027933 0.222222
2 0.421788 0.242690 0.036872 0.228070
21 0.434078 0.795322 0.012291 0.081871
1 0.481564 0.204678 0.044693 0.233918
10 0.567598 0.406433 0.033520 0.134503
1 0.639106 0.336257 0.044693 0.263158
1 0.720670 0.359649 0.035754 0.239766
2 0.834637 0.333333 0.044693 0.257310
18 0.884358 0.356725 0.025698 0.081871
2 0.953631 0.216374 0.027933 0.163743
29 0.030726 0.622807 0.030168 0.333333
18 0.082123 0.318713 0.032402 0.064327
29 0.127933 0.347953 0.021229 0.204678
29 0.248045 0.289474 0.031285 0.274854
20 0.333520 0.482456 0.032402 0.192982
4 0.484916 0.730994 0.051397 0.257310
19 0.444134 0.321637 0.018994 0.116959
26 0.678212 0.362573 0.029050 0.269006
25 0.767598 0.391813 0.013408 0.152047
9 0.920670 0.368421 0.037989 0.175439
