18 0.1145 0.5451 0.1116 0.1111
2 0.0915 0.3877 0.0189 0.2053
1 0.0932 0.3879 0.0160 0.1897
19 0.1064 0.7930 0.0096 0.0885
4 0.1328 0.6989 0.0303 0.2400
4 0.1355 0.3530 0.0262 0.2578
18 0.2973 0.5133 0.0285 0.1324
11 0.3372 0.5645 0.0255 0.6187
18 0.3781 0.5082 0.0537 0.0851
2 0.3735 0.6944 0.0354 0.2609
12 0.4193 0.5386 0.0211 0.5338
18 0.6135 0.4407 0.0345 0.1078
16 0.6675 0.4912 0.0241 0.4693
15 0.6675 0.4912 0.0241 0.4693
1 0.7021 0.5049 0.0253 0.5290
11 0.7021 0.4865 0.0213 0.5106
12 0.7775 0.4865 0.0281 0.5106
18 0.8467 0.6620 0.0346 0.0868
0 0.8589 0.4618 0.0161 0.3995
1 0.9620 0.4333 0.0468 0.2902
