18 0.1281 0.3556 0.2583 0.0702
2 0.0336 0.2176 0.0224 0.1212
2 0.0879 0.4852 0.0255 0.0893
1 0.0882 0.0967 0.0204 0.0813
1 0.1263 0.0972 0.0167 0.0940
18 0.1685 0.1507 0.0183 0.0371
5 0.2171 0.1491 0.0228 0.1141
18 0.5186 0.3705 0.2953 0.0664
18 0.5056 0.2116 0.2342 0.0580
2 0.4277 0.2771 0.0239 0.0862
18 0.5293 0.6205 0.1876 0.0520
1 0.4845 0.1479 0.0264 0.0744
1 0.4803 0.2574 0.0156 0.0522
2 0.4850 0.6955 0.0247 0.0859
18 0.5443 0.7734 0.1342 0.0516
0 0.4899 0.0474 0.0113 0.0591
19 0.4904 0.0477 0.0119 0.0601
20 0.5138 0.2853 0.0199 0.0608
21 0.5152 0.1072 0.0110 0.0354
0 0.5415 0.2799 0.0105 0.0748
18 0.5701 0.2860 0.0176 0.0296
1 0.5806 0.0595 0.0259 0.0679
10 0.7242 0.3702 0.0412 0.0677
0 0.7982 0.3525 0.0174 0.1131
11 0.7982 0.3525 0.0174 0.1131
1 0.8289 0.3494 0.0191 0.1345
17 0.8315 0.3221 0.0132 0.0954
19 0.8824 0.3928 0.0114 0.0494
2 0.9142 0.3581 0.0246 0.1058
19 0.9442 0.3853 0.0085 0.0396
