17 0.064777 0.557252 0.020243 0.351145
18 0.109818 0.591603 0.021255 0.114504
2 0.160931 0.583969 0.028340 0.297710
19 0.182692 0.671756 0.011134 0.167939
17 0.204453 0.553435 0.022267 0.328244
20 0.254555 0.587786 0.023279 0.229008
4 0.298077 0.519084 0.029352 0.335878
19 0.319332 0.645038 0.009109 0.175573
17 0.340081 0.492366 0.024291 0.297710
9 0.413462 0.526718 0.043522 0.274809
19 0.471660 0.267176 0.012146 0.122137
18 0.536943 0.511450 0.025304 0.106870
1 0.668522 0.690840 0.041498 0.312977
0 0.667510 0.221374 0.017206 0.335878
2 0.758603 0.198473 0.023279 0.229008
10 0.891700 0.522901 0.032389 0.221374
1 0.953441 0.442748 0.052632 0.396947
1 0.021761 0.587786 0.031377 0.335878
19 0.043016 0.725191 0.013158 0.167939
21 0.368421 0.572519 0.018219 0.137405
4 0.456984 0.213740 0.025304 0.259542
17 0.491903 0.156489 0.022267 0.221374
29 0.589575 0.622137 0.031377 0.480916
18 0.669028 0.473282 0.052632 0.152672
21 0.625506 0.557252 0.016194 0.122137
21 0.702935 0.507634 0.013158 0.114504
29 0.731781 0.545802 0.030364 0.419847
18 0.795040 0.164122 0.021255 0.099237
29 0.821862 0.206107 0.028340 0.305344
