11 0.0376 0.5167 0.0232 0.4006
12 0.0387 0.5318 0.0232 0.3813
2 0.1307 0.3873 0.0197 0.1498
18 0.1673 0.5034 0.0154 0.0598
17 0.2274 0.4174 0.0144 0.1583
18 0.3196 0.5067 0.0235 0.0718
12 0.3916 0.5092 0.0208 0.4115
11 0.4241 0.5115 0.0205 0.5695
2 0.4595 0.4688 0.0263 0.2466
18 0.5602 0.4909 0.0201 0.0993
1 0.5977 0.5053 0.0184 0.2299
15 0.6361 0.5179 0.0193 0.2830
20 0.6654 0.5159 0.0129 0.1547
1 0.6855 0.5041 0.0174 0.1786
16 0.7754 0.5162 0.0211 0.3181
18 0.8063 0.5124 0.0252 0.0900
2 0.8738 0.5413 0.0203 0.2436
20 0.8980 0.5430 0.0150 0.1647
