18 0.097696 0.555556 0.018433 0.088889
1 0.205069 0.183333 0.023041 0.155556
18 0.238249 0.163889 0.023041 0.061111
0 0.261290 0.147222 0.011982 0.127778
20 0.290783 0.316667 0.021198 0.155556
4 0.334101 0.305556 0.034101 0.255556
18 0.386175 0.569444 0.027650 0.105556
15 0.429032 0.544444 0.028571 0.388889
11 0.462212 0.566667 0.026728 0.488889
18 0.485253 0.552778 0.034101 0.061111
2 0.485253 0.694444 0.028571 0.200000
12 0.512442 0.555556 0.023963 0.533333
4 0.588940 0.230556 0.029493 0.205556
18 0.629493 0.563889 0.023963 0.094444
1 0.748387 0.577778 0.033180 0.177778
3 0.813364 0.555556 0.023041 0.211111
16 0.845161 0.558333 0.022120 0.372222
10 0.897696 0.561111 0.020276 0.122222
27 0.037788 0.583333 0.042396 0.144444
28 0.145161 0.558333 0.030415 0.150000
29 0.178802 0.361111 0.023963 0.277778
0 0.481106 0.441667 0.014747 0.161111
8 0.543779 0.252778 0.018433 0.172222
19 0.565438 0.319444 0.010138 0.094444
27 0.678341 0.541667 0.042396 0.138889
26 0.716129 0.563889 0.027650 0.272222
25 0.781106 0.577778 0.011982 0.111111
1 0.930876 0.536111 0.031336 0.194444
19 0.953917 0.619444 0.009217 0.105556
5 0.976498 0.552778 0.030415 0.272222
