1 0.082295 0.427027 0.024021 0.162162
18 0.119217 0.400000 0.024911 0.075676
18 0.176157 0.316216 0.083630 0.048649
2 0.172598 0.459459 0.028470 0.216216
9 0.237100 0.354054 0.029359 0.167568
2 0.269573 0.237838 0.021352 0.162162
2 0.442171 0.543243 0.026690 0.200000
18 0.537811 0.578378 0.024021 0.086486
1 0.570730 0.564865 0.036477 0.254054
18 0.666815 0.583784 0.024021 0.064865
16 0.876779 0.591892 0.022242 0.351351
10 0.912811 0.629730 0.023132 0.124324
1 0.989769 0.583784 0.020463 0.194595
27 0.039146 0.589189 0.044484 0.172973
6 0.157028 0.183784 0.027580 0.162162
19 0.176157 0.251351 0.010676 0.091892
8 0.197064 0.178378 0.016904 0.194595
18 0.330516 0.608108 0.027580 0.091892
15 0.391459 0.545946 0.030249 0.421622
9 0.476868 0.591892 0.030249 0.145946
2 0.504893 0.481081 0.018683 0.129730
29 0.608986 0.610811 0.024021 0.216216
28 0.638790 0.443243 0.024911 0.097297
27 0.715747 0.586486 0.043594 0.156757
26 0.751779 0.575676 0.021352 0.210811
28 0.776246 0.610811 0.024021 0.129730
13 0.806495 0.597297 0.018683 0.308108
9 0.830961 0.613514 0.024911 0.135135
14 0.853203 0.610811 0.016014 0.378378
25 0.967972 0.602703 0.008897 0.156757
2 0.947509 0.570270 0.021352 0.200000
