20 0.452336 0.538462 0.020561 0.200000
18 0.543925 0.561538 0.028037 0.107692
20 0.615421 0.603846 0.019626 0.192308
18 0.907477 0.519231 0.024299 0.100000
18 0.967290 0.546154 0.014953 0.107692
0 0.020093 0.534615 0.019626 0.253846
19 0.035981 0.603846 0.010280 0.161538
4 0.069626 0.503846 0.025234 0.315385
5 0.107477 0.507692 0.026168 0.307692
6 0.144393 0.511538 0.025234 0.269231
7 0.188318 0.473077 0.021495 0.315385
26 0.234112 0.480769 0.025234 0.300000
2 0.274766 0.542308 0.024299 0.284615
25 0.316355 0.500000 0.012150 0.215385
4 0.360748 0.484615 0.026168 0.276923
27 0.409346 0.534615 0.035514 0.161538
28 0.486449 0.565385 0.023364 0.176923
29 0.580841 0.661538 0.021495 0.384615
27 0.660280 0.569231 0.036449 0.184615
6 0.694393 0.350000 0.016822 0.223077
25 0.719159 0.546154 0.014019 0.200000
27 0.767757 0.546154 0.036449 0.169231
13 0.829907 0.542308 0.029907 0.561538
9 0.867757 0.542308 0.034579 0.176923
29 0.924299 0.569231 0.016822 0.261538
14 0.936449 0.561538 0.020561 0.400000
17 0.986449 0.503846 0.017757 0.223077
