19 0.0571 0.5369 0.0159 0.1330
8 0.0962 0.4571 0.0297 0.2015
2 0.2838 0.4330 0.0354 0.2312
19 0.3120 0.4974 0.0134 0.0982
19 0.3845 0.4912 0.0115 0.0753
21 0.3845 0.4912 0.0115 0.0753
18 0.5406 0.5054 0.2646 0.1185
1 0.4520 0.7557 0.0350 0.1903
8 0.4947 0.1374 0.0185 0.1699
2 0.5026 0.6636 0.0298 0.1446
1 0.5807 0.7270 0.0365 0.2451
1 0.6011 0.2270 0.0335 0.2523
4 0.6391 0.7294 0.0363 0.2902
18 0.7939 0.4839 0.0361 0.0820
1 0.8511 0.4406 0.0374 0.2546
10 0.9143 0.4828 0.0444 0.1279
17 0.9775 0.4138 0.0318 0.2487
