25 0.101317 0.601504 0.016211 0.180451
18 0.227964 0.530075 0.020263 0.082707
2 0.290274 0.454887 0.025329 0.263158
9 0.405268 0.451128 0.028369 0.240602
18 0.462513 0.451128 0.025329 0.135338
18 0.774063 0.357143 0.020263 0.112782
16 0.843465 0.334586 0.025329 0.323308
10 0.925025 0.406015 0.026342 0.165414
9 0.059777 0.620301 0.040527 0.248120
29 0.145390 0.684211 0.029382 0.375940
6 0.179838 0.360902 0.023303 0.240602
19 0.311044 0.575188 0.014184 0.157895
1 0.339919 0.443609 0.029382 0.285714
21 0.372847 0.488722 0.014184 0.135338
6 0.432118 0.221805 0.027356 0.187970
13 0.523303 0.428571 0.029382 0.526316
9 0.568896 0.387218 0.033435 0.248120
25 0.600304 0.379699 0.015198 0.218045
29 0.640324 0.473684 0.026342 0.390977
21 0.667680 0.432331 0.016211 0.142857
15 0.689970 0.349624 0.024316 0.383459
27 0.731003 0.360902 0.037487 0.150376
28 0.813576 0.345865 0.030395 0.195489
14 0.878419 0.390977 0.024316 0.556391
2 0.967072 0.360902 0.041540 0.360902
