11 0.023881 0.553030 0.029851 0.590909
20 0.126368 0.541667 0.025871 0.219697
15 0.319403 0.511364 0.025871 0.446970
2 0.350249 0.481061 0.023881 0.250000
18 0.436318 0.469697 0.024876 0.121212
20 0.479104 0.431818 0.016915 0.303030
2 0.602488 0.310606 0.020896 0.212121
18 0.637811 0.428030 0.019900 0.083333
20 0.788060 0.371212 0.015920 0.196970
10 0.907960 0.363636 0.032836 0.136364
29 0.075124 0.625000 0.030846 0.386364
6 0.101990 0.329545 0.024876 0.234848
1 0.181095 0.481061 0.031841 0.310606
29 0.227363 0.609848 0.024876 0.401515
18 0.276119 0.469697 0.024876 0.121212
29 0.388060 0.564394 0.029851 0.325758
16 0.502985 0.443182 0.026866 0.431818
21 0.534328 0.477273 0.011940 0.136364
29 0.573632 0.511364 0.030846 0.356061
13 0.683085 0.416667 0.024876 0.560606
29 0.727861 0.477273 0.028856 0.348485
6 0.755721 0.219697 0.022886 0.196970
0 0.822388 0.337121 0.016915 0.265152
14 0.850746 0.371212 0.019900 0.651515
12 0.877612 0.371212 0.023881 0.666667
6 0.966667 0.261364 0.038806 0.295455
