1 0.040174 0.581081 0.030010 0.337838
19 0.063892 0.672297 0.011617 0.182432
4 0.102130 0.516892 0.031946 0.290541
18 0.156825 0.530405 0.025169 0.114865
20 0.383349 0.527027 0.019361 0.189189
1 0.478219 0.706081 0.030978 0.236486
2 0.545015 0.155405 0.027106 0.216216
15 0.633107 0.513514 0.025169 0.418919
18 0.669409 0.530405 0.047435 0.074324
2 0.672798 0.685811 0.023233 0.222973
1 0.751210 0.513514 0.036786 0.310811
16 0.790416 0.486486 0.026137 0.472973
10 0.876089 0.493243 0.023233 0.148649
2 0.919167 0.476351 0.020329 0.236486
1 0.973379 0.456081 0.028074 0.236486
6 0.214908 0.537162 0.029042 0.304054
21 0.245886 0.618243 0.015489 0.101351
29 0.289448 0.692568 0.030978 0.425676
6 0.331075 0.368243 0.025169 0.222973
13 0.439497 0.537162 0.025169 0.574324
0 0.471442 0.378378 0.013553 0.216216
18 0.473379 0.523649 0.034850 0.074324
14 0.509681 0.540541 0.022265 0.527027
18 0.583253 0.496622 0.024201 0.101351
0 0.668441 0.371622 0.012585 0.216216
26 0.709100 0.574324 0.026137 0.351351
8 0.819458 0.209459 0.022265 0.216216
25 0.939981 0.479730 0.011617 0.202703
