2 0.075066 0.516779 0.025461 0.268456
19 0.096137 0.630872 0.011414 0.161074
18 0.171203 0.503356 0.021071 0.093960
8 0.208516 0.486577 0.021949 0.275168
19 0.226076 0.573826 0.009658 0.154362
18 0.338455 0.536913 0.021949 0.107383
18 0.446883 0.493289 0.019315 0.114094
20 0.571554 0.486577 0.019315 0.221477
19 0.623354 0.567114 0.008780 0.181208
15 0.686128 0.453020 0.030729 0.382550
18 0.774363 0.442953 0.017559 0.080537
23 0.810360 0.442953 0.019315 0.255034
21 0.841089 0.503356 0.008780 0.120805
13 0.024144 0.563758 0.025461 0.563758
4 0.125988 0.483221 0.027217 0.241611
7 0.249781 0.459732 0.020193 0.261745
27 0.291484 0.533557 0.035119 0.167785
22 0.381036 0.526846 0.026339 0.208054
23 0.404302 0.362416 0.020193 0.241611
29 0.503512 0.570470 0.023705 0.375839
23 0.529412 0.362416 0.019315 0.268456
1 0.610184 0.463087 0.024583 0.255034
4 0.650571 0.453020 0.033363 0.288591
22 0.722564 0.483221 0.026339 0.174497
23 0.743196 0.305369 0.014925 0.248322
22 0.827919 0.345638 0.015803 0.167785
13 0.864355 0.446309 0.032485 0.516779
4 0.898595 0.422819 0.028973 0.268456
19 0.915716 0.530201 0.012291 0.147651
5 0.939421 0.429530 0.021071 0.255034
26 0.961370 0.456376 0.017559 0.348993
6 0.977173 0.476510 0.019315 0.241611
14 0.990781 0.483221 0.016681 0.550336
