9 0.065888 0.579137 0.028357 0.280576
18 0.125521 0.514388 0.015847 0.079137
2 0.215179 0.341727 0.015013 0.237410
18 0.379483 0.428058 0.018349 0.093525
2 0.426606 0.384892 0.022519 0.280576
18 0.685571 0.399281 0.018349 0.107914
7 0.826522 0.377698 0.023353 0.467626
10 0.953711 0.345324 0.020851 0.172662
11 0.020851 0.550360 0.016681 0.553957
29 0.095079 0.366906 0.016681 0.287770
29 0.182235 0.579137 0.022519 0.410072
12 0.240617 0.489209 0.025855 0.661871
21 0.261051 0.553957 0.010008 0.143885
11 0.286072 0.482014 0.020017 0.633094
22 0.320267 0.471223 0.023353 0.251799
2 0.345288 0.269784 0.020017 0.194245
19 0.441201 0.489209 0.010008 0.143885
4 0.464971 0.363309 0.025855 0.338129
21 0.482485 0.467626 0.012510 0.100719
29 0.515013 0.532374 0.024187 0.489209
12 0.549625 0.456835 0.036697 0.741007
13 0.592160 0.417266 0.028357 0.705036
29 0.630942 0.510791 0.022519 0.431655
5 0.657631 0.215827 0.017515 0.244604
29 0.728524 0.517986 0.020851 0.417266
6 0.764387 0.212230 0.030859 0.208633
26 0.793995 0.395683 0.028357 0.561151
19 0.851126 0.517986 0.014178 0.201439
4 0.880734 0.352518 0.030025 0.345324
14 0.911176 0.356115 0.027523 0.640288
8 0.984570 0.255396 0.025855 0.381295
