18 0.3930 0.5342 0.7486 0.1353
1 0.0580 0.2313 0.0226 0.2226
2 0.0892 0.7407 0.0341 0.1670
8 0.1202 0.2189 0.0200 0.1964
19 0.1169 0.7817 0.0111 0.0926
4 0.1467 0.7048 0.0326 0.2071
21 0.1787 0.7594 0.0096 0.0561
4 0.1971 0.0951 0.0234 0.1559
18 0.2380 0.2052 0.0282 0.0783
18 0.2782 0.7330 0.0214 0.0549
2 0.3320 0.7030 0.0239 0.1809
1 0.3348 0.1547 0.0239 0.1587
19 0.3548 0.7698 0.0108 0.0892
20 0.3715 0.2487 0.0205 0.1322
19 0.4009 0.7417 0.0077 0.0627
4 0.4247 0.2454 0.0245 0.1834
12 0.4643 0.7309 0.0208 0.2214
18 0.5404 0.2609 0.0191 0.0639
18 0.5597 0.7476 0.0190 0.0527
2 0.5771 0.2593 0.0210 0.1687
19 0.5938 0.3111 0.0084 0.1010
2 0.6059 0.7441 0.0192 0.1664
4 0.6266 0.2535 0.0306 0.1897
19 0.6227 0.7941 0.0079 0.0670
19 0.7149 0.7961 0.0101 0.0816
10 0.8044 0.5844 0.0209 0.1163
18 0.8059 0.5625 0.0193 0.0745
18 0.9160 0.5840 0.1505 0.1127
1 0.8702 0.7746 0.0286 0.2000
4 0.9230 0.7744 0.0187 0.1705
18 0.9273 0.3657 0.0197 0.0727
