18 0.2361 0.5147 0.4208 0.1225
1 0.0567 0.8203 0.0392 0.2324
4 0.0923 0.2203 0.0200 0.1377
18 0.1251 0.2793 0.0217 0.0625
20 0.2190 0.8214 0.0168 0.1078
18 0.2304 0.1927 0.0168 0.0645
4 0.2583 0.7846 0.0183 0.1842
1 0.2681 0.2402 0.0251 0.1151
18 0.2731 0.1728 0.0267 0.0351
18 0.3484 0.1764 0.0183 0.0676
1 0.3663 0.6699 0.0205 0.1367
10 0.4842 0.4686 0.0272 0.1302
2 0.5388 0.4316 0.0220 0.1597
19 0.5587 0.4904 0.0092 0.0726
1 0.5938 0.4127 0.0154 0.1683
19 0.6292 0.4565 0.0095 0.0580
20 0.7135 0.4179 0.0121 0.0843
1 0.7468 0.6118 0.0182 0.1369
18 0.8319 0.4168 0.1696 0.0818
0 0.7668 0.2975 0.0114 0.1234
18 0.7902 0.3058 0.0223 0.0596
18 0.7951 0.5374 0.0122 0.0515
2 0.8189 0.5343 0.0133 0.1123
4 0.8480 0.2009 0.0207 0.1342
5 0.8480 0.2009 0.0207 0.1342
20 0.8511 0.6089 0.0157 0.1131
18 0.8696 0.2820 0.0190 0.0482
20 0.9331 0.3914 0.0148 0.1084
2 0.9573 0.3885 0.0139 0.1411
19 0.9764 0.4276 0.0077 0.0687
11 0.9909 0.3887 0.0091 0.1407
