11 0.0330 0.6456 0.0196 0.5023
18 0.0973 0.6805 0.0159 0.1054
20 0.1849 0.7059 0.0244 0.1928
2 0.2209 0.6706 0.0259 0.3510
4 0.2209 0.6706 0.0259 0.3510
12 0.2483 0.6425 0.0227 0.4791
8 0.2729 0.4111 0.0180 0.2165
18 0.2963 0.3740 0.0214 0.1355
1 0.3377 0.4320 0.0278 0.1975
18 0.3413 0.3175 0.0214 0.0438
0 0.3432 0.2012 0.0126 0.1312
10 0.4200 0.4004 0.0208 0.1179
17 0.4528 0.3475 0.0228 0.2046
2 0.5635 0.6743 0.0271 0.2709
1 0.6881 0.7255 0.0240 0.2632
5 0.7563 0.6472 0.0253 0.1980
4 0.7563 0.6472 0.0253 0.1980
2 0.8369 0.7501 0.0364 0.2423
17 0.8887 0.7806 0.0298 0.1863
20 0.9390 0.7547 0.0221 0.2055
