2 0.0233 0.8211 0.0356 0.2055
18 0.1537 0.5916 0.2817 0.1461
19 0.0449 0.8873 0.0097 0.0949
19 0.0484 0.2758 0.0160 0.1458
0 0.0488 0.2810 0.0167 0.1648
4 0.0651 0.8091 0.0314 0.2198
1 0.0871 0.2701 0.0244 0.1874
19 0.1151 0.3217 0.0118 0.1097
1 0.1354 0.8020 0.0238 0.2096
2 0.1534 0.2452 0.0256 0.2030
4 0.1869 0.7797 0.0254 0.2384
2 0.2523 0.1605 0.0170 0.1235
10 0.3213 0.5730 0.0253 0.1360
18 0.5222 0.5486 0.3147 0.1445
2 0.4002 0.3638 0.0190 0.2000
8 0.4556 0.0994 0.0149 0.1608
18 0.4784 0.0867 0.0163 0.0877
4 0.5124 0.7813 0.0250 0.2457
19 0.5404 0.8379 0.0110 0.1154
2 0.5438 0.0491 0.0112 0.0936
20 0.5714 0.1014 0.0142 0.0993
19 0.6018 0.7950 0.0116 0.0837
2 0.6538 0.2236 0.0256 0.1806
10 0.7382 0.5061 0.0217 0.1318
11 0.7777 0.4490 0.0135 0.1557
0 0.7779 0.4423 0.0134 0.1515
1 0.8055 0.4412 0.0213 0.1975
8 0.8339 0.4405 0.0174 0.2090
19 0.8512 0.5314 0.0144 0.1209
2 0.8834 0.4521 0.0201 0.1851
19 0.9346 0.4676 0.0086 0.0650
19 0.9749 0.4419 0.0068 0.0412
