18 0.1958 0.4916 0.3571 0.2448
20 0.1891 0.7597 0.0236 0.1606
20 0.2407 0.1366 0.0137 0.1343
19 0.2564 0.7953 0.0078 0.0426
5 0.2792 0.1244 0.0276 0.2199
4 0.2792 0.1244 0.0276 0.2199
2 0.3108 0.6886 0.0122 0.1274
16 0.3357 0.7456 0.0224 0.3022
10 0.4169 0.4511 0.0242 0.1220
2 0.4673 0.6640 0.0284 0.1574
18 0.5730 0.4344 0.2374 0.1316
1 0.4824 0.2140 0.0201 0.2122
21 0.4931 0.6876 0.0094 0.0604
4 0.5122 0.1649 0.0255 0.1491
19 0.5634 0.6748 0.0088 0.0540
8 0.5794 0.0872 0.0136 0.1415
1 0.5966 0.6276 0.0183 0.1822
18 0.6201 0.1636 0.0239 0.0733
8 0.6605 0.5484 0.0165 0.1813
17 0.6605 0.5484 0.0165 0.1813
21 0.8186 0.4162 0.0074 0.0655
1 0.8571 0.3364 0.0196 0.2499
17 0.9131 0.3077 0.0133 0.1582
