2 0.0326 0.4346 0.0252 0.1678
2 0.0897 0.3450 0.0184 0.1271
18 0.1262 0.4411 0.0276 0.0554
8 0.2307 0.3454 0.0178 0.1344
20 0.2663 0.4288 0.0152 0.1209
2 0.3138 0.4271 0.0193 0.2160
19 0.3320 0.4561 0.0123 0.0784
20 0.4770 0.4394 0.0198 0.1493
2 0.5156 0.4519 0.0207 0.1586
18 0.7019 0.4595 0.2641 0.1118
1 0.5953 0.8259 0.0208 0.1653
2 0.5967 0.6135 0.0178 0.1497
18 0.6338 0.2422 0.0406 0.0459
1 0.6345 0.3197 0.0207 0.1143
18 0.6733 0.2450 0.0192 0.0586
8 0.7238 0.6502 0.0199 0.1783
2 0.7290 0.1880 0.0123 0.1236
19 0.7925 0.6808 0.0084 0.0780
14 0.8046 0.2275 0.0218 0.3664
4 0.8087 0.6390 0.0133 0.1690
2 0.9165 0.4118 0.0244 0.1894
