18 0.1908 0.4900 0.3226 0.1347
2 0.0475 0.2164 0.0321 0.2091
4 0.0494 0.8541 0.0314 0.2100
8 0.1438 0.6281 0.0154 0.1469
17 0.1451 0.6276 0.0164 0.1456
18 0.1870 0.7172 0.0251 0.0944
18 0.1872 0.1944 0.0191 0.0828
2 0.2259 0.6967 0.0274 0.1944
4 0.2739 0.1942 0.0208 0.2243
18 0.2820 0.5826 0.0126 0.0720
17 0.3509 0.1082 0.0241 0.1371
18 0.6362 0.4513 0.0186 0.0917
2 0.6700 0.4297 0.0217 0.1788
19 0.6867 0.4920 0.0098 0.0815
4 0.7095 0.4130 0.0228 0.2110
21 0.7360 0.4775 0.0122 0.0638
15 0.8099 0.4596 0.0211 0.2439
17 0.8388 0.4385 0.0205 0.1397
18 0.8668 0.4423 0.0170 0.0574
10 0.9641 0.4381 0.0157 0.1058
