2 0.0324 0.9023 0.0269 0.2063
18 0.2198 0.5963 0.3889 0.1978
0 0.0386 0.3059 0.0155 0.1762
8 0.0564 0.2940 0.0207 0.2020
2 0.0565 0.2965 0.0175 0.1776
19 0.0537 0.9556 0.0098 0.0785
2 0.0747 0.2846 0.0195 0.1781
1 0.0830 0.8869 0.0276 0.1908
0 0.1526 0.8734 0.0135 0.1975
18 0.1862 0.2682 0.0266 0.1138
5 0.1885 0.8527 0.0232 0.2454
8 0.2296 0.2715 0.0226 0.2236
18 0.5738 0.4633 0.1460 0.1499
1 0.5649 0.1782 0.0202 0.1890
18 0.5883 0.6133 0.0144 0.0568
15 0.7058 0.4403 0.0209 0.3437
1 0.7409 0.4016 0.0211 0.2238
4 0.8110 0.3841 0.0214 0.2194
1 0.8734 0.3259 0.0122 0.1196
10 0.9556 0.3895 0.0183 0.1544
