18 0.0426 0.2278 0.0519 0.0556
2 0.0315 0.7491 0.0217 0.1979
1 0.0347 0.3316 0.0272 0.1993
18 0.1711 0.4624 0.2913 0.1892
0 0.0430 0.1366 0.0117 0.1489
19 0.0519 0.7964 0.0096 0.0917
1 0.0709 0.7255 0.0225 0.2282
18 0.1718 0.7334 0.0203 0.0523
1 0.1887 0.2314 0.0282 0.1919
8 0.2048 0.7013 0.0232 0.2154
1 0.2564 0.7055 0.0239 0.2119
10 0.3457 0.4152 0.0254 0.1257
0 0.4148 0.3894 0.0173 0.1379
2 0.4717 0.3730 0.0259 0.1764
4 0.4715 0.3742 0.0243 0.1809
8 0.5213 0.3854 0.0227 0.2117
8 0.5957 0.3800 0.0288 0.1994
19 0.6204 0.4276 0.0122 0.1127
4 0.6485 0.3582 0.0299 0.2188
5 0.6485 0.3582 0.0299 0.2188
21 0.6903 0.4152 0.0103 0.0625
18 0.8595 0.4061 0.2452 0.1783
8 0.7855 0.6413 0.0205 0.1541
18 0.8188 0.1870 0.0231 0.0782
18 0.8199 0.7175 0.0232 0.0667
2 0.8603 0.7176 0.0240 0.1972
1 0.9061 0.7225 0.0205 0.2250
20 0.9103 0.2151 0.0161 0.1455
8 0.9369 0.1980 0.0166 0.2602
20 0.9399 0.7209 0.0203 0.1439
1 0.9654 0.6643 0.0100 0.1284
