18 0.2308 0.4576 0.4125 0.1491
2 0.0472 0.1665 0.0230 0.1609
18 0.0665 0.6884 0.0257 0.0660
18 0.0861 0.1614 0.0230 0.0670
1 0.1145 0.6782 0.0375 0.2111
4 0.1603 0.0682 0.0171 0.1329
17 0.1600 0.0821 0.0130 0.1008
18 0.1682 0.6686 0.0202 0.0503
20 0.1883 0.1617 0.0230 0.1149
1 0.2123 0.6645 0.0210 0.1905
21 0.2532 0.1746 0.0106 0.0590
19 0.2531 0.1744 0.0092 0.0600
20 0.3031 0.6729 0.0229 0.1284
18 0.3236 0.1670 0.0179 0.0497
1 0.3281 0.6720 0.0203 0.1791
19 0.3470 0.7300 0.0089 0.0915
1 0.3887 0.1400 0.0213 0.1233
18 0.4604 0.3977 0.0398 0.0725
2 0.5306 0.2033 0.0253 0.1678
18 0.5848 0.7152 0.1181 0.0509
18 0.6950 0.4251 0.3268 0.1187
19 0.5547 0.2405 0.0079 0.0742
18 0.5744 0.6381 0.0172 0.0578
4 0.5810 0.1757 0.0245 0.1818
3 0.5825 0.8265 0.0172 0.1410
2 0.6512 0.1346 0.0142 0.1218
3 0.6766 0.6885 0.0150 0.0858
20 0.6766 0.6885 0.0150 0.0858
18 0.6885 0.2046 0.0180 0.0501
18 0.7785 0.7112 0.1341 0.0846
2 0.7551 0.8494 0.0318 0.1605
9 0.7618 0.5926 0.0193 0.1119
9 0.7660 0.1757 0.0249 0.1218
1 0.8047 0.8791 0.0301 0.1548
18 0.8011 0.1754 0.0173 0.0544
18 0.8927 0.4029 0.0162 0.0395
1 0.9784 0.4033 0.0217 0.1568
