18 0.1375 0.4620 0.2226 0.1470
17 0.0557 0.2984 0.0298 0.1835
18 0.0879 0.7481 0.0252 0.0997
8 0.0897 0.1412 0.0181 0.2015
2 0.1640 0.2529 0.0305 0.2726
18 0.3039 0.4537 0.0194 0.0958
10 0.3052 0.4566 0.0213 0.1042
2 0.3591 0.7248 0.0309 0.2018
18 0.5074 0.4900 0.3167 0.1573
1 0.4239 0.7427 0.0211 0.2246
18 0.4447 0.1770 0.0182 0.0662
19 0.4479 0.8059 0.0102 0.0842
8 0.4671 0.7253 0.0236 0.2665
20 0.4975 0.7445 0.0237 0.1784
20 0.5302 0.3367 0.0155 0.1594
7 0.5680 0.3037 0.0257 0.2346
18 0.6068 0.7942 0.0231 0.1151
1 0.6423 0.7748 0.0255 0.2607
18 0.7095 0.4792 0.0195 0.0869
1 0.7593 0.4407 0.0202 0.2204
2 0.8138 0.4515 0.0277 0.2220
4 0.8136 0.4536 0.0256 0.1983
19 0.9548 0.5025 0.0101 0.0914
