18 0.272727 0.478814 0.419580 0.177966
4 0.176573 0.165254 0.080420 0.245763
18 0.251748 0.271186 0.230769 0.152542
2 0.202797 0.644068 0.055944 0.169492
1 0.206294 0.860169 0.055944 0.211864
1 0.215035 0.394068 0.059441 0.144068
18 0.248252 0.728814 0.209790 0.135593
17 0.260490 0.868644 0.045455 0.211864
10 0.613636 0.440678 0.059441 0.118644
5 0.847902 0.436441 0.066434 0.194915
1 0.854895 0.190678 0.080420 0.177966
17 0.251748 0.148305 0.062937 0.161017
17 0.323427 0.114407 0.052448 0.161017
24 0.776224 0.351695 0.083916 0.262712
17 0.269231 0.394068 0.048951 0.144068
17 0.269231 0.622881 0.055944 0.161017
