17 0.093857 0.610294 0.030717 0.455882
17 0.135666 0.580882 0.032423 0.455882
1 0.050341 0.661765 0.049488 0.470588
1 0.183447 0.558824 0.046075 0.500000
26 0.253413 0.544118 0.029010 0.558824
1 0.306314 0.544118 0.046075 0.470588
17 0.343857 0.485294 0.025597 0.382353
17 0.372014 0.433824 0.030717 0.397059
2 0.430034 0.514706 0.037543 0.470588
25 0.492321 0.492647 0.022184 0.338235
2 0.557167 0.426471 0.039249 0.500000
17 0.603242 0.367647 0.039249 0.441176
17 0.640785 0.330882 0.035836 0.455882
25 0.704778 0.426471 0.023891 0.323529
2 0.770478 0.397059 0.042662 0.441176
8 0.810580 0.338235 0.037543 0.500000
8 0.851536 0.345588 0.030717 0.544118
8 0.895051 0.279412 0.032423 0.500000
10 0.947099 0.411765 0.047782 0.264706
17 0.982935 0.227941 0.027304 0.397059
