15 0.086744 0.537344 0.047907 0.297372
6 0.186744 0.517289 0.050698 0.174274
20 0.283023 0.521438 0.035814 0.102351
6 0.372791 0.502766 0.045116 0.178423
9 0.431395 0.508990 0.050698 0.141079
18 0.496977 0.492393 0.047907 0.077455
7 0.547674 0.461964 0.033953 0.163209
16 0.593488 0.459889 0.046512 0.313970
13 0.663256 0.439834 0.043721 0.273859
9 0.723488 0.446058 0.051628 0.153527
20 0.791163 0.443292 0.037209 0.142462
5 0.839302 0.421853 0.042326 0.163209
14 0.890930 0.411480 0.050698 0.280775
