11 0.050971 0.543269 0.033981 0.413462
9 0.140777 0.543269 0.067961 0.221154
20 0.211165 0.490385 0.038835 0.173077
29 0.270631 0.562500 0.050971 0.355769
12 0.327670 0.471154 0.029126 0.403846
1 0.383495 0.264423 0.063107 0.221154
18 0.449029 0.451923 0.043689 0.096154
11 0.535194 0.427885 0.036408 0.375000
9 0.609223 0.466346 0.072816 0.259615
1 0.679612 0.322115 0.063107 0.278846
18 0.753641 0.403846 0.046117 0.115385
29 0.819175 0.524038 0.050971 0.451923
1 0.876214 0.254808 0.058252 0.221154
12 0.940534 0.307692 0.031553 0.461538
