1 0.040708 0.648352 0.060177 0.483516
11 0.092920 0.670330 0.030088 0.549451
9 0.149558 0.703297 0.054867 0.307692
20 0.204425 0.659341 0.037168 0.219780
1 0.257522 0.593407 0.047788 0.373626
12 0.293805 0.560440 0.028319 0.637363
11 0.357522 0.543956 0.038938 0.560440
9 0.416814 0.653846 0.058407 0.296703
18 0.483186 0.554945 0.046018 0.120879
1 0.538053 0.527473 0.053097 0.329670
12 0.578761 0.467033 0.028319 0.714286
20 0.642478 0.500000 0.046018 0.274725
11 0.704425 0.478022 0.035398 0.604396
9 0.767257 0.543956 0.058407 0.296703
20 0.830973 0.467033 0.044248 0.274725
2 0.898230 0.395604 0.054867 0.461538
12 0.965487 0.395604 0.033628 0.681319
