2 0.037594 0.598958 0.048872 0.489583
9 0.095865 0.635417 0.056391 0.291667
11 0.164474 0.526042 0.031955 0.510417
9 0.242481 0.541667 0.063910 0.354167
18 0.297932 0.489583 0.031955 0.125000
6 0.344925 0.458333 0.046992 0.375000
12 0.405075 0.447917 0.028195 0.479167
18 0.468985 0.416667 0.043233 0.187500
1 0.533835 0.395833 0.048872 0.333333
11 0.577068 0.369792 0.030075 0.572917
9 0.640977 0.427083 0.052632 0.270833
18 0.689850 0.369792 0.030075 0.114583
6 0.726504 0.338542 0.043233 0.364583
12 0.769737 0.354167 0.024436 0.583333
10 0.830827 0.442708 0.048872 0.281250
17 0.940789 0.338542 0.062030 0.427083
