11 0.045699 0.571429 0.030466 0.514286
1 0.108423 0.585714 0.051971 0.447619
9 0.173835 0.585714 0.060932 0.295238
20 0.255376 0.509524 0.041219 0.238095
0 0.311828 0.509524 0.032258 0.295238
12 0.375448 0.457143 0.037634 0.495238
20 0.448925 0.471429 0.051971 0.257143
9 0.526882 0.476190 0.064516 0.247619
11 0.586918 0.385714 0.037634 0.466667
20 0.736559 0.400000 0.032258 0.209524
0 0.775986 0.385714 0.032258 0.257143
12 0.814516 0.366667 0.026882 0.466667
10 0.870968 0.333333 0.050179 0.209524
17 0.951613 0.304762 0.050179 0.304762
