11 0.050761 0.647059 0.033841 0.627451
9 0.107445 0.705882 0.055838 0.313725
18 0.169205 0.656863 0.030457 0.098039
1 0.211506 0.642157 0.043993 0.303922
12 0.245347 0.612745 0.020305 0.539216
11 0.299492 0.671569 0.030457 0.558824
1 0.348562 0.612745 0.054146 0.362745
9 0.408629 0.642157 0.055838 0.323529
18 0.467005 0.622549 0.037225 0.147059
0 0.502538 0.607843 0.030457 0.392157
12 0.537225 0.612745 0.021997 0.578431
18 0.600677 0.593137 0.047377 0.127451
2 0.680203 0.588235 0.057530 0.431373
11 0.746193 0.544118 0.037225 0.500000
9 0.796954 0.583333 0.047377 0.245098
20 0.846024 0.544118 0.037225 0.264706
0 0.890863 0.504902 0.025381 0.284314
12 0.919628 0.509804 0.025381 0.588235
1 0.964467 0.230392 0.043993 0.303922
