9 0.068995 0.742647 0.073254 0.235294
2 0.127768 0.566176 0.037479 0.279412
18 0.190801 0.639706 0.037479 0.102941
2 0.256388 0.625000 0.052811 0.352941
9 0.328790 0.643382 0.057922 0.213235
1 0.383305 0.463235 0.047700 0.220588
29 0.439523 0.683824 0.057922 0.470588
20 0.525554 0.492647 0.042589 0.176471
2 0.614140 0.455882 0.056218 0.382353
9 0.680579 0.463235 0.045997 0.264706
29 0.740204 0.547794 0.052811 0.433824
1 0.795571 0.286765 0.047700 0.235294
18 0.855196 0.408088 0.037479 0.080882
29 0.936116 0.466912 0.052811 0.448529
2 0.982964 0.187500 0.030664 0.272059
