9 0.0178 0.5130 0.0290 0.3577
29 0.0453 0.2793 0.0145 0.4148
18 0.0697 0.1949 0.0186 0.1710
9 0.0968 0.2188 0.0247 0.2866
20 0.1311 0.4826 0.0204 0.3745
7 0.1745 0.3251 0.0252 0.4547
19 0.1918 0.5597 0.0114 0.2064
8 0.2127 0.3820 0.0210 0.5290
5 0.2615 0.3520 0.0297 0.5657
19 0.2837 0.5723 0.0130 0.1784
4 0.3119 0.3274 0.0324 0.5203
9 0.3409 0.4397 0.0274 0.3557
18 0.3811 0.3805 0.0188 0.1651
2 0.4180 0.3763 0.0239 0.4505
19 0.4375 0.5711 0.0133 0.2178
8 0.4568 0.3776 0.0211 0.4778
29 0.4875 0.5883 0.0250 0.5132
18 0.5297 0.4535 0.0220 0.1413
27 0.5614 0.5197 0.0344 0.2500
20 0.5946 0.4914 0.0172 0.2523
13 0.6281 0.5373 0.0196 0.5815
9 0.6521 0.5078 0.0253 0.2563
18 0.6791 0.5064 0.0155 0.1411
29 0.7062 0.6477 0.0189 0.5498
21 0.7490 0.5737 0.0119 0.1369
15 0.7738 0.5618 0.0206 0.5629
3 0.8041 0.4890 0.0230 0.3888
26 0.8324 0.4885 0.0192 0.4894
16 0.8847 0.5363 0.0235 0.6899
10 0.9276 0.5611 0.0303 0.3461
6 0.9770 0.4563 0.0395 0.4698
