0 0.0312 0.5096 0.0176 0.4155
16 0.0312 0.5096 0.0176 0.4155
16 0.0465 0.4886 0.0180 0.4763
21 0.0808 0.5872 0.0143 0.1393
15 0.1129 0.4839 0.0187 0.4638
1 0.1481 0.4906 0.0252 0.3455
16 0.1782 0.4573 0.0140 0.4354
21 0.2068 0.5705 0.0131 0.1616
15 0.2312 0.4576 0.0160 0.5296
2 0.2584 0.4612 0.0193 0.3404
16 0.2814 0.4293 0.0180 0.4505
16 0.3110 0.4113 0.0166 0.3763
3 0.3358 0.4029 0.0203 0.3341
16 0.3614 0.4104 0.0165 0.3423
21 0.3896 0.4813 0.0130 0.1374
15 0.4190 0.3799 0.0173 0.4167
4 0.4436 0.3602 0.0254 0.3081
16 0.4567 0.3562 0.0203 0.3383
21 0.4871 0.4310 0.0132 0.1243
15 0.5168 0.3540 0.0172 0.3306
16 0.5168 0.3540 0.0172 0.3306
16 0.5738 0.3364 0.0169 0.3747
16 0.6401 0.3506 0.0236 0.3500
6 0.6418 0.3313 0.0231 0.2874
16 0.6597 0.3280 0.0143 0.4029
18 0.6910 0.3900 0.0140 0.1338
21 0.6910 0.3900 0.0140 0.1338
16 0.7251 0.3198 0.0209 0.3891
15 0.7264 0.3087 0.0212 0.3885
7 0.7539 0.2955 0.0187 0.2676
1 0.7545 0.2840 0.0182 0.2620
16 0.7745 0.2779 0.0175 0.3600
16 0.8102 0.2714 0.0148 0.3632
8 0.8378 0.2707 0.0169 0.2970
16 0.8607 0.2462 0.0163 0.3456
21 0.8893 0.3603 0.0111 0.1086
15 0.9173 0.2464 0.0174 0.3529
16 0.9173 0.2464 0.0174 0.3529
17 0.9413 0.2233 0.0161 0.2700
16 0.9610 0.2494 0.0203 0.4571
