7 0.0241 0.5101 0.0213 0.4668
19 0.0433 0.7298 0.0102 0.1740
21 0.0433 0.7298 0.0102 0.1740
3 0.0650 0.5345 0.0229 0.4121
21 0.0978 0.5984 0.0143 0.1733
3 0.1379 0.4619 0.0284 0.4163
0 0.1777 0.4041 0.0171 0.4348
7 0.1785 0.3871 0.0171 0.4343
20 0.2311 0.4125 0.0198 0.3090
3 0.2654 0.4091 0.0269 0.4299
19 0.2823 0.5999 0.0118 0.2160
5 0.3071 0.3491 0.0266 0.4565
6 0.3354 0.1509 0.0222 0.2886
18 0.3663 0.4161 0.0184 0.1475
29 0.4054 0.5358 0.0218 0.4623
9 0.4330 0.2005 0.0218 0.2507
20 0.4755 0.4145 0.0194 0.2462
13 0.5204 0.4075 0.0253 0.6931
9 0.5547 0.4011 0.0293 0.2761
18 0.5857 0.3649 0.0235 0.1600
29 0.6127 0.4899 0.0214 0.4760
12 0.6433 0.4075 0.0217 0.5894
9 0.6757 0.4131 0.0323 0.2955
14 0.7129 0.4063 0.0239 0.7517
21 0.7406 0.5041 0.0144 0.1455
15 0.7685 0.3545 0.0193 0.4380
29 0.8006 0.4813 0.0212 0.4325
7 0.8217 0.1478 0.0182 0.2723
18 0.8392 0.3265 0.0124 0.1049
6 0.8726 0.3310 0.0224 0.4256
14 0.8738 0.3505 0.0241 0.4536
16 0.8970 0.3561 0.0210 0.5278
14 0.8970 0.3561 0.0210 0.5278
10 0.9389 0.3621 0.0245 0.2239
7 0.9763 0.2569 0.0252 0.3700
