7 0.0212 0.6726 0.0283 0.4305
19 0.0413 0.8492 0.0107 0.2079
3 0.0722 0.6681 0.0284 0.4078
18 0.1252 0.6621 0.0266 0.1798
3 0.1734 0.5884 0.0277 0.3716
0 0.2040 0.5097 0.0233 0.4865
20 0.2509 0.5175 0.0234 0.3619
7 0.2962 0.4820 0.0256 0.4074
19 0.3166 0.6925 0.0109 0.1934
3 0.3514 0.4538 0.0293 0.3476
23 0.3914 0.3572 0.0219 0.4146
24 0.4173 0.2434 0.0224 0.2848
20 0.4497 0.3764 0.0260 0.2866
22 0.4935 0.4133 0.0293 0.2842
23 0.5227 0.2181 0.0220 0.3765
18 0.5700 0.4016 0.0239 0.1582
22 0.6121 0.4029 0.0282 0.3282
20 0.6479 0.3549 0.0235 0.2925
23 0.6837 0.2537 0.0266 0.4987
10 0.7328 0.4021 0.0235 0.2784
24 0.7804 0.3362 0.0278 0.3103
20 0.8210 0.3362 0.0238 0.2499
27 0.8791 0.3373 0.0406 0.2362
20 0.9311 0.3336 0.0229 0.3011
28 0.9682 0.3324 0.0274 0.2860
