29 0.0079 0.6421 0.0175 0.4630
27 0.0367 0.4642 0.0339 0.2311
20 0.0754 0.6638 0.0213 0.2971
8 0.1185 0.5981 0.0205 0.3966
29 0.1185 0.5981 0.0205 0.3966
27 0.1442 0.3868 0.0219 0.2558
28 0.1455 0.3872 0.0219 0.2487
18 0.1849 0.6341 0.0217 0.1379
7 0.2253 0.4889 0.0253 0.4230
29 0.2599 0.6713 0.0275 0.5021
20 0.3082 0.6139 0.0224 0.2953
23 0.3567 0.5098 0.0249 0.3819
2 0.3567 0.5098 0.0249 0.3819
1 0.3822 0.2775 0.0227 0.3351
20 0.4285 0.5079 0.0214 0.2895
8 0.4724 0.4282 0.0175 0.3521
29 0.4726 0.4157 0.0167 0.3361
1 0.4963 0.2521 0.0229 0.3767
20 0.5388 0.4822 0.0202 0.2840
2 0.5922 0.4127 0.0186 0.3706
7 0.6120 0.2032 0.0167 0.3193
18 0.6435 0.4406 0.0169 0.1312
7 0.6931 0.1489 0.0193 0.2968
20 0.7191 0.4123 0.0165 0.2640
26 0.7739 0.3839 0.0192 0.5681
3 0.8017 0.4011 0.0233 0.4379
4 0.8366 0.3827 0.0279 0.4906
10 0.8784 0.4689 0.0212 0.2296
13 0.9242 0.4326 0.0225 0.7997
7 0.9525 0.3838 0.0230 0.4171
13 0.9833 0.4085 0.0267 0.7349
14 0.9832 0.4329 0.0261 0.7757
