7 0.027165 0.724299 0.025467 0.383178
19 0.044992 0.897196 0.013582 0.186916
8 0.072581 0.710280 0.021222 0.336449
21 0.104839 0.766355 0.011036 0.149533
23 0.137521 0.668224 0.022071 0.327103
8 0.165535 0.476636 0.016978 0.280374
18 0.196520 0.644860 0.022920 0.130841
8 0.230051 0.612150 0.018676 0.364486
22 0.257216 0.485981 0.020374 0.224299
20 0.289474 0.616822 0.018676 0.242991
7 0.335314 0.556075 0.018676 0.364486
23 0.358234 0.383178 0.018676 0.280374
18 0.387097 0.556075 0.015280 0.140187
27 0.434635 0.560748 0.035654 0.205607
21 0.471986 0.584112 0.010187 0.102804
28 0.506367 0.532710 0.029711 0.242991
21 0.545840 0.579439 0.011885 0.130841
15 0.581494 0.509346 0.023769 0.514019
22 0.613328 0.528037 0.024618 0.271028
18 0.649830 0.490654 0.021222 0.158879
24 0.682513 0.500000 0.018676 0.271028
16 0.715195 0.462617 0.019525 0.495327
21 0.753396 0.579439 0.012733 0.130841
3 0.776316 0.471963 0.022920 0.327103
10 0.817487 0.528037 0.023769 0.271028
13 0.855688 0.509346 0.023769 0.607477
22 0.890492 0.500000 0.025467 0.233645
18 0.929542 0.448598 0.015280 0.130841
24 0.958829 0.425234 0.021222 0.271028
14 0.985993 0.485981 0.021222 0.766355
