13 0.038235 0.584906 0.038235 0.660377
7 0.093382 0.528302 0.033824 0.339623
19 0.125735 0.688679 0.016176 0.150943
8 0.155882 0.537736 0.029412 0.358491
9 0.213971 0.566038 0.051471 0.264151
1 0.263971 0.386792 0.033824 0.188679
18 0.282353 0.556604 0.032353 0.132075
8 0.317647 0.551887 0.026471 0.292453
19 0.355882 0.674528 0.020588 0.179245
7 0.388971 0.528302 0.030882 0.320755
21 0.417647 0.636792 0.020588 0.141509
9 0.463235 0.589623 0.052941 0.273585
7 0.511029 0.306604 0.027941 0.235849
20 0.550000 0.537736 0.026471 0.226415
8 0.585294 0.518868 0.026471 0.339623
14 0.624265 0.537736 0.027941 0.773585
26 0.671324 0.528302 0.042647 0.584906
13 0.734559 0.533019 0.036765 0.707547
2 0.785294 0.457547 0.035294 0.349057
19 0.805147 0.584906 0.016176 0.207547
7 0.848529 0.400943 0.032353 0.367925
18 0.904412 0.419811 0.035294 0.141509
7 0.945588 0.429245 0.026471 0.349057
14 0.977941 0.537736 0.029412 0.792453
