27 0.0269 0.5908 0.0385 0.2567
3 0.0598 0.4072 0.0184 0.3069
18 0.0906 0.4920 0.0245 0.1472
28 0.1252 0.4920 0.0275 0.2515
8 0.1562 0.2445 0.0182 0.2804
20 0.1939 0.4278 0.0196 0.3090
28 0.2427 0.4603 0.0315 0.2548
21 0.2727 0.5074 0.0107 0.1373
6 0.3058 0.4043 0.0364 0.4468
19 0.3276 0.6198 0.0133 0.2563
3 0.3524 0.4297 0.0242 0.4055
20 0.4011 0.4371 0.0217 0.2364
6 0.4379 0.3499 0.0275 0.3708
19 0.4526 0.5721 0.0086 0.2084
3 0.4780 0.3771 0.0215 0.3365
29 0.5125 0.5395 0.0223 0.4803
7 0.5376 0.1519 0.0226 0.2991
18 0.5762 0.3773 0.0213 0.1345
5 0.6125 0.3010 0.0234 0.3990
19 0.6391 0.5373 0.0144 0.2466
7 0.6617 0.3333 0.0242 0.3442
27 0.7098 0.4668 0.0389 0.2199
18 0.7603 0.4889 0.0213 0.1428
28 0.7935 0.4682 0.0299 0.2450
10 0.8390 0.4949 0.0243 0.2555
13 0.8804 0.4075 0.0234 0.6634
7 0.9112 0.3567 0.0220 0.3937
25 0.9324 0.4087 0.0129 0.3000
6 0.9550 0.4059 0.0264 0.3008
14 0.9760 0.4619 0.0181 0.7024
