17 0.0173 0.3052 0.0238 0.3158
19 0.0303 0.4416 0.0112 0.1970
8 0.0616 0.3248 0.0209 0.2880
17 0.0616 0.3248 0.0209 0.2880
17 0.0760 0.3082 0.0202 0.3241
8 0.0760 0.3082 0.0202 0.3241
7 0.1258 0.2716 0.0187 0.3630
21 0.1542 0.3616 0.0118 0.1218
6 0.1835 0.2516 0.0260 0.3915
19 0.2035 0.4520 0.0120 0.2096
17 0.2261 0.2469 0.0233 0.3543
26 0.2687 0.2974 0.0292 0.4772
7 0.3052 0.3029 0.0215 0.3691
19 0.3232 0.4918 0.0098 0.1876
6 0.3519 0.3515 0.0305 0.3982
21 0.3827 0.5039 0.0112 0.1574
13 0.4306 0.4316 0.0247 0.7629
9 0.4685 0.4035 0.0307 0.3165
21 0.5006 0.4683 0.0098 0.0912
29 0.5282 0.5342 0.0232 0.5264
21 0.5617 0.4803 0.0139 0.1428
16 0.5931 0.4310 0.0208 0.5053
15 0.5924 0.4139 0.0190 0.5491
7 0.6274 0.4130 0.0218 0.4012
18 0.6560 0.4699 0.0202 0.1423
29 0.6866 0.5672 0.0190 0.4989
16 0.7141 0.4820 0.0169 0.5125
16 0.7497 0.4590 0.0241 0.7417
14 0.7497 0.4590 0.0241 0.7417
21 0.7756 0.4963 0.0126 0.1384
17 0.8062 0.3759 0.0236 0.3455
19 0.8227 0.5753 0.0118 0.2114
5 0.8474 0.4036 0.0213 0.3655
8 0.8742 0.4023 0.0175 0.3281
7 0.8976 0.3578 0.0202 0.3572
10 0.9321 0.4873 0.0217 0.1717
5 0.9759 0.3862 0.0286 0.3274
