24 0.017908 0.544643 0.032951 0.196429
2 0.057307 0.330357 0.031519 0.267857
18 0.108166 0.535714 0.038682 0.107143
22 0.181232 0.513393 0.035817 0.276786
7 0.220630 0.272321 0.031519 0.294643
21 0.242120 0.566964 0.022923 0.116071
23 0.305874 0.428571 0.032951 0.464286
21 0.350287 0.562500 0.015759 0.125000
13 0.403295 0.531250 0.038682 0.830357
7 0.452722 0.446429 0.028653 0.339286
19 0.488539 0.633929 0.020057 0.196429
8 0.528653 0.433036 0.031519 0.348214
14 0.589542 0.441964 0.038682 0.866071
21 0.626074 0.553571 0.028653 0.178571
15 0.690544 0.428571 0.037249 0.517857
7 0.738539 0.401786 0.032951 0.357143
26 0.780086 0.401786 0.035817 0.428571
7 0.821633 0.401786 0.030086 0.375000
16 0.858166 0.406250 0.028653 0.473214
20 0.926934 0.401786 0.028653 0.250000
8 0.977077 0.406250 0.034384 0.383929
