7 0.0223 0.8001 0.0264 0.3187
19 0.0455 0.9043 0.0126 0.1715
8 0.0811 0.7449 0.0221 0.3041
20 0.1227 0.7440 0.0220 0.1750
3 0.1685 0.7212 0.0276 0.2880
19 0.1896 0.8612 0.0160 0.1753
8 0.2196 0.7150 0.0227 0.2903
29 0.2195 0.7051 0.0225 0.2806
18 0.2638 0.6879 0.0253 0.1394
3 0.3075 0.6367 0.0262 0.2752
19 0.3408 0.7339 0.0117 0.1551
7 0.3570 0.4654 0.0199 0.2847
20 0.4053 0.5999 0.0229 0.2388
3 0.4619 0.5977 0.0256 0.2924
21 0.4967 0.6491 0.0151 0.1397
8 0.5336 0.5575 0.0176 0.2624
18 0.5664 0.5449 0.0281 0.1091
3 0.6078 0.5127 0.0256 0.2853
23 0.6446 0.4858 0.0253 0.2967
22 0.6763 0.3046 0.0234 0.2355
20 0.7096 0.5141 0.0184 0.2747
13 0.7523 0.5119 0.0250 0.5464
22 0.7852 0.4530 0.0252 0.2374
2 0.8140 0.2769 0.0183 0.2566
23 0.8140 0.2769 0.0183 0.2566
14 0.8485 0.4372 0.0252 0.4772
21 0.8793 0.4941 0.0126 0.1140
16 0.9127 0.4124 0.0194 0.4320
15 0.9127 0.4124 0.0194 0.4320
3 0.9418 0.4292 0.0225 0.3181
16 0.9780 0.3778 0.0193 0.3657
