18 0.2363 0.4330 0.4809 0.0684
18 0.2247 0.6630 0.4107 0.0740
18 0.2203 0.2489 0.3358 0.0608
22 0.0727 0.5737 0.0311 0.0735
29 0.0716 0.1608 0.0215 0.1132
27 0.0887 0.3538 0.0416 0.0777
18 0.0914 0.8213 0.0468 0.0497
7 0.0898 0.8856 0.0214 0.0871
0 0.0930 0.7568 0.0124 0.0923
2 0.0969 0.5246 0.0190 0.0911
7 0.0963 0.0727 0.0156 0.0914
28 0.1206 0.3177 0.0223 0.0664
9 0.1204 0.3148 0.0211 0.0586
20 0.1260 0.1289 0.0175 0.0817
18 0.1327 0.8144 0.0211 0.0414
18 0.1428 0.5558 0.0242 0.0469
18 0.1568 0.3448 0.0232 0.0459
23 0.1652 0.1234 0.0211 0.1099
18 0.1753 0.8108 0.0365 0.0348
8 0.1719 0.8901 0.0219 0.1252
7 0.1743 0.7498 0.0213 0.0965
23 0.1809 0.5583 0.0205 0.1074
22 0.1950 0.0753 0.0200 0.0701
24 0.1965 0.3447 0.0200 0.0827
22 0.2040 0.5195 0.0190 0.0690
1 0.2047 0.5193 0.0190 0.0746
23 0.2068 0.7941 0.0187 0.1398
6 0.2178 0.0315 0.0169 0.0596
20 0.2176 0.0312 0.0163 0.0591
5 0.2186 0.3059 0.0166 0.0747
22 0.2247 0.7523 0.0190 0.0631
20 0.2317 0.5560 0.0190 0.0744
18 0.2452 0.0587 0.0168 0.0527
20 0.2539 0.3407 0.0173 0.0769
20 0.2601 0.8054 0.0214 0.0838
8 0.2722 0.0546 0.0224 0.0946
7 0.2722 0.0546 0.0224 0.0946
8 0.2714 0.5594 0.0178 0.1026
7 0.2902 0.3335 0.0210 0.0893
8 0.2898 0.0563 0.0163 0.1063
23 0.2936 0.7849 0.0205 0.1250
7 0.2947 0.7837 0.0213 0.1384
6 0.2949 0.5047 0.0183 0.0844
7 0.3129 0.7445 0.0144 0.0744
20 0.3177 0.1480 0.0165 0.0920
25 0.3166 0.3335 0.0092 0.0857
18 0.3210 0.5680 0.0164 0.0469
7 0.3387 0.3234 0.0179 0.0923
18 0.3416 0.8042 0.0211 0.0502
6 0.3560 0.5427 0.0269 0.1175
7 0.3600 0.1289 0.0218 0.1100
24 0.3751 0.7805 0.0210 0.0949
19 0.3789 0.5880 0.0106 0.0722
7 0.3954 0.7198 0.0167 0.0717
7 0.4034 0.5300 0.0183 0.1022
21 0.4971 0.4138 0.0105 0.0707
18 0.6771 0.3941 0.3291 0.0908
18 0.6778 0.5951 0.2699 0.0841
18 0.6600 0.1994 0.2315 0.0694
6 0.5567 0.7587 0.0227 0.2016
13 0.5593 0.7579 0.0233 0.2148
2 0.5590 0.5218 0.0177 0.0944
2 0.5741 0.0826 0.0191 0.0985
22 0.5849 0.7590 0.0274 0.0870
25 0.5780 0.5286 0.0102 0.0729
26 0.5975 0.0888 0.0188 0.1172
24 0.6067 0.2970 0.0301 0.0935
7 0.6041 0.5103 0.0187 0.1008
18 0.6168 0.7417 0.0202 0.0669
1 0.6246 0.0874 0.0303 0.1115
9 0.6250 0.0871 0.0291 0.1032
0 0.6367 0.2965 0.0187 0.1071
26 0.6368 0.2962 0.0176 0.1027
18 0.6422 0.5168 0.0203 0.0497
23 0.6459 0.7390 0.0195 0.1412
7 0.6451 0.7343 0.0167 0.1395
22 0.6662 0.3001 0.0245 0.0802
18 0.6658 0.0763 0.0201 0.0505
14 0.6651 0.7430 0.0178 0.2078
7 0.6698 0.5031 0.0179 0.1014
26 0.6921 0.5057 0.0177 0.1044
21 0.6889 0.7447 0.0103 0.0669
22 0.6997 0.0866 0.0247 0.0854
20 0.6984 0.2957 0.0195 0.0898
8 0.7161 0.5030 0.0193 0.0997
4 0.7190 0.2944 0.0224 0.1115
23 0.7191 0.2936 0.0208 0.1069
26 0.7286 0.0815 0.0168 0.1204
12 0.7289 0.0769 0.0166 0.1184
23 0.7289 0.7202 0.0152 0.1224
23 0.7505 0.0871 0.0284 0.1211
2 0.7435 0.6795 0.0115 0.0806
18 0.7616 0.7306 0.0161 0.0532
12 0.8080 0.7185 0.0170 0.1833
10 0.8852 0.3299 0.0308 0.0855
24 0.9483 0.3050 0.0344 0.1096
