11 0.0253 0.5187 0.0209 0.4881
29 0.0552 0.6392 0.0252 0.3391
18 0.0906 0.5293 0.0222 0.1187
9 0.1233 0.5593 0.0231 0.2148
1 0.1516 0.3468 0.0167 0.2089
12 0.1780 0.4335 0.0221 0.5089
21 0.2017 0.6000 0.0108 0.1091
15 0.2363 0.5119 0.0202 0.5367
3 0.2693 0.5192 0.0246 0.2847
19 0.2887 0.6095 0.0131 0.1436
7 0.3124 0.4822 0.0207 0.3027
26 0.3415 0.4860 0.0222 0.3614
7 0.3731 0.4906 0.0222 0.2955
19 0.3955 0.6269 0.0106 0.1399
5 0.4146 0.4810 0.0208 0.3059
16 0.4418 0.4839 0.0154 0.3467
27 0.4749 0.3009 0.0371 0.1592
21 0.5175 0.6087 0.0099 0.1147
13 0.5551 0.5981 0.0263 0.5189
3 0.5898 0.5612 0.0226 0.3108
19 0.6107 0.6516 0.0128 0.1631
26 0.6458 0.6171 0.0232 0.4452
7 0.6783 0.5908 0.0177 0.3093
19 0.6942 0.7162 0.0093 0.1655
5 0.7181 0.5711 0.0242 0.3190
14 0.7431 0.6197 0.0210 0.5539
26 0.7855 0.6194 0.0258 0.4462
13 0.8244 0.6457 0.0275 0.6410
6 0.8546 0.5876 0.0279 0.3182
19 0.8775 0.7187 0.0102 0.1828
3 0.8944 0.6148 0.0221 0.2579
14 0.9228 0.6719 0.0230 0.5263
10 0.9498 0.6143 0.0167 0.1838
6 0.9816 0.5879 0.0296 0.3262
