3 0.022948 0.713592 0.024713 0.378641
7 0.066637 0.640777 0.020300 0.330097
29 0.098853 0.771845 0.021183 0.417476
3 0.120477 0.480583 0.018535 0.320388
20 0.152692 0.640777 0.017652 0.291262
3 0.202118 0.611650 0.022948 0.388350
19 0.224184 0.713592 0.010591 0.184466
8 0.248014 0.538835 0.019417 0.359223
29 0.274934 0.723301 0.020300 0.475728
27 0.309797 0.393204 0.033539 0.203883
18 0.348632 0.597087 0.017652 0.126214
6 0.395410 0.485437 0.028244 0.388350
19 0.416593 0.694175 0.014122 0.242718
7 0.450574 0.529126 0.023831 0.398058
29 0.479259 0.718447 0.024713 0.446602
8 0.507944 0.407767 0.015004 0.291262
18 0.535305 0.582524 0.023831 0.116505
6 0.570168 0.558252 0.026478 0.339806
19 0.586055 0.708738 0.008826 0.174757
6 0.609885 0.553398 0.026478 0.407767
19 0.624890 0.723301 0.010591 0.165049
5 0.653133 0.509709 0.028244 0.456311
21 0.682701 0.631068 0.013239 0.116505
7 0.709620 0.480583 0.019417 0.417476
19 0.733451 0.669903 0.012357 0.194175
6 0.754634 0.461165 0.030009 0.378641
23 0.795675 0.383495 0.020300 0.436893
7 0.816417 0.169903 0.021183 0.262136
18 0.849073 0.456311 0.021183 0.155340
6 0.885702 0.402913 0.023831 0.378641
19 0.906443 0.597087 0.008826 0.184466
8 0.923654 0.456311 0.020300 0.388350
10 0.953663 0.509709 0.020300 0.203883
17 0.980141 0.398058 0.022065 0.368932
19 0.048544 0.766990 0.010591 0.213592
