7 0.0213 0.3847 0.0263 0.8180
0 0.0706 0.4076 0.0216 0.7904
9 0.1201 0.4094 0.0263 0.7714
7 0.1201 0.4094 0.0263 0.7714
7 0.1685 0.4064 0.0238 0.7081
7 0.2263 0.4064 0.0260 0.7501
7 0.2822 0.4351 0.0267 0.6988
7 0.3463 0.4095 0.0267 0.6703
7 0.4460 0.3507 0.0253 0.6967
7 0.5025 0.3265 0.0226 0.7461
7 0.5498 0.3575 0.0238 0.6699
7 0.5910 0.3292 0.0248 0.6783
7 0.6456 0.3797 0.0302 0.6001
29 0.6457 0.3583 0.0300 0.6175
7 0.6972 0.3258 0.0234 0.7015
0 0.7501 0.3282 0.0223 0.5746
7 0.7501 0.3282 0.0223 0.5746
7 0.8019 0.3272 0.0243 0.5596
0 0.8019 0.3272 0.0243 0.5596
7 0.8463 0.3015 0.0195 0.5548
7 0.8847 0.3252 0.0236 0.5588
7 0.9378 0.3008 0.0216 0.5381
7 0.9811 0.3540 0.0223 0.5519
