3 0.0216 0.6463 0.0262 0.4830
8 0.0613 0.6194 0.0208 0.4925
9 0.1035 0.7037 0.0293 0.3238
3 0.1242 0.4803 0.0236 0.3549
18 0.1591 0.6258 0.0217 0.1501
3 0.2011 0.5642 0.0249 0.4316
7 0.2404 0.5134 0.0231 0.4516
29 0.2775 0.6954 0.0240 0.4914
22 0.3056 0.3010 0.0207 0.2763
20 0.3342 0.5363 0.0211 0.2877
23 0.3732 0.4832 0.0234 0.4853
7 0.3967 0.2236 0.0205 0.3395
18 0.4287 0.5219 0.0198 0.1786
4 0.4764 0.4875 0.0285 0.4853
29 0.5198 0.6695 0.0244 0.4889
7 0.5485 0.2794 0.0229 0.2853
20 0.5785 0.5186 0.0213 0.2987
29 0.6124 0.6439 0.0210 0.5459
18 0.6508 0.4969 0.0198 0.1483
23 0.6729 0.4277 0.0207 0.4389
10 0.7147 0.5343 0.0245 0.2793
1 0.7561 0.4300 0.0317 0.4380
8 0.8136 0.4124 0.0201 0.3744
19 0.8346 0.6231 0.0154 0.2140
7 0.8581 0.3766 0.0193 0.3972
26 0.8913 0.4579 0.0205 0.6181
7 0.9299 0.3787 0.0228 0.3842
19 0.9452 0.5463 0.0105 0.2323
7 0.9676 0.3525 0.0222 0.3996
5 0.9676 0.3525 0.0222 0.3996
