3 0.019569 0.615000 0.025440 0.370000
19 0.036693 0.700000 0.012720 0.180000
7 0.056751 0.585000 0.019569 0.350000
29 0.094423 0.715000 0.024462 0.450000
3 0.123288 0.450000 0.019569 0.300000
18 0.148239 0.610000 0.020548 0.120000
3 0.196673 0.560000 0.023483 0.320000
19 0.213796 0.690000 0.012720 0.160000
8 0.235812 0.555000 0.021526 0.310000
21 0.265656 0.620000 0.010763 0.120000
29 0.297945 0.670000 0.020548 0.440000
18 0.351272 0.550000 0.027397 0.140000
3 0.385519 0.505000 0.023483 0.350000
19 0.409491 0.645000 0.012720 0.190000
7 0.431996 0.515000 0.024462 0.330000
9 0.466732 0.545000 0.027397 0.230000
7 0.487769 0.320000 0.018591 0.280000
18 0.524462 0.530000 0.023483 0.120000
2 0.566047 0.510000 0.020548 0.280000
19 0.586106 0.620000 0.013699 0.180000
0 0.602740 0.480000 0.013699 0.320000
1 0.626223 0.480000 0.027397 0.340000
7 0.659002 0.475000 0.022505 0.290000
8 0.686399 0.500000 0.018591 0.300000
21 0.714286 0.590000 0.011742 0.100000
29 0.738748 0.640000 0.019569 0.420000
7 0.767613 0.345000 0.020548 0.250000
20 0.803327 0.505000 0.023483 0.250000
7 0.846869 0.395000 0.022505 0.310000
19 0.869374 0.620000 0.010763 0.180000
3 0.893346 0.450000 0.023483 0.320000
10 0.937378 0.450000 0.021526 0.220000
8 0.971135 0.400000 0.020548 0.320000
