23 0.0420 0.5396 0.0187 0.3910
24 0.0573 0.4178 0.0164 0.1848
18 0.0858 0.5598 0.0184 0.1139
24 0.1221 0.5837 0.0197 0.2358
2 0.1410 0.4056 0.0172 0.2377
23 0.1410 0.4056 0.0172 0.2377
20 0.1748 0.5746 0.0185 0.1868
6 0.2081 0.4935 0.0235 0.2833
7 0.2294 0.3494 0.0157 0.2564
20 0.2544 0.5218 0.0203 0.2279
7 0.2883 0.4867 0.0195 0.2904
6 0.3104 0.3220 0.0195 0.2255
18 0.3363 0.5223 0.0190 0.1150
6 0.3678 0.4580 0.0241 0.2724
19 0.3851 0.5975 0.0108 0.1678
3 0.4027 0.5080 0.0216 0.2689
21 0.4214 0.5735 0.0126 0.0970
24 0.4466 0.5051 0.0167 0.1846
14 0.4754 0.5691 0.0183 0.5425
21 0.5049 0.6673 0.0105 0.1420
16 0.5275 0.6153 0.0202 0.4370
3 0.5627 0.6381 0.0227 0.3306
19 0.5848 0.7799 0.0118 0.1556
6 0.6070 0.6415 0.0295 0.3250
21 0.6305 0.7438 0.0107 0.0969
3 0.6630 0.6382 0.0240 0.2838
21 0.6797 0.7040 0.0102 0.1137
24 0.7022 0.6494 0.0210 0.1763
6 0.7180 0.4528 0.0275 0.2095
20 0.7476 0.6266 0.0184 0.1837
6 0.7799 0.5882 0.0281 0.2381
24 0.8046 0.5948 0.0192 0.2060
20 0.8352 0.6168 0.0189 0.1984
7 0.8643 0.5726 0.0201 0.2541
23 0.8856 0.5724 0.0180 0.2889
7 0.8856 0.5724 0.0180 0.2889
16 0.9073 0.5448 0.0162 0.3472
14 0.9366 0.0589 0.0264 0.1240
10 0.9413 0.5963 0.0194 0.1649
7 0.9765 0.5122 0.0254 0.3198
