7 0.026674 0.661538 0.030335 0.492308
19 0.042364 0.884615 0.011506 0.200000
7 0.066423 0.607692 0.030335 0.538462
20 0.107218 0.615385 0.019874 0.338462
8 0.145921 0.615385 0.021967 0.584615
8 0.185146 0.584615 0.020921 0.492308
18 0.225941 0.561538 0.025105 0.138462
6 0.258891 0.553846 0.024059 0.461538
19 0.278766 0.769231 0.013598 0.338462
6 0.310669 0.507692 0.031381 0.523077
20 0.349372 0.561538 0.020921 0.415385
5 0.383891 0.530769 0.027197 0.538462
19 0.402197 0.746154 0.013598 0.292308
5 0.427301 0.500000 0.026151 0.569231
26 0.460774 0.507692 0.024059 0.646154
5 0.487448 0.553846 0.027197 0.553846
5 0.537134 0.507692 0.030335 0.584615
18 0.582636 0.561538 0.020921 0.200000
6 0.617678 0.476923 0.028243 0.461538
25 0.641213 0.600000 0.014644 0.307692
6 0.670502 0.476923 0.029289 0.523077
21 0.698745 0.676923 0.014644 0.184615
22 0.725941 0.576923 0.029289 0.353846
21 0.757322 0.638462 0.010460 0.138462
23 0.789749 0.446154 0.027197 0.523077
21 0.806485 0.661538 0.010460 0.123077
24 0.825837 0.530769 0.028243 0.384615
10 0.876046 0.576923 0.028243 0.323077
15 0.919456 0.461538 0.023013 0.707692
22 0.951360 0.476923 0.026151 0.400000
16 0.981695 0.453846 0.019874 0.600000
19 0.166841 0.784615 0.013598 0.307692
19 0.514121 0.723077 0.013598 0.276923
