7 0.026461 0.556338 0.026461 0.577465
25 0.057883 0.633803 0.018743 0.366197
7 0.090959 0.556338 0.029768 0.464789
20 0.143330 0.535211 0.022051 0.338028
8 0.191290 0.507042 0.023153 0.507042
25 0.222161 0.535211 0.014333 0.309859
8 0.252481 0.478873 0.024256 0.507042
20 0.311466 0.457746 0.025358 0.323944
22 0.353363 0.535211 0.031974 0.366197
25 0.384234 0.528169 0.018743 0.323944
22 0.424476 0.514085 0.030871 0.323944
20 0.465270 0.507042 0.026461 0.281690
23 0.511025 0.429577 0.031974 0.464789
23 0.575524 0.422535 0.026461 0.450704
20 0.617971 0.500000 0.023153 0.295775
24 0.653804 0.514085 0.019846 0.323944
25 0.687982 0.507042 0.015436 0.309859
24 0.716097 0.507042 0.027563 0.309859
18 0.754686 0.471831 0.020948 0.154930
6 0.792723 0.380282 0.030871 0.450704
6 0.843440 0.359155 0.035281 0.408451
10 0.878721 0.478873 0.026461 0.253521
5 0.917310 0.323944 0.033076 0.507042
5 0.975744 0.281690 0.028666 0.535211
25 0.944873 0.352113 0.013230 0.338028
25 0.816979 0.500000 0.008820 0.267606
25 0.546307 0.514085 0.018743 0.267606
