18 0.484375 0.457831 0.937500 0.192771
1 0.111979 0.243976 0.072917 0.198795
29 0.166667 0.819277 0.072917 0.325301
0 0.182292 0.228916 0.036458 0.204819
8 0.240885 0.213855 0.054688 0.186747
8 0.247396 0.665663 0.041667 0.162651
18 0.325521 0.777108 0.062500 0.072289
18 0.326823 0.219880 0.049479 0.066265
29 0.411458 0.304217 0.062500 0.234940
8 0.417969 0.765060 0.054688 0.228916
7 0.483073 0.677711 0.049479 0.186747
20 0.513021 0.253012 0.057292 0.144578
20 0.562500 0.771084 0.057292 0.168675
0 0.631510 0.222892 0.039062 0.192771
7 0.671875 0.756024 0.057292 0.234940
3 0.686198 0.228916 0.054688 0.180723
6 0.752604 0.632530 0.072917 0.180723
4 0.764323 0.219880 0.065104 0.210843
7 0.832031 0.096386 0.059896 0.180723
