7 0.0174 0.7721 0.0266 0.4314
2 0.0180 0.7570 0.0271 0.4468
19 0.0299 0.8909 0.0136 0.1824
3 0.0588 0.7750 0.0246 0.3707
20 0.0970 0.7744 0.0220 0.2379
3 0.1430 0.7503 0.0278 0.3632
19 0.1588 0.8735 0.0119 0.2029
7 0.1902 0.6774 0.0262 0.3265
21 0.2226 0.7552 0.0122 0.1215
22 0.2598 0.6984 0.0298 0.2556
23 0.2907 0.5948 0.0251 0.3579
18 0.3397 0.6261 0.0246 0.1565
24 0.3825 0.6158 0.0230 0.2528
21 0.4099 0.6740 0.0126 0.1131
19 0.4099 0.6687 0.0117 0.1112
27 0.4468 0.5994 0.0393 0.2130
21 0.4935 0.5979 0.0122 0.1287
27 0.5351 0.5581 0.0345 0.1999
7 0.5652 0.3353 0.0229 0.2768
18 0.5992 0.5226 0.0228 0.1318
27 0.6413 0.5320 0.0292 0.2190
28 0.6416 0.5235 0.0270 0.2247
21 0.6716 0.5349 0.0126 0.1265
7 0.7096 0.3532 0.0237 0.3617
18 0.7465 0.4123 0.0224 0.1486
8 0.7809 0.4014 0.0238 0.4097
20 0.8257 0.4306 0.0217 0.2848
23 0.8706 0.3497 0.0225 0.3156
10 0.9066 0.3902 0.0243 0.1775
27 0.9660 0.3535 0.0489 0.2217
