13 0.021454 0.440909 0.023643 0.663636
9 0.056918 0.413636 0.029772 0.227273
21 0.097198 0.450000 0.012259 0.136364
15 0.123468 0.395455 0.019264 0.481818
29 0.147986 0.486364 0.015762 0.354545
16 0.169877 0.409091 0.015762 0.454545
21 0.194834 0.431818 0.018389 0.172727
11 0.221103 0.322727 0.016637 0.500000
7 0.246497 0.345455 0.018389 0.345455
12 0.268389 0.322727 0.016637 0.463636
21 0.290718 0.413636 0.012259 0.136364
13 0.320053 0.377273 0.023643 0.536364
3 0.348949 0.331818 0.016637 0.336364
14 0.376532 0.368182 0.017513 0.645455
26 0.406743 0.400000 0.027145 0.545455
5 0.464974 0.322727 0.019264 0.336364
21 0.511384 0.450000 0.010508 0.118182
15 0.540718 0.336364 0.018389 0.454545
6 0.569615 0.354545 0.028897 0.363636
16 0.594133 0.354545 0.021891 0.472727
21 0.627408 0.472727 0.011384 0.127273
4 0.682574 0.381818 0.027145 0.345455
14 0.712347 0.404545 0.020140 0.681818
26 0.745184 0.372727 0.021016 0.600000
13 0.777145 0.445455 0.018389 0.800000
7 0.800350 0.363636 0.017513 0.381818
14 0.828809 0.418182 0.023643 0.690909
20 0.855517 0.418182 0.015762 0.218182
11 0.886602 0.431818 0.020140 0.590909
8 0.907180 0.427273 0.019264 0.400000
12 0.935201 0.427273 0.021016 0.618182
10 0.958844 0.500000 0.017513 0.218182
7 0.985114 0.404545 0.022767 0.354545
14 0.081874 0.395455 0.014886 0.536364
11 0.443520 0.336364 0.018389 0.490909
12 0.489930 0.340909 0.016637 0.500000
13 0.656305 0.454545 0.021891 0.745455
