17 0.0247 0.7036 0.0212 0.2761
19 0.0380 0.8646 0.0138 0.2134
8 0.0571 0.6986 0.0192 0.3257
6 0.0824 0.6714 0.0220 0.2617
20 0.0824 0.6765 0.0199 0.2168
29 0.0971 0.0345 0.0243 0.0750
5 0.1140 0.6002 0.0240 0.3369
20 0.1573 0.6232 0.0187 0.2220
8 0.2038 0.5713 0.0211 0.3367
19 0.2243 0.6897 0.0118 0.2083
9 0.2507 0.5403 0.0273 0.3344
7 0.2507 0.5403 0.0273 0.3344
29 0.2817 0.0415 0.0292 0.0828
29 0.2938 0.6675 0.0309 0.3830
27 0.3288 0.3846 0.0402 0.2022
18 0.3672 0.5753 0.0308 0.1518
9 0.4201 0.5411 0.0283 0.2962
29 0.4520 0.2988 0.0258 0.3029
20 0.4869 0.5167 0.0259 0.2854
22 0.5334 0.5441 0.0278 0.2224
23 0.5658 0.3060 0.0196 0.3081
18 0.5949 0.5152 0.0256 0.1256
23 0.6403 0.4338 0.0226 0.4177
26 0.6712 0.4591 0.0259 0.4807
8 0.6992 0.4628 0.0192 0.3388
19 0.7135 0.5982 0.0109 0.1838
7 0.7304 0.4393 0.0180 0.2993
20 0.7641 0.4697 0.0215 0.2422
8 0.8039 0.4279 0.0183 0.3262
19 0.8172 0.5365 0.0107 0.1647
6 0.8398 0.3848 0.0264 0.3373
29 0.8772 0.5137 0.0246 0.3548
6 0.9061 0.2508 0.0237 0.2319
10 0.9385 0.4542 0.0205 0.2150
6 0.9800 0.3343 0.0351 0.3147
