7 0.0199 0.7812 0.0285 0.3189
19 0.0414 0.9376 0.0147 0.1309
8 0.0621 0.7553 0.0247 0.3100
18 0.1068 0.7683 0.0218 0.1254
8 0.1454 0.6689 0.0216 0.3107
23 0.1778 0.6416 0.0228 0.2839
18 0.2188 0.6401 0.0241 0.1277
24 0.2561 0.6267 0.0218 0.1990
21 0.2872 0.6397 0.0128 0.1086
8 0.3337 0.5372 0.0247 0.3091
20 0.3680 0.5445 0.0206 0.2011
8 0.4195 0.4916 0.0207 0.2800
24 0.4539 0.3310 0.0262 0.2233
18 0.4852 0.4616 0.0256 0.0978
24 0.5237 0.4665 0.0228 0.2414
8 0.5533 0.2757 0.0169 0.2382
20 0.5814 0.4422 0.0242 0.2117
23 0.6327 0.3576 0.0262 0.3319
7 0.6624 0.2139 0.0209 0.2340
18 0.6978 0.3561 0.0267 0.0984
7 0.7414 0.3319 0.0235 0.2792
23 0.7705 0.2041 0.0233 0.2500
18 0.8201 0.3293 0.0253 0.1065
8 0.8573 0.2973 0.0216 0.2930
10 0.9050 0.3612 0.0265 0.1658
22 0.9660 0.3052 0.0371 0.2422
