7 0.014800 0.750000 0.026400 0.348485
25 0.042400 0.784091 0.011200 0.174242
0 0.084000 0.727273 0.017600 0.303030
18 0.122400 0.696970 0.025600 0.136364
8 0.170800 0.643939 0.023200 0.303030
10 0.210800 0.659091 0.018400 0.212121
0 0.252400 0.609848 0.018400 0.325758
20 0.298000 0.587121 0.026400 0.265152
2 0.350000 0.583333 0.028000 0.318182
21 0.382400 0.647727 0.014400 0.113636
1 0.421600 0.556818 0.033600 0.371212
18 0.468000 0.556818 0.024000 0.113636
2 0.506800 0.507576 0.023200 0.318182
19 0.533200 0.662879 0.016800 0.189394
1 0.566800 0.477273 0.031200 0.333333
20 0.615200 0.503788 0.022400 0.219697
8 0.654800 0.431818 0.020000 0.333333
7 0.688800 0.424242 0.022400 0.348485
18 0.740000 0.439394 0.017600 0.121212
13 0.791600 0.405303 0.028000 0.598485
18 0.837200 0.367424 0.039200 0.143939
1 0.838800 0.598485 0.031200 0.287879
0 0.839200 0.170455 0.016000 0.280303
14 0.886800 0.378788 0.028000 0.681818
15 0.927600 0.303030 0.024800 0.439394
7 0.957200 0.253788 0.020000 0.280303
16 0.985600 0.253788 0.028800 0.477273
19 0.672000 0.549242 0.016000 0.159091
