1 0.0352 0.5954 0.0370 0.4916
1 0.0943 0.5658 0.0270 0.4120
1 0.1517 0.5452 0.0328 0.3927
1 0.2055 0.5388 0.0341 0.4651
1 0.2706 0.5710 0.0334 0.4365
1 0.3305 0.5409 0.0321 0.3634
29 0.3864 0.5035 0.0351 0.3765
1 0.4463 0.5138 0.0340 0.4119
1 0.5028 0.5118 0.0316 0.3887
1 0.5622 0.5657 0.0320 0.3714
1 0.6306 0.5614 0.0265 0.3533
1 0.6959 0.4791 0.0241 0.3264
1 0.7418 0.4334 0.0236 0.3347
1 0.8092 0.4529 0.0303 0.3230
1 0.8666 0.5115 0.0272 0.3527
1 0.9288 0.5143 0.0252 0.3438
1 0.9795 0.5397 0.0284 0.3536
