4 0.0231 0.7202 0.0382 0.3938
19 0.0670 0.8865 0.0208 0.1850
7 0.1087 0.7030 0.0318 0.3728
20 0.1662 0.7269 0.0307 0.2336
8 0.2264 0.6641 0.0289 0.3312
18 0.2787 0.6490 0.0230 0.0896
7 0.3374 0.5857 0.0303 0.3207
10 0.3983 0.6235 0.0299 0.1818
1 0.4594 0.5205 0.0330 0.2533
19 0.5010 0.6171 0.0144 0.1530
7 0.5408 0.4615 0.0273 0.2695
21 0.5766 0.5462 0.0180 0.0992
8 0.6198 0.4338 0.0236 0.2532
20 0.6628 0.4248 0.0265 0.2150
8 0.7124 0.3852 0.0247 0.2576
8 0.7504 0.1891 0.0209 0.2192
21 0.7770 0.4258 0.0167 0.0828
5 0.8030 0.3109 0.0287 0.3044
20 0.8619 0.3479 0.0285 0.2343
3 0.9061 0.2958 0.0287 0.2952
19 0.9296 0.4117 0.0177 0.1753
2 0.9699 0.2730 0.0366 0.2875
