7 0.0158 0.7274 0.0291 0.3916
19 0.0337 0.8881 0.0145 0.1976
7 0.0623 0.6919 0.0275 0.3801
8 0.0927 0.4624 0.0212 0.2715
20 0.1192 0.6726 0.0245 0.2707
23 0.1615 0.6406 0.0249 0.3645
22 0.1858 0.4801 0.0233 0.2643
18 0.2143 0.6248 0.0300 0.1185
23 0.2499 0.5434 0.0231 0.3835
24 0.2803 0.3805 0.0252 0.2844
20 0.3112 0.5842 0.0209 0.2537
27 0.3573 0.6108 0.0393 0.2108
21 0.3932 0.6110 0.0129 0.1288
28 0.4304 0.5307 0.0301 0.2430
18 0.4776 0.4828 0.0329 0.1590
13 0.5359 0.4603 0.0247 0.6300
22 0.5630 0.4289 0.0267 0.2779
18 0.6049 0.3724 0.0264 0.1856
23 0.6394 0.3317 0.0230 0.4056
14 0.6802 0.3885 0.0299 0.6311
21 0.7075 0.4281 0.0139 0.1371
15 0.7367 0.3813 0.0234 0.6968
22 0.7697 0.3839 0.0280 0.3086
18 0.8115 0.3836 0.0233 0.1507
23 0.8433 0.2989 0.0249 0.3966
16 0.8697 0.3570 0.0274 0.6141
12 0.8697 0.3570 0.0274 0.6141
10 0.9133 0.3764 0.0297 0.2864
22 0.9655 0.3782 0.0319 0.2927
