6 0.0163 0.5093 0.0339 0.3225
19 0.0420 0.6281 0.0147 0.1756
6 0.0715 0.4807 0.0315 0.3083
20 0.1138 0.5186 0.0227 0.2092
7 0.1640 0.5054 0.0313 0.3413
19 0.1881 0.6484 0.0142 0.1606
7 0.2076 0.4882 0.0237 0.2833
18 0.2533 0.4669 0.0218 0.1617
8 0.2903 0.4875 0.0213 0.3134
19 0.3168 0.6138 0.0155 0.1656
8 0.3367 0.4624 0.0226 0.3088
10 0.3914 0.5190 0.0232 0.1838
2 0.4350 0.4672 0.0268 0.2850
19 0.4666 0.5978 0.0182 0.1784
1 0.4963 0.4013 0.0255 0.3182
27 0.5458 0.4140 0.0429 0.1743
1 0.5776 0.2423 0.0220 0.1755
20 0.6155 0.3910 0.0196 0.1878
8 0.6594 0.3316 0.0215 0.3510
8 0.6872 0.1499 0.0195 0.2544
29 0.7185 0.5091 0.0303 0.3926
21 0.7619 0.4136 0.0214 0.1757
29 0.8035 0.4607 0.0336 0.4434
2 0.8448 0.1630 0.0273 0.2838
10 0.9002 0.3626 0.0281 0.2039
6 0.9706 0.2680 0.0399 0.3274
