15 0.025886 0.682796 0.031789 0.526882
7 0.056767 0.650538 0.022707 0.354839
16 0.082652 0.618280 0.021798 0.440860
26 0.117166 0.682796 0.025431 0.462366
15 0.147593 0.634409 0.022707 0.494624
8 0.168029 0.618280 0.019982 0.440860
16 0.191644 0.612903 0.021798 0.473118
26 0.222071 0.655914 0.026340 0.473118
15 0.259764 0.580645 0.023615 0.451613
0 0.282925 0.575269 0.011807 0.354839
16 0.304723 0.559140 0.017257 0.494624
26 0.337875 0.543011 0.019982 0.462366
15 0.366485 0.510753 0.019074 0.440860
6 0.399183 0.478495 0.028156 0.333333
26 0.458674 0.478495 0.023615 0.548387
15 0.483197 0.478495 0.019982 0.419355
3 0.513170 0.494624 0.019982 0.365591
16 0.534968 0.462366 0.018165 0.387097
26 0.561308 0.494624 0.023615 0.451613
15 0.596276 0.462366 0.017257 0.430108
7 0.625795 0.424731 0.019982 0.397849
26 0.681653 0.473118 0.022707 0.559140
15 0.708901 0.456989 0.019074 0.526882
4 0.732970 0.446237 0.023615 0.354839
16 0.750681 0.451613 0.017257 0.451613
26 0.782925 0.413978 0.021798 0.483871
15 0.817893 0.403226 0.024523 0.440860
5 0.844233 0.365591 0.024523 0.344086
16 0.872843 0.354839 0.023615 0.451613
26 0.903724 0.381720 0.023615 0.591398
15 0.933697 0.338710 0.019982 0.483871
6 0.961853 0.322581 0.027248 0.430108
16 0.420073 0.478495 0.020890 0.440860
16 0.983651 0.290323 0.021798 0.537634
16 0.646231 0.424731 0.017257 0.462366
