0 0.0329 0.6656 0.0320 0.4698
1 0.0769 0.6155 0.0271 0.4553
2 0.1196 0.5972 0.0261 0.4556
25 0.1630 0.6478 0.0179 0.3024
3 0.2082 0.5685 0.0219 0.4875
3 0.2412 0.5625 0.0255 0.4201
3 0.2780 0.5656 0.0253 0.4424
20 0.3246 0.5392 0.0230 0.3617
4 0.3820 0.4657 0.0283 0.4564
26 0.4046 0.5086 0.0209 0.4674
4 0.4410 0.4347 0.0328 0.5210
26 0.4716 0.4351 0.0232 0.5068
4 0.5115 0.4119 0.0297 0.5273
20 0.5617 0.4123 0.0237 0.3961
5 0.6201 0.3595 0.0297 0.4653
6 0.6532 0.3550 0.0281 0.4600
5 0.6857 0.3291 0.0268 0.5090
18 0.7343 0.3313 0.0260 0.1517
6 0.7742 0.2734 0.0231 0.4842
5 0.7975 0.2516 0.0210 0.4818
5 0.8279 0.2758 0.0239 0.4038
10 0.8604 0.3509 0.0216 0.2871
15 0.8997 0.2760 0.0228 0.5613
3 0.9393 0.2455 0.0235 0.4211
16 0.9799 0.2270 0.0251 0.4456
15 0.9799 0.2270 0.0251 0.4456
