11 0.0162 0.6466 0.0260 0.6058
9 0.0519 0.6909 0.0249 0.2539
7 0.0814 0.4826 0.0196 0.2318
18 0.1159 0.6174 0.0244 0.1104
7 0.1571 0.5683 0.0201 0.2914
29 0.1852 0.4390 0.0206 0.2328
18 0.2176 0.5868 0.0154 0.1104
8 0.2569 0.5650 0.0193 0.3462
9 0.2848 0.6187 0.0256 0.1916
20 0.3182 0.5847 0.0189 0.2178
3 0.3550 0.5321 0.0228 0.3064
19 0.3701 0.6541 0.0110 0.1441
4 0.3884 0.5144 0.0247 0.2888
12 0.4131 0.5379 0.0241 0.4742
21 0.4359 0.5872 0.0108 0.1568
11 0.4593 0.5136 0.0223 0.5086
29 0.4994 0.6231 0.0225 0.3777
8 0.5301 0.3472 0.0154 0.2371
18 0.5536 0.5353 0.0225 0.1251
13 0.5913 0.5138 0.0255 0.5318
9 0.6252 0.5413 0.0235 0.2395
8 0.6466 0.3234 0.0173 0.2469
18 0.6672 0.5571 0.0189 0.1229
3 0.7026 0.5093 0.0189 0.3245
8 0.7246 0.3198 0.0137 0.1881
20 0.7469 0.5464 0.0196 0.2448
4 0.7862 0.4901 0.0240 0.3519
8 0.8048 0.3820 0.0155 0.2797
18 0.8272 0.5100 0.0147 0.0976
24 0.8544 0.4548 0.0190 0.2542
7 0.8724 0.3250 0.0163 0.2545
12 0.8956 0.4388 0.0183 0.5470
14 0.8956 0.4388 0.0183 0.5470
12 0.9243 0.4336 0.0200 0.5165
10 0.9549 0.4641 0.0218 0.2506
7 0.9886 0.3798 0.0243 0.3620
