7 0.0355 0.5712 0.0306 0.3820
19 0.0590 0.7946 0.0197 0.2516
7 0.1008 0.5627 0.0320 0.4156
8 0.1447 0.5728 0.0338 0.3866
29 0.1999 0.7013 0.0343 0.4895
2 0.2457 0.2804 0.0240 0.3292
18 0.2839 0.5296 0.0297 0.1523
7 0.3474 0.4119 0.0323 0.3695
19 0.3731 0.6104 0.0174 0.1947
8 0.3969 0.3833 0.0221 0.3339
8 0.4264 0.3588 0.0286 0.3747
9 0.4729 0.3772 0.0384 0.2748
7 0.5088 0.1216 0.0302 0.2340
26 0.5546 0.2566 0.0402 0.5045
7 0.6066 0.2492 0.0321 0.3913
19 0.6343 0.4266 0.0162 0.2224
8 0.6633 0.2487 0.0251 0.3895
6 0.7003 0.2209 0.0340 0.4303
5 0.7458 0.1644 0.0312 0.3533
10 0.7929 0.2271 0.0330 0.2458
22 0.8411 0.2307 0.0373 0.2932
21 0.8960 0.2820 0.0209 0.1363
24 0.9501 0.1697 0.0415 0.2977
