18 0.0639 0.5528 0.0948 0.1523
7 0.0350 0.7851 0.0275 0.2391
8 0.0359 0.4063 0.0205 0.2267
19 0.0509 0.4701 0.0085 0.0967
19 0.0535 0.9018 0.0108 0.1340
8 0.0713 0.3807 0.0191 0.2492
8 0.0758 0.7978 0.0207 0.2358
7 0.0954 0.2169 0.0213 0.1993
21 0.1493 0.5350 0.0114 0.1047
9 0.1925 0.4619 0.0306 0.2106
8 0.2292 0.2223 0.0167 0.2047
19 0.2445 0.2967 0.0114 0.1466
0 0.2656 0.1928 0.0182 0.2362
7 0.2669 0.1973 0.0176 0.2404
20 0.2974 0.1973 0.0207 0.1578
29 0.3281 0.2204 0.0208 0.2258
18 0.3683 0.4355 0.0264 0.1045
29 0.4192 0.5095 0.0233 0.3267
9 0.4492 0.2973 0.0264 0.1814
20 0.4767 0.4314 0.0239 0.1862
13 0.5169 0.4061 0.0272 0.5316
9 0.5471 0.3732 0.0283 0.2067
18 0.5729 0.3779 0.0184 0.0955
29 0.6021 0.4252 0.0220 0.3131
21 0.6570 0.3899 0.0113 0.0957
15 0.6871 0.3646 0.0212 0.3941
16 0.6879 0.3737 0.0215 0.3682
20 0.7191 0.3488 0.0249 0.2439
3 0.7192 0.3476 0.0211 0.2196
19 0.7389 0.4182 0.0121 0.1225
7 0.7562 0.3098 0.0178 0.2090
21 0.7789 0.3512 0.0133 0.1004
7 0.8050 0.2949 0.0191 0.2515
0 0.8041 0.2937 0.0173 0.2344
19 0.8222 0.4047 0.0103 0.0983
4 0.8413 0.2826 0.0262 0.2526
29 0.8693 0.4100 0.0239 0.2930
16 0.8997 0.3038 0.0229 0.3179
10 0.9456 0.3369 0.0217 0.1511
6 0.9790 0.3017 0.0364 0.2760
