2 0.040000 0.694444 0.045714 0.477778
21 0.086429 0.816667 0.018571 0.188889
6 0.132143 0.688889 0.044286 0.466667
20 0.215714 0.672222 0.034286 0.300000
6 0.307857 0.561111 0.047143 0.455556
21 0.361429 0.700000 0.017143 0.155556
7 0.416429 0.505556 0.032857 0.500000
20 0.507143 0.527778 0.031429 0.366667
7 0.593571 0.533333 0.032857 0.488889
21 0.639286 0.633333 0.018571 0.133333
8 0.695000 0.511111 0.032857 0.533333
18 0.776429 0.550000 0.041429 0.166667
8 0.870000 0.472222 0.034286 0.455556
19 0.902143 0.716667 0.024286 0.300000
3 0.950714 0.500000 0.041429 0.422222
