22 0.0257 0.4784 0.0237 0.2269
23 0.0449 0.3238 0.0163 0.2209
24 0.0635 0.3281 0.0177 0.1926
20 0.0991 0.4646 0.0190 0.1930
23 0.1312 0.4005 0.0186 0.2913
24 0.1483 0.4413 0.0170 0.1721
22 0.1709 0.2517 0.0205 0.1962
18 0.2045 0.3891 0.0177 0.1152
13 0.2506 0.4081 0.0257 0.5684
22 0.2818 0.4266 0.0259 0.2807
23 0.3108 0.2435 0.0167 0.2987
20 0.3408 0.4565 0.0198 0.2499
24 0.3714 0.4401 0.0195 0.2283
3 0.3912 0.2427 0.0199 0.2210
22 0.3930 0.2418 0.0194 0.2676
14 0.4236 0.4055 0.0232 0.5331
21 0.4488 0.4654 0.0130 0.0982
15 0.4778 0.4123 0.0193 0.4145
3 0.5101 0.4255 0.0212 0.2532
23 0.5350 0.4047 0.0191 0.3198
18 0.5642 0.4438 0.0157 0.1222
1 0.5926 0.4099 0.0295 0.3116
19 0.6122 0.5472 0.0125 0.1491
3 0.6370 0.4431 0.0224 0.2469
22 0.6657 0.4704 0.0231 0.1932
20 0.7018 0.4660 0.0172 0.1778
6 0.7412 0.4378 0.0294 0.3170
15 0.7650 0.4602 0.0169 0.4662
16 0.7650 0.4602 0.0169 0.4662
21 0.7925 0.5476 0.0093 0.1180
13 0.8285 0.5141 0.0250 0.6346
6 0.8559 0.4639 0.0284 0.3092
19 0.8755 0.6130 0.0116 0.1666
14 0.8978 0.5337 0.0216 0.2505
3 0.8979 0.5195 0.0214 0.2881
14 0.9259 0.5455 0.0227 0.5655
10 0.9550 0.5060 0.0210 0.1990
6 0.9800 0.4796 0.0292 0.2605
