3 0.027804 0.618557 0.030681 0.309278
19 0.045062 0.721649 0.013423 0.206186
7 0.072387 0.530928 0.023969 0.340206
21 0.100192 0.567010 0.016299 0.144330
7 0.148130 0.505155 0.027804 0.371134
19 0.164909 0.685567 0.011505 0.175258
8 0.186481 0.500000 0.020134 0.340206
18 0.229147 0.505155 0.024928 0.123711
8 0.276127 0.448454 0.021093 0.360825
19 0.294343 0.608247 0.015340 0.206186
3 0.318792 0.453608 0.025887 0.350515
20 0.365772 0.448454 0.022052 0.237113
24 0.405561 0.479381 0.026846 0.278351
22 0.436721 0.268041 0.025887 0.247423
18 0.471716 0.432990 0.026846 0.123711
13 0.517737 0.484536 0.026846 0.639175
22 0.556568 0.463918 0.029722 0.268041
18 0.587248 0.438144 0.018217 0.134021
23 0.621764 0.402062 0.023969 0.432990
14 0.654362 0.479381 0.027804 0.752577
21 0.686961 0.530928 0.022052 0.175258
15 0.721956 0.422680 0.026846 0.494845
23 0.755513 0.381443 0.023011 0.412371
20 0.787632 0.448454 0.016299 0.257732
24 0.822148 0.422680 0.025887 0.268041
16 0.858102 0.402062 0.024928 0.536082
10 0.911793 0.443299 0.028763 0.226804
23 0.960211 0.350515 0.029722 0.453608
