17 0.0135 0.4032 0.0240 0.3728
19 0.0326 0.4933 0.0114 0.1903
3 0.0571 0.3752 0.0197 0.3431
7 0.0843 0.3534 0.0165 0.3588
5 0.1091 0.3328 0.0183 0.4093
20 0.1405 0.4002 0.0171 0.2212
8 0.1855 0.3473 0.0177 0.3318
19 0.2013 0.4907 0.0118 0.2004
7 0.2202 0.3248 0.0182 0.3406
26 0.2428 0.3313 0.0181 0.4026
8 0.2679 0.3567 0.0144 0.3407
19 0.2780 0.4649 0.0091 0.2031
5 0.2981 0.3085 0.0213 0.3352
25 0.3284 0.3862 0.0119 0.1935
3 0.3657 0.3505 0.0206 0.3157
19 0.3851 0.4802 0.0128 0.1694
5 0.4064 0.3340 0.0236 0.3251
20 0.4383 0.3765 0.0186 0.2310
13 0.4792 0.4342 0.0240 0.6169
22 0.5136 0.4601 0.0257 0.2454
18 0.5458 0.4340 0.0248 0.1627
23 0.5709 0.3793 0.0211 0.4238
14 0.6028 0.4308 0.0258 0.6521
21 0.6330 0.4925 0.0149 0.1472
3 0.6897 0.4373 0.0218 0.3285
19 0.7079 0.5736 0.0125 0.1569
7 0.7254 0.4610 0.0203 0.3892
26 0.7501 0.4870 0.0203 0.4484
0 0.7740 0.4849 0.0175 0.3353
19 0.7880 0.6360 0.0121 0.1705
3 0.8101 0.5347 0.0220 0.3482
12 0.8384 0.5132 0.0228 0.4913
21 0.8647 0.5603 0.0118 0.1365
16 0.8866 0.4891 0.0204 0.4378
7 0.9115 0.4650 0.0206 0.3204
16 0.9342 0.4610 0.0193 0.4055
10 0.9623 0.5102 0.0207 0.2002
6 0.9903 0.4346 0.0220 0.2613
