20 0.0220 0.6659 0.0276 0.2581
20 0.1039 0.6417 0.0257 0.2641
20 0.1703 0.5966 0.0274 0.2914
20 0.2441 0.5707 0.0289 0.2806
20 0.3280 0.4910 0.0248 0.2747
20 0.3971 0.4363 0.0266 0.2657
6 0.4667 0.4515 0.0289 0.3021
20 0.4668 0.4385 0.0286 0.2986
20 0.5892 0.3746 0.0297 0.2603
20 0.6621 0.3512 0.0245 0.2756
20 0.7200 0.3094 0.0287 0.2710
20 0.7749 0.3101 0.0237 0.2311
20 0.8296 0.2824 0.0278 0.2551
6 0.8804 0.2182 0.0286 0.2308
20 0.8800 0.2077 0.0274 0.2514
20 0.9319 0.2162 0.0261 0.2767
20 0.9797 0.2278 0.0272 0.2696
