7 0.0280 0.6935 0.0273 0.3074
25 0.0585 0.7044 0.0131 0.2141
8 0.0951 0.6412 0.0234 0.3894
18 0.1530 0.5928 0.0322 0.1515
8 0.2174 0.5666 0.0198 0.3786
21 0.2519 0.6669 0.0155 0.1158
7 0.2934 0.5190 0.0266 0.3627
20 0.3389 0.6245 0.0228 0.2430
13 0.3786 0.5916 0.0246 0.7116
24 0.4189 0.4575 0.0202 0.2679
18 0.4595 0.4636 0.0262 0.1299
23 0.4912 0.4320 0.0231 0.3546
14 0.5285 0.5187 0.0278 0.8269
21 0.5670 0.4624 0.0238 0.1481
15 0.6022 0.4339 0.0265 0.5916
22 0.6365 0.4132 0.0280 0.2807
18 0.6737 0.4059 0.0288 0.1424
23 0.7131 0.3089 0.0235 0.4020
15 0.7446 0.3577 0.0275 0.5942
16 0.7446 0.3577 0.0275 0.5942
21 0.7814 0.3733 0.0163 0.1456
15 0.8258 0.2775 0.0316 0.4584
7 0.8602 0.2275 0.0233 0.3692
18 0.9001 0.2785 0.0282 0.1359
8 0.9354 0.1912 0.0219 0.3648
18 0.9760 0.3894 0.0324 0.1147
16 0.9749 0.2189 0.0230 0.4095
