15 0.027866 0.725000 0.030255 0.550000
7 0.073248 0.700000 0.035032 0.450000
19 0.105096 0.881250 0.015924 0.187500
8 0.136943 0.662500 0.035032 0.475000
18 0.204618 0.675000 0.033439 0.125000
8 0.260350 0.656250 0.030255 0.387500
19 0.285032 0.837500 0.022293 0.200000
7 0.321656 0.606250 0.038217 0.412500
21 0.368631 0.762500 0.020701 0.175000
2 0.424363 0.625000 0.039809 0.450000
19 0.457006 0.756250 0.022293 0.212500
0 0.491242 0.600000 0.020701 0.375000
4 0.523885 0.537500 0.044586 0.450000
25 0.575637 0.593750 0.020701 0.237500
8 0.632166 0.556250 0.031847 0.462500
19 0.663217 0.718750 0.023885 0.212500
7 0.696656 0.518750 0.033439 0.437500
26 0.742834 0.512500 0.042994 0.575000
7 0.780255 0.456250 0.031847 0.437500
7 0.816083 0.437500 0.030255 0.425000
16 0.839172 0.400000 0.038217 0.725000
10 0.874204 0.506250 0.028662 0.237500
9 0.933121 0.456250 0.047771 0.287500
7 0.967357 0.162500 0.030255 0.300000
