24 0.0283 0.7485 0.0351 0.3239
7 0.0607 0.4818 0.0227 0.2650
18 0.1064 0.6881 0.0296 0.1541
7 0.1604 0.5909 0.0215 0.4325
26 0.1953 0.5949 0.0281 0.4781
6 0.2324 0.5715 0.0309 0.3465
20 0.2858 0.5987 0.0236 0.2882
8 0.3302 0.5656 0.0215 0.4423
26 0.3674 0.5692 0.0277 0.4452
23 0.4024 0.5696 0.0257 0.3797
20 0.4482 0.5701 0.0234 0.2282
0 0.4963 0.5161 0.0164 0.2737
19 0.5232 0.6364 0.0166 0.1884
7 0.5624 0.4863 0.0277 0.3089
8 0.5927 0.4852 0.0218 0.3365
6 0.6238 0.4835 0.0297 0.3641
21 0.6582 0.5606 0.0124 0.1502
22 0.7014 0.4642 0.0281 0.2552
7 0.7265 0.2558 0.0212 0.2714
20 0.7675 0.4416 0.0227 0.2203
23 0.7979 0.3862 0.0255 0.3808
6 0.8269 0.1903 0.0274 0.2736
1 0.8269 0.1778 0.0264 0.2738
10 0.8771 0.5118 0.0353 0.2706
7 0.9373 0.3815 0.0301 0.3268
19 0.9578 0.5833 0.0126 0.1815
7 0.9806 0.4121 0.0294 0.3465
