11 0.0208 0.4863 0.0243 0.5312
3 0.0512 0.5102 0.0198 0.3553
8 0.0830 0.4900 0.0178 0.3838
9 0.1172 0.5468 0.0252 0.2253
7 0.1396 0.3334 0.0199 0.2885
18 0.1746 0.5297 0.0196 0.1348
29 0.2201 0.6224 0.0248 0.4414
7 0.2487 0.3590 0.0196 0.2932
12 0.2656 0.4858 0.0191 0.5033
21 0.2912 0.5729 0.0122 0.1446
15 0.3256 0.5412 0.0189 0.5166
16 0.3256 0.5412 0.0189 0.5166
3 0.3597 0.5882 0.0209 0.3852
19 0.3798 0.6916 0.0122 0.1787
7 0.3999 0.5437 0.0221 0.3475
29 0.4282 0.6964 0.0224 0.4050
21 0.4556 0.6663 0.0126 0.1269
9 0.4781 0.5831 0.0278 0.2907
7 0.5020 0.3295 0.0218 0.2981
18 0.5289 0.5765 0.0196 0.1287
8 0.5716 0.5342 0.0213 0.4081
3 0.6065 0.5661 0.0238 0.3434
29 0.6324 0.7264 0.0260 0.4063
16 0.6610 0.5934 0.0185 0.5197
21 0.6932 0.6753 0.0138 0.1391
13 0.7328 0.6176 0.0249 0.6725
27 0.7750 0.5991 0.0387 0.2148
7 0.8078 0.3484 0.0195 0.2891
18 0.8284 0.5704 0.0144 0.1407
28 0.8629 0.5676 0.0286 0.2505
27 0.8624 0.5632 0.0260 0.2431
8 0.8913 0.3279 0.0160 0.2925
14 0.9239 0.5387 0.0237 0.7609
10 0.9575 0.5167 0.0214 0.2709
16 0.9864 0.4536 0.0231 0.4021
8 0.9876 0.4414 0.0224 0.3889
