28 0.018755 0.676692 0.029529 0.165414
7 0.045890 0.398496 0.018356 0.240602
18 0.067837 0.387218 0.015962 0.082707
8 0.092578 0.353383 0.015962 0.210526
6 0.107741 0.195489 0.020750 0.195489
20 0.135275 0.556391 0.018356 0.225564
29 0.185954 0.639098 0.025539 0.390977
8 0.209497 0.383459 0.015164 0.195489
18 0.235834 0.530075 0.021548 0.097744
7 0.272147 0.466165 0.020750 0.255639
19 0.284118 0.612782 0.011173 0.172932
3 0.302474 0.515038 0.022346 0.248120
26 0.338388 0.530075 0.023943 0.368421
3 0.369513 0.530075 0.020750 0.278195
19 0.380686 0.635338 0.009577 0.142857
8 0.400638 0.492481 0.017558 0.263158
20 0.428172 0.541353 0.015164 0.195489
3 0.461692 0.503759 0.021548 0.300752
4 0.512370 0.477444 0.023943 0.323308
10 0.541500 0.571429 0.018356 0.180451
2 0.583799 0.488722 0.016760 0.240602
1 0.609338 0.477444 0.018356 0.323308
8 0.634876 0.462406 0.016760 0.263158
20 0.668396 0.488722 0.016760 0.180451
3 0.698723 0.477444 0.026337 0.263158
19 0.715882 0.609023 0.011173 0.165414
4 0.743815 0.477444 0.030327 0.323308
18 0.784916 0.500000 0.018356 0.112782
1 0.818436 0.492481 0.026337 0.278195
9 0.849561 0.530075 0.026337 0.203008
3 0.873504 0.349624 0.018356 0.248120
20 0.902235 0.492481 0.016760 0.157895
27 0.938547 0.518797 0.031923 0.180451
28 0.962091 0.327068 0.019952 0.187970
25 0.478053 0.541353 0.009577 0.270677
