13 0.019355 0.533333 0.035023 0.723810
22 0.057604 0.504762 0.028571 0.304762
18 0.093548 0.447619 0.023041 0.152381
23 0.128111 0.404762 0.022120 0.390476
14 0.159908 0.480952 0.028571 0.752381
21 0.202765 0.447619 0.014747 0.133333
15 0.256221 0.400000 0.027650 0.495238
22 0.297235 0.419048 0.026728 0.247619
18 0.334101 0.404762 0.026728 0.142857
23 0.366359 0.371429 0.021198 0.400000
16 0.395392 0.380952 0.022120 0.552381
21 0.448848 0.452381 0.011060 0.142857
13 0.488479 0.428571 0.027650 0.666667
3 0.524424 0.347619 0.027650 0.390476
25 0.556682 0.385714 0.012903 0.200000
7 0.591705 0.295238 0.029493 0.361905
14 0.626267 0.352381 0.028571 0.647619
18 0.670046 0.314286 0.031336 0.133333
7 0.712903 0.276190 0.021198 0.342857
26 0.738710 0.333333 0.019355 0.457143
5 0.774654 0.347619 0.026728 0.352381
10 0.817051 0.357143 0.026728 0.238095
22 0.865438 0.333333 0.027650 0.209524
20 0.905991 0.333333 0.027650 0.247619
24 0.949309 0.347619 0.029493 0.276190
