24 0.0220 0.7523 0.0359 0.4812
21 0.0773 0.8271 0.0175 0.2565
1 0.1308 0.6669 0.0348 0.6743
26 0.1307 0.6472 0.0333 0.6775
26 0.1742 0.6705 0.0263 0.7049
7 0.2119 0.6212 0.0257 0.7702
26 0.2520 0.6172 0.0266 0.7268
8 0.2996 0.6175 0.0278 0.5997
26 0.3463 0.5637 0.0284 0.7521
2 0.3905 0.5357 0.0302 0.6472
4 0.3926 0.5131 0.0311 0.6075
26 0.4274 0.5367 0.0254 0.6407
5 0.4714 0.4849 0.0301 0.7253
26 0.5219 0.4616 0.0277 0.7016
6 0.5761 0.3811 0.0285 0.5353
26 0.6197 0.3831 0.0231 0.6972
3 0.6629 0.3821 0.0305 0.5488
26 0.7083 0.3310 0.0283 0.6486
2 0.7529 0.3507 0.0326 0.5783
26 0.8000 0.3026 0.0278 0.6582
17 0.8317 0.3001 0.0297 0.5022
10 0.8881 0.4086 0.0308 0.3321
27 0.9622 0.2210 0.0667 0.3551
