7 0.027306 0.555556 0.030340 0.422222
19 0.052184 0.727778 0.014563 0.166667
7 0.082524 0.572222 0.026699 0.366667
21 0.126820 0.666667 0.018204 0.155556
7 0.170510 0.555556 0.030340 0.377778
19 0.194782 0.755556 0.018204 0.266667
7 0.232403 0.566667 0.032767 0.422222
21 0.277913 0.666667 0.021845 0.200000
8 0.328883 0.538889 0.026699 0.411111
19 0.352549 0.666667 0.015777 0.200000
8 0.387743 0.511111 0.027913 0.422222
21 0.430825 0.566667 0.016990 0.133333
6 0.468447 0.444444 0.033981 0.400000
19 0.495146 0.616667 0.014563 0.211111
6 0.527306 0.444444 0.032767 0.422222
21 0.566141 0.577778 0.018204 0.155556
5 0.618325 0.405556 0.030340 0.411111
19 0.631675 0.611111 0.018204 0.222222
5 0.669296 0.438889 0.027913 0.388889
21 0.718447 0.555556 0.019417 0.133333
4 0.760316 0.411111 0.032767 0.400000
19 0.786408 0.583333 0.016990 0.166667
4 0.825243 0.411111 0.041262 0.400000
10 0.874393 0.516667 0.027913 0.277778
0 0.916869 0.411111 0.020631 0.400000
19 0.938107 0.605556 0.016990 0.255556
0 0.970267 0.394444 0.018204 0.477778
