11 0.037101 0.540000 0.018982 0.740000
3 0.063417 0.610000 0.023296 0.400000
7 0.095341 0.570000 0.016393 0.420000
9 0.123382 0.590000 0.025884 0.320000
7 0.148404 0.315000 0.018982 0.370000
18 0.178171 0.535000 0.030198 0.170000
29 0.213978 0.640000 0.024159 0.440000
6 0.241156 0.300000 0.021570 0.300000
12 0.261001 0.515000 0.026747 0.750000
21 0.287748 0.625000 0.011217 0.170000
15 0.317947 0.480000 0.019845 0.640000
7 0.345988 0.455000 0.020708 0.430000
19 0.363676 0.695000 0.012942 0.190000
3 0.389129 0.460000 0.022433 0.400000
27 0.422347 0.345000 0.037101 0.210000
20 0.459448 0.540000 0.019845 0.260000
3 0.496117 0.505000 0.022433 0.410000
19 0.511217 0.675000 0.011217 0.230000
8 0.530630 0.485000 0.018982 0.410000
28 0.564711 0.540000 0.021570 0.220000
16 0.592321 0.455000 0.016393 0.590000
21 0.618205 0.580000 0.011217 0.140000
13 0.647110 0.580000 0.027610 0.840000
27 0.688093 0.550000 0.035375 0.220000
18 0.720880 0.560000 0.023296 0.120000
28 0.760138 0.570000 0.027610 0.200000
14 0.807593 0.530000 0.027610 0.760000
10 0.838223 0.540000 0.021570 0.280000
6 0.885677 0.455000 0.021570 0.370000
19 0.903796 0.625000 0.011217 0.230000
3 0.928387 0.480000 0.017256 0.360000
5 0.951251 0.450000 0.023296 0.380000
19 0.081104 0.740000 0.012079 0.240000
7 0.787748 0.305000 0.017256 0.290000
