13 0.0168 0.5640 0.0254 0.7158
17 0.0434 0.5123 0.0179 0.3726
19 0.0626 0.6498 0.0108 0.2151
17 0.0865 0.4822 0.0223 0.2770
0 0.1063 0.4814 0.0181 0.2395
17 0.1063 0.4814 0.0181 0.2395
17 0.1273 0.4828 0.0195 0.2756
17 0.1527 0.4617 0.0181 0.3089
17 0.1720 0.4783 0.0198 0.2671
17 0.1972 0.4542 0.0217 0.3038
17 0.2231 0.4575 0.0223 0.2992
17 0.2482 0.4553 0.0206 0.2909
17 0.2704 0.4629 0.0204 0.3170
17 0.2998 0.4915 0.0248 0.3082
17 0.3265 0.4563 0.0219 0.2869
17 0.3539 0.4622 0.0241 0.2824
17 0.3795 0.4556 0.0237 0.2777
17 0.4078 0.4396 0.0232 0.2786
17 0.4386 0.4589 0.0208 0.2721
17 0.4801 0.4902 0.0233 0.2816
17 0.5152 0.4562 0.0248 0.2931
17 0.5432 0.4616 0.0256 0.2471
17 0.5750 0.4650 0.0219 0.2633
17 0.6096 0.4410 0.0198 0.2550
17 0.6408 0.4613 0.0219 0.2794
17 0.6725 0.4863 0.0251 0.2686
17 0.6968 0.4645 0.0228 0.2510
17 0.7217 0.4650 0.0229 0.2739
17 0.7663 0.5133 0.0222 0.2873
17 0.7947 0.5339 0.0212 0.2972
17 0.8195 0.5337 0.0217 0.3012
17 0.8453 0.5385 0.0235 0.2914
17 0.8769 0.5060 0.0239 0.2788
23 0.8771 0.4948 0.0214 0.2412
17 0.9156 0.5336 0.0193 0.2594
3 0.9491 0.4850 0.0226 0.3462
16 0.9755 0.5147 0.0185 0.5628
