0 0.0087 0.5391 0.0192 0.4896
19 0.0237 0.7469 0.0189 0.3485
1 0.0664 0.4827 0.0329 0.5105
2 0.1232 0.4588 0.0333 0.5447
3 0.1780 0.4393 0.0328 0.4770
4 0.2284 0.4112 0.0399 0.5760
5 0.2988 0.4333 0.0341 0.5038
6 0.3586 0.4395 0.0418 0.4907
7 0.4198 0.4068 0.0278 0.5854
8 0.4861 0.4310 0.0281 0.5411
7 0.5379 0.3846 0.0291 0.5756
21 0.5697 0.6149 0.0132 0.1590
15 0.5977 0.4339 0.0286 0.7097
1 0.6459 0.3811 0.0340 0.4825
21 0.6772 0.5390 0.0155 0.2215
2 0.7304 0.3846 0.0331 0.5409
21 0.7930 0.5094 0.0174 0.2274
3 0.8346 0.4079 0.0336 0.4344
21 0.8831 0.5325 0.0171 0.1980
7 0.9304 0.3541 0.0331 0.4629
15 0.9788 0.4264 0.0317 0.7947
16 0.9792 0.4082 0.0296 0.7616
