9 0.0299 0.8357 0.0423 0.2455
11 0.0585 0.5940 0.0261 0.4050
18 0.0881 0.6030 0.0330 0.0608
1 0.0876 0.6907 0.0290 0.1292
7 0.0892 0.4897 0.0206 0.1662
20 0.1373 0.5985 0.0273 0.1556
9 0.1871 0.5639 0.0384 0.1851
7 0.2196 0.3799 0.0265 0.1766
18 0.2581 0.4983 0.0306 0.0906
8 0.3078 0.4791 0.0243 0.2385
12 0.3397 0.4368 0.0248 0.4048
9 0.3774 0.2793 0.0381 0.1803
18 0.4604 0.6689 0.0357 0.1056
29 0.5335 0.7025 0.0335 0.4135
7 0.5722 0.4246 0.0245 0.2039
20 0.6143 0.5665 0.0271 0.2039
22 0.6704 0.5356 0.0370 0.2220
7 0.7066 0.2987 0.0299 0.1936
18 0.7599 0.4981 0.0219 0.0881
23 0.7980 0.4242 0.0268 0.2532
21 0.8226 0.4832 0.0150 0.0906
24 0.8535 0.4362 0.0286 0.1699
10 0.9064 0.4515 0.0332 0.1462
9 0.9644 0.4121 0.0388 0.1910
