3 0.018692 0.423077 0.024299 0.384615
3 0.061215 0.423077 0.025234 0.384615
3 0.105607 0.428571 0.026168 0.395604
3 0.153271 0.434066 0.020561 0.406593
3 0.196729 0.450549 0.025234 0.395604
3 0.249533 0.434066 0.026168 0.406593
3 0.296729 0.456044 0.027103 0.384615
3 0.347196 0.483516 0.027103 0.395604
3 0.397196 0.510989 0.024299 0.406593
3 0.447664 0.560440 0.024299 0.417582
3 0.496729 0.510989 0.021495 0.362637
3 0.540654 0.532967 0.025234 0.384615
3 0.596262 0.505495 0.024299 0.351648
3 0.636916 0.483516 0.027103 0.307692
3 0.688785 0.483516 0.026168 0.329670
3 0.737850 0.516484 0.025234 0.285714
3 0.777570 0.593407 0.024299 0.351648
3 0.830374 0.609890 0.027103 0.384615
3 0.879439 0.582418 0.028037 0.329670
3 0.926168 0.587912 0.033645 0.318681
