2 0.0248 0.6410 0.0203 0.4290
19 0.0411 0.8592 0.0163 0.2710
7 0.0809 0.6144 0.0197 0.3558
8 0.1103 0.5967 0.0185 0.3794
6 0.1404 0.5688 0.0228 0.4406
18 0.1835 0.5484 0.0191 0.1254
7 0.2248 0.5123 0.0245 0.4199
19 0.2461 0.7201 0.0121 0.1917
3 0.2671 0.5157 0.0251 0.4056
3 0.2971 0.5156 0.0249 0.3617
3 0.3323 0.5094 0.0236 0.4178
3 0.3752 0.4575 0.0270 0.3909
3 0.4150 0.4618 0.0248 0.4120
3 0.4544 0.4565 0.0262 0.4059
20 0.4973 0.4587 0.0181 0.2775
13 0.5364 0.4903 0.0255 0.7270
13 0.5803 0.4869 0.0235 0.5309
0 0.6162 0.4567 0.0203 0.6040
26 0.7075 0.4052 0.0225 0.6468
13 0.7488 0.4062 0.0281 0.6526
3 0.7881 0.3817 0.0216 0.3670
14 0.8219 0.3575 0.0223 0.5806
14 0.8566 0.3564 0.0253 0.6798
14 0.8888 0.3542 0.0223 0.5371
14 0.9190 0.3509 0.0219 0.5386
14 0.9516 0.3307 0.0212 0.5481
14 0.9898 0.3273 0.0246 0.5745
