7 0.033166 0.636986 0.033792 0.301370
7 0.069462 0.458904 0.028786 0.232877
20 0.120776 0.619863 0.026283 0.198630
8 0.182103 0.565068 0.031289 0.280822
8 0.222153 0.434932 0.026283 0.253425
18 0.281602 0.554795 0.027534 0.109589
18 0.366708 0.472603 0.070088 0.150685
1 0.366708 0.674658 0.047559 0.308219
0 0.366083 0.297945 0.021277 0.253425
9 0.441176 0.428082 0.043805 0.253425
8 0.490613 0.198630 0.030038 0.246575
20 0.545682 0.410959 0.035044 0.232877
18 0.627660 0.369863 0.061327 0.150685
7 0.625782 0.143836 0.040050 0.273973
8 0.632666 0.616438 0.036295 0.342466
26 0.708385 0.404110 0.052566 0.547945
1 0.784105 0.318493 0.043805 0.321918
7 0.828536 0.157534 0.032541 0.246575
10 0.886108 0.349315 0.045056 0.219178
29 0.971214 0.431507 0.035044 0.424658
