7 0.0191 0.5466 0.0310 0.2936
19 0.0425 0.7041 0.0201 0.1819
7 0.0846 0.5220 0.0321 0.2986
8 0.1286 0.5357 0.0313 0.2977
29 0.1834 0.6431 0.0350 0.3898
2 0.2308 0.3304 0.0253 0.2526
18 0.2688 0.5299 0.0332 0.1032
7 0.3351 0.4393 0.0328 0.2867
19 0.3617 0.5947 0.0165 0.1394
8 0.3880 0.4299 0.0255 0.2958
8 0.4181 0.4115 0.0268 0.2920
9 0.4665 0.4327 0.0397 0.1955
7 0.5048 0.2164 0.0331 0.2303
26 0.5517 0.3497 0.0417 0.4325
7 0.6077 0.3334 0.0332 0.3085
19 0.6367 0.4776 0.0191 0.1698
8 0.6690 0.3487 0.0283 0.3228
6 0.7080 0.3238 0.0351 0.3555
5 0.7556 0.2681 0.0338 0.3209
10 0.8058 0.3393 0.0314 0.1669
22 0.8608 0.3494 0.0368 0.2391
2 0.8970 0.1281 0.0323 0.2425
21 0.9217 0.3889 0.0226 0.1029
24 0.9780 0.3029 0.0372 0.2220
