11 0.0300 0.5882 0.0231 0.5249
12 0.0714 0.5134 0.0223 0.5514
11 0.1309 0.5126 0.0226 0.5754
12 0.1696 0.5139 0.0275 0.4367
11 0.2266 0.5110 0.0265 0.5117
12 0.2757 0.4895 0.0270 0.4354
11 0.3432 0.4888 0.0261 0.4561
12 0.3787 0.5149 0.0225 0.4252
11 0.4489 0.5665 0.0242 0.4432
12 0.4968 0.5426 0.0243 0.4350
11 0.5624 0.5685 0.0235 0.4677
11 0.6063 0.5655 0.0182 0.4057
11 0.7034 0.5714 0.0216 0.4635
12 0.7557 0.5696 0.0233 0.4017
12 0.8501 0.5957 0.0237 0.4272
11 0.9314 0.5870 0.0205 0.4083
12 0.9763 0.6131 0.0209 0.4447
