18 0.0165 0.8621 0.0310 0.1120
6 0.0834 0.7720 0.0376 0.2920
7 0.1215 0.6473 0.0255 0.2148
29 0.1228 0.6386 0.0281 0.2360
20 0.1795 0.7758 0.0319 0.2556
22 0.2419 0.7549 0.0579 0.2110
29 0.2887 0.5613 0.0316 0.2880
18 0.3542 0.7205 0.0357 0.0820
29 0.4197 0.7781 0.0334 0.3857
1 0.4623 0.5921 0.0330 0.1563
9 0.5023 0.2178 0.0393 0.1998
18 0.5713 0.3911 0.0356 0.0997
9 0.6353 0.3735 0.0419 0.2121
7 0.6727 0.1806 0.0324 0.2119
20 0.7501 0.4896 0.0298 0.2533
29 0.7992 0.5693 0.0350 0.3640
7 0.8362 0.2751 0.0258 0.2293
10 0.8930 0.4618 0.0318 0.1744
1 0.9560 0.3476 0.0391 0.3218
