15 0.0225 0.6434 0.0276 0.7032
16 0.0584 0.6115 0.0226 0.5601
15 0.0584 0.6115 0.0226 0.5601
15 0.1150 0.5427 0.0175 0.5400
16 0.1154 0.5609 0.0176 0.5454
16 0.1593 0.5392 0.0182 0.5022
16 0.2088 0.5662 0.0190 0.5738
15 0.2459 0.5384 0.0275 0.5880
16 0.2459 0.5384 0.0275 0.5880
16 0.3036 0.5361 0.0248 0.5971
15 0.3036 0.5361 0.0248 0.5971
15 0.3460 0.5117 0.0264 0.5203
16 0.4039 0.5081 0.0203 0.4994
15 0.4039 0.5081 0.0203 0.4994
15 0.4449 0.4865 0.0195 0.4633
16 0.4483 0.4844 0.0188 0.4618
15 0.4868 0.4877 0.0167 0.4619
16 0.4868 0.4877 0.0167 0.4619
15 0.5233 0.5118 0.0162 0.4873
15 0.5633 0.4891 0.0176 0.4525
16 0.5633 0.4891 0.0176 0.4525
16 0.6082 0.4826 0.0180 0.4769
15 0.6082 0.4826 0.0180 0.4769
16 0.6567 0.4810 0.0208 0.4932
15 0.6567 0.4632 0.0206 0.4968
16 0.6983 0.4604 0.0229 0.4861
15 0.6983 0.4604 0.0229 0.4861
15 0.7468 0.4110 0.0232 0.4258
16 0.7468 0.4110 0.0232 0.4258
15 0.7934 0.4557 0.0300 0.5782
16 0.8526 0.4363 0.0222 0.5221
15 0.8526 0.4363 0.0222 0.5221
15 0.8977 0.4038 0.0239 0.5132
16 0.9489 0.4103 0.0247 0.4442
15 0.9489 0.4103 0.0247 0.4442
15 0.9927 0.4075 0.0163 0.5340
16 0.9927 0.4075 0.0163 0.5340
