29 0.0244 0.7456 0.0237 0.4556
7 0.0245 0.7273 0.0230 0.4364
7 0.0558 0.5078 0.0262 0.3621
18 0.0942 0.7335 0.0213 0.1565
7 0.1413 0.6471 0.0250 0.4120
8 0.1762 0.4544 0.0183 0.3792
23 0.2556 0.5870 0.0242 0.4638
23 0.2819 0.3263 0.0192 0.4351
18 0.3245 0.5639 0.0294 0.1738
24 0.3710 0.6149 0.0306 0.3540
7 0.4031 0.2788 0.0220 0.3146
20 0.4484 0.5857 0.0214 0.2893
29 0.5093 0.6445 0.0226 0.4648
3 0.5370 0.3827 0.0202 0.3188
20 0.5736 0.5468 0.0168 0.2533
3 0.6190 0.5342 0.0247 0.4129
19 0.6461 0.6637 0.0113 0.2081
6 0.6673 0.4856 0.0315 0.4708
7 0.6801 0.2772 0.0233 0.3755
21 0.7241 0.6004 0.0119 0.1757
6 0.7654 0.4664 0.0251 0.3344
19 0.7922 0.6686 0.0142 0.2638
7 0.8179 0.2726 0.0215 0.3435
20 0.8693 0.4821 0.0243 0.3756
3 0.9239 0.5136 0.0286 0.4001
19 0.9423 0.6745 0.0145 0.2334
8 0.9754 0.3603 0.0183 0.3936
