15 0.0231 0.5865 0.0280 0.5824
7 0.0619 0.5681 0.0274 0.3615
19 0.0815 0.7333 0.0140 0.1974
3 0.1128 0.5604 0.0287 0.3570
16 0.1475 0.5347 0.0251 0.4568
21 0.1906 0.6509 0.0136 0.1520
15 0.2329 0.5157 0.0269 0.4730
7 0.2778 0.5112 0.0264 0.3637
19 0.3001 0.6988 0.0145 0.1834
8 0.3277 0.5120 0.0219 0.3686
16 0.3603 0.5058 0.0212 0.4959
21 0.3983 0.6245 0.0133 0.1374
16 0.4307 0.5323 0.0203 0.4650
15 0.4307 0.5323 0.0203 0.4650
3 0.4622 0.5345 0.0234 0.3731
26 0.4959 0.5126 0.0227 0.3785
7 0.5269 0.5118 0.0249 0.3070
16 0.5600 0.5207 0.0222 0.4157
21 0.5974 0.6221 0.0123 0.1583
15 0.6369 0.4822 0.0279 0.4434
3 0.6683 0.4839 0.0267 0.3212
21 0.6918 0.5655 0.0176 0.1763
4 0.7293 0.4593 0.0312 0.3659
16 0.7711 0.4575 0.0275 0.5036
15 0.7720 0.4568 0.0288 0.5256
10 0.8237 0.5406 0.0304 0.2491
2 0.8814 0.4584 0.0279 0.3546
19 0.9016 0.6416 0.0140 0.1672
1 0.9346 0.4363 0.0279 0.3683
0 0.9675 0.4588 0.0181 0.4328
21 0.9880 0.6937 0.0145 0.1087
