13 0.0190 0.6946 0.0191 0.5200
14 0.0588 0.6721 0.0195 0.5357
25 0.0890 0.6266 0.0152 0.1979
13 0.1287 0.6476 0.0225 0.4999
17 0.1547 0.5868 0.0218 0.3343
25 0.2183 0.5601 0.0121 0.1913
13 0.2496 0.5416 0.0237 0.6045
1 0.2783 0.5169 0.0294 0.3669
16 0.3094 0.5150 0.0186 0.5245
14 0.3103 0.5356 0.0199 0.5758
25 0.3375 0.5169 0.0127 0.1814
13 0.3720 0.5152 0.0227 0.5667
2 0.4007 0.4665 0.0197 0.2988
14 0.4265 0.5130 0.0208 0.5148
25 0.4589 0.4795 0.0142 0.1940
13 0.4990 0.4893 0.0231 0.5164
7 0.5320 0.4057 0.0209 0.3395
14 0.5632 0.4357 0.0185 0.6407
18 0.5822 0.3486 0.0143 0.1032
3 0.6289 0.3819 0.0194 0.3636
14 0.6557 0.3839 0.0203 0.4460
25 0.6820 0.3891 0.0126 0.2364
13 0.7162 0.3561 0.0253 0.5496
4 0.7526 0.3331 0.0275 0.3249
25 0.8041 0.3856 0.0119 0.1996
13 0.8400 0.3283 0.0176 0.5128
5 0.8620 0.3057 0.0217 0.3932
14 0.8890 0.3519 0.0199 0.5058
6 0.9441 0.2792 0.0193 0.4631
8 0.9685 0.2774 0.0182 0.4024
14 0.9936 0.3018 0.0157 0.5538
