3 0.0089 0.3843 0.0172 0.3510
5 0.0386 0.3315 0.0211 0.4215
26 0.0665 0.3527 0.0226 0.4849
3 0.0941 0.3798 0.0198 0.3321
19 0.1122 0.4923 0.0093 0.2053
25 0.1546 0.4828 0.0109 0.1957
8 0.1831 0.4087 0.0176 0.3728
3 0.2178 0.4025 0.0209 0.3415
21 0.2471 0.4779 0.0111 0.1243
3 0.2804 0.4006 0.0218 0.3106
7 0.3144 0.3830 0.0210 0.3652
9 0.3549 0.4405 0.0279 0.2262
29 0.4004 0.5366 0.0231 0.3555
21 0.4304 0.5197 0.0118 0.1060
22 0.4563 0.4548 0.0259 0.2559
21 0.4689 0.5304 0.0096 0.0971
23 0.4883 0.3807 0.0238 0.3830
21 0.5124 0.5101 0.0104 0.0852
24 0.5324 0.4556 0.0214 0.2227
21 0.5625 0.4960 0.0080 0.0794
27 0.5898 0.4683 0.0324 0.1966
21 0.6193 0.5222 0.0095 0.0715
28 0.6481 0.4660 0.0395 0.2364
25 0.6905 0.4820 0.0128 0.1980
3 0.7240 0.4129 0.0240 0.3148
21 0.7488 0.5176 0.0118 0.1027
13 0.7781 0.5393 0.0291 0.5668
3 0.8071 0.5144 0.0209 0.2942
18 0.8307 0.4955 0.0168 0.1335
17 0.8557 0.5058 0.0235 0.2840
19 0.8702 0.6491 0.0139 0.1797
8 0.8856 0.5386 0.0206 0.3686
14 0.9138 0.5420 0.0229 0.4886
10 0.9422 0.5446 0.0215 0.1940
17 0.9797 0.4823 0.0283 0.3397
