0 0.0270 0.5859 0.0330 0.3299
19 0.0725 0.7236 0.0173 0.2063
1 0.1120 0.5577 0.0326 0.3197
21 0.1649 0.6366 0.0189 0.0948
24 0.2207 0.5684 0.0314 0.2545
10 0.2817 0.6092 0.0286 0.2063
18 0.3878 0.5560 0.0983 0.1600
2 0.3751 0.7789 0.0409 0.3066
0 0.3825 0.3086 0.0535 0.3728
20 0.4953 0.4627 0.0302 0.2515
2 0.5721 0.4351 0.0279 0.3678
19 0.5932 0.5732 0.0168 0.2229
7 0.6280 0.3621 0.0299 0.3088
20 0.6848 0.4383 0.0235 0.2191
24 0.7222 0.4373 0.0361 0.2329
21 0.7720 0.4710 0.0186 0.1138
7 0.8063 0.3105 0.0296 0.2782
19 0.8360 0.4829 0.0164 0.1632
8 0.8743 0.2971 0.0240 0.3435
18 0.9375 0.3252 0.0269 0.1088
0 0.9779 0.2539 0.0296 0.3584
