8 0.017140 0.609375 0.025920 0.427083
8 0.079431 0.562500 0.025084 0.416667
8 0.142140 0.552083 0.021739 0.437500
8 0.198161 0.531250 0.021739 0.458333
8 0.252090 0.505208 0.020903 0.385417
8 0.314381 0.473958 0.021739 0.364583
8 0.367057 0.375000 0.026756 0.375000
8 0.436037 0.401042 0.022575 0.406250
8 0.489548 0.385417 0.022575 0.416667
8 0.544732 0.401042 0.022575 0.364583
8 0.602425 0.348958 0.022575 0.406250
8 0.656773 0.348958 0.024247 0.406250
8 0.704431 0.333333 0.025920 0.437500
8 0.755017 0.369792 0.025084 0.385417
8 0.847826 0.343750 0.023411 0.375000
8 0.890050 0.296875 0.022575 0.406250
8 0.929766 0.270833 0.021739 0.416667
8 0.976589 0.296875 0.023411 0.406250
8 0.802676 0.369792 0.030100 0.552083
