13 0.0118 0.6462 0.0239 0.5626
7 0.0454 0.5887 0.0240 0.3787
14 0.0705 0.6176 0.0191 0.5100
26 0.1026 0.5972 0.0257 0.5034
13 0.1426 0.6154 0.0268 0.5599
8 0.1704 0.5902 0.0221 0.3769
14 0.1993 0.5952 0.0212 0.5806
26 0.2349 0.5431 0.0253 0.5445
13 0.2785 0.5918 0.0254 0.5976
6 0.3089 0.5607 0.0270 0.4174
14 0.3349 0.5687 0.0206 0.6993
26 0.3631 0.5382 0.0245 0.5776
13 0.4065 0.5140 0.0253 0.6539
5 0.4369 0.4816 0.0245 0.4152
14 0.4654 0.5400 0.0183 0.5742
26 0.4993 0.4859 0.0247 0.6080
13 0.5421 0.4849 0.0215 0.5587
4 0.5746 0.4392 0.0247 0.3395
14 0.6016 0.5119 0.0179 0.6039
26 0.6336 0.4880 0.0233 0.5587
13 0.6761 0.5104 0.0200 0.5484
3 0.6998 0.4901 0.0236 0.3851
14 0.7252 0.5148 0.0234 0.7724
26 0.7581 0.4863 0.0226 0.5472
13 0.7941 0.4857 0.0233 0.5497
8 0.8223 0.4603 0.0230 0.4578
14 0.8508 0.4605 0.0238 0.7581
26 0.8909 0.4325 0.0242 0.5950
13 0.9328 0.4092 0.0221 0.6072
7 0.9644 0.3556 0.0242 0.4592
14 0.9914 0.4315 0.0220 0.6299
