1 0.0244 0.6654 0.0365 0.3584
0 0.0249 0.6523 0.0327 0.3939
19 0.0687 0.7957 0.0160 0.2753
2 0.1104 0.5988 0.0274 0.3419
21 0.1466 0.6990 0.0156 0.1236
2 0.1903 0.5949 0.0247 0.3263
19 0.2099 0.7688 0.0154 0.1925
7 0.2422 0.5622 0.0223 0.3251
24 0.2805 0.5967 0.0247 0.2145
20 0.3323 0.5704 0.0242 0.2456
2 0.3923 0.5167 0.0229 0.3389
19 0.4091 0.6548 0.0139 0.1673
7 0.4333 0.4800 0.0232 0.3457
8 0.4660 0.3073 0.0154 0.3021
18 0.4960 0.4972 0.0241 0.1434
7 0.5498 0.4561 0.0242 0.3470
19 0.5763 0.6110 0.0120 0.1522
3 0.6009 0.4392 0.0259 0.3581
26 0.6307 0.4597 0.0217 0.4117
2 0.6734 0.4531 0.0286 0.3404
20 0.7213 0.4426 0.0212 0.2280
24 0.7697 0.3616 0.0237 0.2811
25 0.7994 0.4038 0.0145 0.1833
2 0.8413 0.2969 0.0255 0.4222
10 0.8881 0.3827 0.0178 0.2067
15 0.9155 0.3086 0.0180 0.4140
16 0.9161 0.3204 0.0165 0.4162
2 0.9502 0.3295 0.0167 0.2673
15 0.9797 0.2433 0.0214 0.4034
