29 0.024235 0.666667 0.038265 0.387097
9 0.061224 0.344086 0.033163 0.236559
18 0.100765 0.607527 0.022959 0.161290
3 0.153699 0.537634 0.031888 0.344086
24 0.186224 0.301075 0.030612 0.236559
20 0.232143 0.548387 0.028061 0.279570
6 0.281888 0.532258 0.035714 0.376344
21 0.311862 0.602151 0.016582 0.150538
7 0.355867 0.462366 0.030612 0.344086
21 0.381378 0.623656 0.012755 0.172043
13 0.400510 0.586022 0.028061 0.763441
7 0.457270 0.430108 0.031888 0.365591
20 0.498724 0.451613 0.033163 0.279570
29 0.558673 0.591398 0.033163 0.516129
9 0.595663 0.295699 0.030612 0.247312
18 0.651786 0.462366 0.030612 0.129032
9 0.705357 0.451613 0.030612 0.301075
8 0.742985 0.220430 0.021684 0.354839
18 0.785714 0.403226 0.033163 0.118280
27 0.841199 0.446237 0.052296 0.247312
20 0.893495 0.478495 0.024235 0.268817
28 0.934311 0.473118 0.039541 0.236559
14 0.980867 0.580645 0.038265 0.774194
