29 0.0293 0.6915 0.0278 0.4263
26 0.0666 0.5604 0.0299 0.4232
29 0.0995 0.6753 0.0233 0.3811
7 0.1218 0.3810 0.0211 0.2302
18 0.1593 0.5071 0.0265 0.1150
3 0.2037 0.5107 0.0237 0.3386
25 0.2268 0.5091 0.0113 0.1958
3 0.2659 0.4857 0.0277 0.2765
19 0.2845 0.6000 0.0133 0.1708
6 0.3178 0.4562 0.0321 0.2886
19 0.3610 0.7040 0.0161 0.2851
7 0.3964 0.4376 0.0213 0.3357
20 0.4340 0.4667 0.0198 0.2422
2 0.4747 0.4154 0.0232 0.3063
19 0.4880 0.5618 0.0124 0.1875
7 0.5131 0.4017 0.0228 0.3329
21 0.5422 0.5175 0.0113 0.1227
19 0.5422 0.5175 0.0113 0.1227
2 0.5864 0.3864 0.0210 0.2592
19 0.6009 0.5078 0.0115 0.1383
7 0.6271 0.3468 0.0238 0.3073
21 0.6635 0.4377 0.0106 0.0898
7 0.6993 0.2965 0.0210 0.3073
19 0.7168 0.4293 0.0114 0.1592
3 0.7481 0.3059 0.0231 0.2596
18 0.7959 0.2963 0.0232 0.1414
3 0.8260 0.3009 0.0238 0.2798
19 0.8517 0.4393 0.0110 0.1782
3 0.8700 0.2825 0.0206 0.2204
22 0.8701 0.2813 0.0200 0.2244
10 0.9131 0.3270 0.0203 0.1722
3 0.9508 0.3236 0.0267 0.3651
9 0.9842 0.3540 0.0276 0.2377
