7 0.0245 0.6776 0.0291 0.3712
19 0.0484 0.8497 0.0196 0.1798
8 0.0804 0.6665 0.0240 0.3090
22 0.1132 0.7062 0.0291 0.1961
2 0.1429 0.4663 0.0236 0.2212
18 0.1855 0.6657 0.0227 0.1020
8 0.2408 0.5839 0.0230 0.3167
19 0.2529 0.7206 0.0171 0.1740
6 0.2878 0.5725 0.0317 0.3024
23 0.3352 0.5472 0.0285 0.3209
6 0.3722 0.3742 0.0351 0.2126
10 0.4199 0.5692 0.0258 0.1359
2 0.4755 0.4957 0.0273 0.2656
19 0.4975 0.6415 0.0148 0.1611
1 0.5272 0.4541 0.0280 0.3144
0 0.5648 0.4374 0.0158 0.3245
6 0.6017 0.4165 0.0290 0.2929
7 0.6421 0.4089 0.0274 0.2815
8 0.6720 0.4004 0.0249 0.2534
22 0.7131 0.4266 0.0279 0.1787
23 0.7458 0.3359 0.0252 0.3188
21 0.7739 0.4548 0.0126 0.1016
13 0.8127 0.3574 0.0279 0.4600
22 0.8496 0.3501 0.0259 0.2147
18 0.8974 0.3051 0.0292 0.1120
23 0.9310 0.2780 0.0247 0.3914
14 0.9687 0.3611 0.0289 0.6112
