4 0.023724 0.434343 0.034915 0.424242
21 0.055953 0.570707 0.015219 0.151515
4 0.100716 0.424242 0.029543 0.404040
26 0.149508 0.424242 0.034020 0.464646
4 0.205013 0.378788 0.034020 0.393939
21 0.241719 0.474747 0.012534 0.121212
7 0.273500 0.353535 0.024172 0.343434
18 0.324082 0.409091 0.026858 0.111111
4 0.372426 0.404040 0.026858 0.323232
25 0.410922 0.424242 0.012534 0.222222
3 0.448523 0.404040 0.025067 0.303030
20 0.489257 0.424242 0.018800 0.222222
4 0.522829 0.404040 0.026858 0.404040
21 0.533572 0.510101 0.012534 0.151515
3 0.571620 0.398990 0.022381 0.353535
18 0.615488 0.373737 0.027753 0.141414
3 0.657117 0.404040 0.023277 0.343434
26 0.693823 0.409091 0.025067 0.434343
3 0.727842 0.429293 0.026858 0.353535
10 0.779767 0.479798 0.028648 0.232323
13 0.824978 0.484848 0.027753 0.606061
3 0.860340 0.459596 0.023277 0.393939
18 0.898389 0.464646 0.022381 0.141414
4 0.941808 0.429293 0.030439 0.353535
14 0.977619 0.510101 0.026858 0.696970
