5 0.0300 0.3877 0.0355 0.3268
19 0.0536 0.5482 0.0187 0.1890
7 0.0847 0.3623 0.0318 0.2971
26 0.1303 0.4361 0.0358 0.5166
7 0.1871 0.3884 0.0328 0.2813
21 0.2184 0.4644 0.0164 0.1276
8 0.2525 0.3889 0.0300 0.3056
25 0.3041 0.4162 0.0180 0.2367
8 0.3449 0.3870 0.0289 0.3172
19 0.3740 0.4798 0.0161 0.1575
7 0.4063 0.3737 0.0315 0.3053
13 0.4549 0.4306 0.0379 0.6135
29 0.5158 0.4263 0.0449 0.3625
20 0.5727 0.3514 0.0359 0.2236
29 0.6207 0.4549 0.0356 0.3820
7 0.6547 0.1756 0.0260 0.2418
14 0.6903 0.3816 0.0420 0.6301
21 0.7373 0.3758 0.0227 0.1442
11 0.7865 0.3263 0.0306 0.4939
7 0.8279 0.2569 0.0285 0.2788
29 0.8651 0.3850 0.0303 0.3553
6 0.8937 0.1912 0.0329 0.2429
18 0.9352 0.3013 0.0268 0.0889
29 0.9637 0.3830 0.0288 0.3504
