4 0.0282 0.6733 0.0375 0.4471
2 0.0250 0.6946 0.0291 0.3601
19 0.0673 0.8086 0.0145 0.2534
8 0.1047 0.6695 0.0224 0.3802
9 0.1463 0.6766 0.0311 0.3039
2 0.1797 0.4837 0.0229 0.2482
18 0.2283 0.6440 0.0226 0.1198
8 0.2937 0.5703 0.0183 0.3942
19 0.3107 0.7332 0.0150 0.1688
3 0.3399 0.5868 0.0245 0.3881
29 0.3953 0.7287 0.0280 0.4150
20 0.4346 0.6102 0.0242 0.2312
0 0.4836 0.5206 0.0160 0.3105
19 0.4953 0.6424 0.0119 0.1552
1 0.5223 0.5071 0.0270 0.3312
2 0.5590 0.4800 0.0259 0.3205
7 0.5957 0.4337 0.0261 0.3135
29 0.6323 0.5943 0.0243 0.3899
2 0.6629 0.3215 0.0170 0.2438
18 0.7013 0.4932 0.0240 0.1315
7 0.7518 0.3490 0.0262 0.3425
19 0.7863 0.5733 0.0151 0.1795
8 0.8117 0.3777 0.0214 0.3202
29 0.8476 0.4640 0.0217 0.4122
6 0.8745 0.1776 0.0251 0.2550
10 0.9129 0.3644 0.0207 0.2024
22 0.9635 0.3600 0.0315 0.2318
