27 0.020521 0.697368 0.037885 0.219298
7 0.053275 0.513158 0.018153 0.254386
18 0.081294 0.657895 0.020521 0.105263
8 0.121547 0.587719 0.017364 0.350877
7 0.145620 0.429825 0.014996 0.298246
20 0.172060 0.605263 0.020521 0.245614
28 0.208761 0.618421 0.026046 0.254386
7 0.235201 0.399123 0.017364 0.307018
18 0.268350 0.539474 0.022099 0.131579
29 0.300710 0.666667 0.020521 0.473684
0 0.326361 0.346491 0.016575 0.307018
7 0.326361 0.346491 0.016575 0.307018
18 0.358327 0.543860 0.022099 0.122807
3 0.404104 0.504386 0.018942 0.377193
1 0.480663 0.486842 0.022099 0.394737
3 0.557222 0.473684 0.022099 0.315789
7 0.577348 0.346491 0.018153 0.324561
20 0.600631 0.504386 0.017364 0.219298
8 0.632597 0.451754 0.018153 0.342105
7 0.655485 0.267544 0.019732 0.289474
21 0.677979 0.578947 0.011050 0.157895
29 0.708366 0.640351 0.022889 0.508772
7 0.735201 0.271930 0.019732 0.298246
12 0.764009 0.399123 0.017364 0.605263
21 0.785320 0.539474 0.012628 0.149123
15 0.817285 0.381579 0.019732 0.570175
27 0.852407 0.425439 0.034728 0.254386
20 0.887135 0.385965 0.017364 0.210526
28 0.922257 0.421053 0.024467 0.245614
18 0.953433 0.399123 0.015785 0.149123
16 0.991318 0.324561 0.017364 0.491228
7 0.978295 0.263158 0.014996 0.385965
7 0.425809 0.333333 0.013418 0.315789
21 0.433702 0.578947 0.010260 0.122807
11 0.452644 0.495614 0.021310 0.657895
7 0.501973 0.333333 0.015785 0.298246
18 0.516969 0.539474 0.015785 0.131579
