11 0.0104 0.6711 0.0201 0.5490
22 0.0320 0.6675 0.0207 0.3342
17 0.0320 0.6675 0.0207 0.3342
12 0.0552 0.6199 0.0181 0.4720
10 0.0832 0.6395 0.0170 0.2339
25 0.0836 0.6285 0.0122 0.1933
11 0.1211 0.6170 0.0179 0.4842
0 0.1457 0.6124 0.0162 0.3164
12 0.1719 0.6138 0.0217 0.4902
11 0.2325 0.5658 0.0193 0.4874
1 0.2588 0.5622 0.0219 0.3445
12 0.2823 0.5648 0.0198 0.5114
11 0.3225 0.5441 0.0209 0.5393
2 0.3528 0.5418 0.0204 0.3260
12 0.3779 0.5372 0.0198 0.4516
11 0.4123 0.4841 0.0192 0.4032
3 0.4405 0.4910 0.0206 0.3087
20 0.4407 0.5062 0.0195 0.3014
12 0.4702 0.4404 0.0173 0.3840
19 0.5107 0.4807 0.0188 0.1846
11 0.5133 0.4007 0.0191 0.3481
5 0.5326 0.3835 0.0281 0.3255
4 0.5326 0.3835 0.0281 0.3255
16 0.5558 0.3576 0.0155 0.3600
12 0.5558 0.3576 0.0155 0.3600
10 0.5958 0.4123 0.0160 0.2095
25 0.5950 0.4138 0.0118 0.1973
11 0.6307 0.3790 0.0175 0.4464
5 0.6620 0.3601 0.0229 0.3653
12 0.6886 0.3821 0.0179 0.4475
25 0.7203 0.3748 0.0105 0.2024
6 0.7606 0.3047 0.0235 0.3596
25 0.8231 0.3750 0.0147 0.2078
11 0.8571 0.2819 0.0194 0.4104
7 0.8820 0.2722 0.0204 0.3391
26 0.9025 0.2418 0.0164 0.4778
8 0.9560 0.2281 0.0155 0.3591
12 0.9779 0.2204 0.0180 0.4373
