15 0.0276 0.5423 0.0204 0.5775
16 0.0276 0.5423 0.0204 0.5775
3 0.0654 0.5888 0.0259 0.3901
19 0.0829 0.7414 0.0119 0.2035
7 0.1038 0.5086 0.0191 0.4249
26 0.1335 0.5643 0.0226 0.5377
7 0.1657 0.5383 0.0196 0.4299
3 0.1979 0.5149 0.0247 0.4371
21 0.2258 0.6120 0.0106 0.1572
24 0.2604 0.5087 0.0232 0.3253
20 0.3052 0.5092 0.0219 0.3073
6 0.3403 0.4855 0.0255 0.4535
15 0.3766 0.4560 0.0219 0.6025
16 0.3766 0.4560 0.0219 0.6025
0 0.4416 0.4540 0.0147 0.3253
7 0.4673 0.4336 0.0196 0.3838
6 0.4900 0.4317 0.0236 0.3931
21 0.5127 0.5880 0.0115 0.1224
24 0.5358 0.4925 0.0195 0.2599
18 0.5682 0.4940 0.0177 0.1219
6 0.6020 0.5115 0.0269 0.3380
1 0.6310 0.4937 0.0203 0.3501
1 0.6515 0.4893 0.0167 0.3895
29 0.6795 0.6444 0.0240 0.4983
20 0.7119 0.5115 0.0209 0.2723
23 0.7546 0.4610 0.0193 0.4085
6 0.7800 0.2256 0.0226 0.3739
18 0.8182 0.4927 0.0207 0.1846
6 0.8522 0.4283 0.0210 0.4229
23 0.8732 0.2485 0.0196 0.3810
12 0.8976 0.4578 0.0249 0.8408
10 0.9352 0.5866 0.0226 0.2507
8 0.9765 0.4623 0.0205 0.4599
