1 0.019910 0.712121 0.034389 0.414141
19 0.060181 0.828283 0.017195 0.262626
2 0.101357 0.686869 0.028959 0.424242
21 0.137557 0.818182 0.012670 0.141414
2 0.180995 0.686869 0.023529 0.404040
19 0.202262 0.853535 0.015385 0.191919
7 0.238462 0.636364 0.024434 0.484848
26 0.292308 0.611111 0.023529 0.494949
7 0.328507 0.636364 0.025339 0.424242
2 0.389593 0.661616 0.031674 0.434343
25 0.433484 0.696970 0.018100 0.303030
7 0.483710 0.560606 0.029864 0.414141
26 0.511312 0.560606 0.023529 0.474747
8 0.538462 0.565657 0.021719 0.424242
20 0.585068 0.565657 0.022624 0.303030
8 0.629412 0.530303 0.022624 0.454545
19 0.647964 0.671717 0.012670 0.191919
7 0.672851 0.484848 0.029864 0.424242
21 0.719457 0.611111 0.016290 0.171717
7 0.764253 0.459596 0.026244 0.313131
8 0.800452 0.419192 0.026244 0.353535
10 0.857466 0.429293 0.024434 0.252525
24 0.898190 0.414141 0.024434 0.222222
19 0.933937 0.484848 0.014480 0.202020
2 0.979638 0.348485 0.031674 0.434343
19 0.358371 0.797980 0.012670 0.181818
