18 0.0431 0.4658 0.0809 0.1991
8 0.0160 0.8082 0.0208 0.3357
3 0.0245 0.1967 0.0230 0.3057
19 0.0350 0.8758 0.0087 0.1902
5 0.0562 0.7984 0.0262 0.2794
23 0.0559 0.7856 0.0249 0.2774
7 0.0588 0.1720 0.0226 0.2840
21 0.1093 0.4536 0.0108 0.1404
29 0.1446 0.4890 0.0213 0.4457
22 0.1708 0.2008 0.0229 0.2405
20 0.2078 0.3836 0.0192 0.2278
22 0.2440 0.3372 0.0235 0.2462
3 0.2665 0.1973 0.0199 0.2659
18 0.2872 0.3015 0.0223 0.1253
3 0.3303 0.3277 0.0261 0.3083
7 0.3656 0.3031 0.0206 0.2739
21 0.3869 0.3744 0.0121 0.1256
27 0.4273 0.3370 0.0384 0.1916
7 0.4612 0.1683 0.0171 0.2679
26 0.4839 0.3281 0.0248 0.4376
7 0.5193 0.3324 0.0207 0.3340
19 0.5403 0.4912 0.0117 0.1992
8 0.5609 0.3501 0.0174 0.3452
21 0.5917 0.4024 0.0091 0.1356
16 0.6155 0.3335 0.0173 0.5047
7 0.6456 0.3046 0.0208 0.2922
19 0.6651 0.4649 0.0095 0.1634
3 0.6864 0.3356 0.0226 0.2812
20 0.7249 0.3369 0.0191 0.2204
3 0.7574 0.3534 0.0193 0.3105
29 0.7822 0.4845 0.0195 0.4321
16 0.8066 0.3799 0.0144 0.4886
21 0.8332 0.4928 0.0145 0.1614
13 0.8588 0.3558 0.0211 0.5781
29 0.8921 0.4324 0.0185 0.3800
14 0.9246 0.3357 0.0200 0.5471
16 0.9244 0.3549 0.0177 0.5469
10 0.9526 0.4058 0.0202 0.2531
6 0.9878 0.3312 0.0276 0.3574
