15 0.0364 0.5429 0.0318 0.7705
7 0.0952 0.5182 0.0327 0.5077
19 0.1296 0.7058 0.0186 0.2493
3 0.1668 0.5349 0.0351 0.4352
21 0.2188 0.6369 0.0191 0.1635
3 0.2755 0.5374 0.0328 0.4282
19 0.3100 0.7203 0.0187 0.2421
8 0.3460 0.5172 0.0346 0.4609
18 0.4035 0.5153 0.0378 0.2429
5 0.4630 0.5066 0.0325 0.4226
4 0.5158 0.5162 0.0345 0.4336
27 0.5705 0.5954 0.0602 0.2887
26 0.6372 0.5625 0.0308 0.5752
5 0.6769 0.5436 0.0323 0.4580
19 0.7012 0.7004 0.0151 0.2551
5 0.7354 0.5395 0.0354 0.4436
28 0.7828 0.6200 0.0391 0.3123
18 0.8508 0.5920 0.0389 0.2238
7 0.8958 0.5710 0.0291 0.4809
5 0.9327 0.3781 0.0333 0.4109
16 0.9723 0.5897 0.0323 0.6606
15 0.9745 0.5905 0.0353 0.6920
