5 0.0214 0.4578 0.0360 0.5255
4 0.0219 0.4406 0.0368 0.4897
4 0.0678 0.4583 0.0363 0.4589
5 0.1178 0.3892 0.0335 0.5610
4 0.1179 0.4282 0.0334 0.5053
4 0.1718 0.4071 0.0343 0.4871
4 0.2260 0.3804 0.0296 0.5441
4 0.2876 0.4104 0.0369 0.4820
4 0.3484 0.4331 0.0365 0.4830
4 0.4112 0.4892 0.0335 0.4641
4 0.4667 0.4621 0.0324 0.5288
4 0.5345 0.5416 0.0348 0.4307
4 0.5969 0.5897 0.0324 0.4499
4 0.6587 0.6210 0.0361 0.5185
4 0.7255 0.6932 0.0371 0.4621
4 0.7957 0.6419 0.0369 0.5597
4 0.8539 0.6999 0.0318 0.4595
13 0.9085 0.6781 0.0303 0.5026
4 0.9669 0.6774 0.0377 0.4806
