5 0.0142 0.4636 0.0268 0.4656
5 0.0486 0.4337 0.0226 0.4918
5 0.0939 0.4385 0.0293 0.4964
5 0.1398 0.4638 0.0282 0.4897
5 0.1839 0.4623 0.0286 0.4775
5 0.2402 0.4350 0.0328 0.4376
5 0.2880 0.4329 0.0267 0.4441
5 0.3596 0.4588 0.0303 0.4186
5 0.4109 0.4862 0.0291 0.4186
5 0.4705 0.5138 0.0302 0.4299
5 0.5113 0.5469 0.0232 0.4156
5 0.5725 0.5902 0.0317 0.4541
5 0.6383 0.5704 0.0287 0.4100
5 0.6818 0.5880 0.0314 0.4188
5 0.7450 0.5719 0.0337 0.4235
5 0.7879 0.5677 0.0268 0.3748
5 0.8432 0.5661 0.0291 0.3486
5 0.8836 0.5448 0.0311 0.4189
5 0.9389 0.5916 0.0330 0.4153
17 0.9847 0.5972 0.0276 0.3966
