13 0.029324 0.429348 0.028827 0.576087
14 0.066600 0.429348 0.021869 0.554348
13 0.110835 0.423913 0.020875 0.543478
14 0.150099 0.445652 0.021869 0.586957
13 0.203777 0.353261 0.021869 0.684783
14 0.244036 0.380435 0.020875 0.565217
14 0.338469 0.429348 0.022863 0.554348
13 0.398608 0.461957 0.027833 0.554348
13 0.501988 0.510870 0.025845 0.586957
14 0.549205 0.500000 0.020875 0.565217
13 0.579026 0.494565 0.012922 0.554348
14 0.596421 0.483696 0.019881 0.445652
13 0.638171 0.483696 0.021869 0.597826
14 0.672465 0.505435 0.020875 0.576087
13 0.718688 0.505435 0.023857 0.510870
14 0.760437 0.510870 0.021869 0.500000
13 0.817097 0.505435 0.027833 0.597826
14 0.864314 0.510870 0.018887 0.500000
13 0.907058 0.505435 0.024851 0.576087
14 0.956759 0.532609 0.026839 0.521739
14 0.445825 0.440217 0.016899 0.576087
13 0.287773 0.375000 0.020875 0.576087
