7 0.019126 0.557895 0.023679 0.400000
19 0.045082 0.710526 0.015483 0.200000
8 0.076503 0.531579 0.018215 0.410526
19 0.097450 0.700000 0.014572 0.200000
8 0.133880 0.505263 0.020036 0.400000
19 0.155738 0.710526 0.014572 0.221053
3 0.193989 0.505263 0.029144 0.378947
19 0.231330 0.631579 0.014572 0.189474
3 0.274135 0.484211 0.025501 0.378947
19 0.306922 0.689474 0.012750 0.200000
3 0.342896 0.500000 0.022769 0.347368
19 0.363388 0.694737 0.012750 0.231579
7 0.411202 0.457895 0.028233 0.389474
19 0.438525 0.710526 0.011840 0.200000
8 0.467668 0.457895 0.022769 0.410526
0 0.542805 0.400000 0.016393 0.400000
19 0.572860 0.657895 0.010929 0.200000
5 0.613843 0.421053 0.030965 0.442105
19 0.649818 0.657895 0.013661 0.200000
5 0.684882 0.410526 0.029144 0.463158
19 0.714936 0.663158 0.012750 0.210526
4 0.755464 0.400000 0.031876 0.463158
19 0.790528 0.621053 0.012750 0.210526
4 0.830146 0.378947 0.033698 0.442105
19 0.870219 0.552632 0.010018 0.221053
3 0.906648 0.352632 0.026412 0.368421
19 0.951275 0.594737 0.011840 0.200000
3 0.979964 0.500000 0.025501 0.389474
19 0.511384 0.652632 0.011840 0.315789
