6 0.0166 0.3610 0.0336 0.4358
6 0.0690 0.3775 0.0299 0.4382
6 0.1200 0.3613 0.0300 0.4337
6 0.1674 0.3878 0.0311 0.4138
6 0.2254 0.4144 0.0358 0.4512
6 0.2900 0.4093 0.0299 0.3769
6 0.3537 0.4119 0.0359 0.4082
6 0.4124 0.4618 0.0336 0.3787
6 0.4715 0.4834 0.0311 0.4313
6 0.5186 0.5130 0.0334 0.4223
6 0.5924 0.5607 0.0373 0.3949
6 0.6462 0.5736 0.0279 0.3723
6 0.7181 0.5633 0.0286 0.3311
16 0.7624 0.5406 0.0211 0.3293
6 0.7641 0.5428 0.0194 0.3266
6 0.8079 0.5615 0.0282 0.3401
6 0.8672 0.5399 0.0281 0.3192
6 0.9202 0.5372 0.0290 0.3210
6 0.9796 0.5916 0.0297 0.3389
