18 0.0334 0.5348 0.0505 0.1762
8 0.0277 0.8056 0.0279 0.3652
0 0.0346 0.3514 0.0146 0.3063
9 0.0819 0.5661 0.0308 0.2925
29 0.1130 0.3284 0.0177 0.3430
18 0.1555 0.5622 0.0181 0.1140
18 0.2524 0.5153 0.1056 0.2091
2 0.2225 0.3486 0.0230 0.3488
6 0.2484 0.7958 0.0398 0.3495
1 0.2508 0.3059 0.0253 0.3318
8 0.2828 0.2767 0.0195 0.3174
29 0.3412 0.6437 0.0293 0.4881
7 0.3814 0.2718 0.0218 0.3059
18 0.4244 0.5597 0.0274 0.1218
7 0.4874 0.5125 0.0300 0.4494
29 0.5248 0.6965 0.0255 0.4366
7 0.5500 0.3242 0.0236 0.3213
18 0.5917 0.6105 0.0254 0.1280
29 0.6310 0.5388 0.0198 0.3549
8 0.6310 0.5388 0.0198 0.3549
6 0.6562 0.3085 0.0243 0.2556
20 0.6888 0.6120 0.0207 0.2282
7 0.7215 0.5627 0.0225 0.4061
5 0.7545 0.2996 0.0230 0.3427
29 0.7890 0.7213 0.0273 0.4184
20 0.8320 0.6414 0.0197 0.2354
0 0.8731 0.5859 0.0227 0.3231
10 0.9112 0.5711 0.0277 0.2777
1 0.9548 0.5098 0.0329 0.4108
0 0.9850 0.5099 0.0170 0.4074
