4 0.0166 0.5416 0.0317 0.3229
21 0.0477 0.6129 0.0138 0.1021
5 0.0839 0.5112 0.0272 0.3567
26 0.1283 0.5173 0.0264 0.3672
5 0.1728 0.5101 0.0270 0.3648
21 0.1995 0.6151 0.0101 0.1081
6 0.2344 0.4863 0.0271 0.3371
20 0.2811 0.5088 0.0221 0.2192
6 0.3268 0.5104 0.0276 0.3083
21 0.3582 0.6252 0.0102 0.1213
7 0.3989 0.5068 0.0236 0.2723
18 0.4338 0.5301 0.0202 0.1256
7 0.4749 0.4901 0.0229 0.2702
6 0.5138 0.3093 0.0262 0.2551
18 0.5431 0.4801 0.0190 0.1519
2 0.5808 0.4800 0.0251 0.2849
19 0.6018 0.6368 0.0137 0.1918
7 0.6273 0.4845 0.0246 0.3127
20 0.6672 0.4856 0.0228 0.2451
22 0.7057 0.4915 0.0249 0.2547
23 0.7225 0.2752 0.0191 0.2935
18 0.7538 0.4960 0.0212 0.1204
23 0.7921 0.4517 0.0194 0.3530
22 0.8105 0.3238 0.0198 0.2059
1 0.8105 0.3238 0.0198 0.2059
20 0.8528 0.5087 0.0200 0.2205
24 0.8886 0.4087 0.0222 0.3254
10 0.9309 0.5348 0.0232 0.2057
7 0.9779 0.4646 0.0264 0.3567
