13 0.0332 0.5646 0.0357 0.7795
0 0.0824 0.5326 0.0201 0.3859
21 0.1180 0.6175 0.0214 0.1444
1 0.1650 0.4794 0.0312 0.3508
21 0.1903 0.5569 0.0191 0.1571
2 0.2407 0.4521 0.0287 0.2888
21 0.2745 0.5322 0.0136 0.1090
3 0.3319 0.4257 0.0326 0.2775
21 0.3539 0.5059 0.0117 0.0853
4 0.3905 0.3902 0.0335 0.2985
21 0.4468 0.4140 0.0146 0.0951
5 0.4803 0.3468 0.0295 0.2881
21 0.5232 0.4033 0.0117 0.0972
6 0.5614 0.3065 0.0296 0.3202
21 0.5969 0.4291 0.0123 0.0970
7 0.6289 0.2962 0.0284 0.3434
21 0.6789 0.3778 0.0116 0.0997
8 0.6992 0.2804 0.0217 0.3170
21 0.7258 0.3641 0.0126 0.0979
17 0.7624 0.2520 0.0253 0.2988
14 0.8064 0.3307 0.0285 0.6646
10 0.8525 0.2852 0.0293 0.1902
1 0.9118 0.2035 0.0368 0.3048
24 0.9650 0.2583 0.0399 0.2365
