9 0.123047 0.410156 0.113281 0.148438
3 0.216797 0.306641 0.066406 0.113281
18 0.431641 0.509766 0.128906 0.035156
2 0.201172 0.564453 0.058594 0.058594
1 0.107422 0.658203 0.128906 0.183594
11 0.578125 0.517578 0.093750 0.496094
18 0.171875 0.515625 0.312500 0.031250
18 0.716797 0.517578 0.183594 0.035156
1 0.716797 0.404297 0.128906 0.152344
9 0.710938 0.636719 0.117188 0.117188
12 0.849609 0.511719 0.066406 0.484375
18 0.902344 0.296875 0.039062 0.031250
3 0.955078 0.281250 0.058594 0.109375
