4 0.429688 0.519531 0.078125 0.140625
2 0.041016 0.529297 0.074219 0.121094
2 0.257812 0.488281 0.046875 0.070312
18 0.712891 0.515625 0.074219 0.031250
1 0.890625 0.585938 0.093750 0.101562
4 0.853516 0.421875 0.050781 0.062500
20 0.343750 0.525391 0.062500 0.058594
1 0.640625 0.496094 0.062500 0.054688
1 0.154297 0.509766 0.050781 0.066406
2 0.531250 0.484375 0.046875 0.062500
18 0.873047 0.515625 0.230469 0.046875
7 0.949219 0.398438 0.046875 0.070312
22 0.125000 0.550781 0.054688 0.054688
23 0.212891 0.529297 0.058594 0.121094
22 0.515625 0.542969 0.078125 0.070312
23 0.609375 0.519531 0.054688 0.148438
22 0.818359 0.468750 0.074219 0.070312
23 0.916016 0.433594 0.082031 0.117188
