0 0.089844 0.238281 0.078125 0.156250
20 0.224609 0.238281 0.089844 0.093750
0 0.408203 0.130859 0.074219 0.128906
18 0.408203 0.222656 0.144531 0.031250
1 0.437500 0.298828 0.093750 0.113281
18 0.279297 0.402344 0.480469 0.046875
2 0.279297 0.500000 0.082031 0.117188
20 0.623047 0.414062 0.082031 0.093750
0 0.775391 0.310547 0.058594 0.136719
18 0.804688 0.402344 0.187500 0.023438
3 0.820312 0.492188 0.101562 0.148438
18 0.494141 0.623047 0.980469 0.035156
0 0.248047 0.724609 0.074219 0.105469
18 0.257812 0.810547 0.109375 0.027344
2 0.275391 0.882812 0.082031 0.093750
20 0.406250 0.808594 0.078125 0.078125
0 0.527344 0.792969 0.054688 0.148438
20 0.626953 0.808594 0.058594 0.085938
1 0.777344 0.716797 0.101562 0.089844
18 0.785156 0.787109 0.140625 0.019531
3 0.779297 0.865234 0.082031 0.121094
