0 0.056641 0.453125 0.042969 0.093750
18 0.054688 0.523438 0.078125 0.015625
20 0.134766 0.523438 0.058594 0.054688
0 0.214844 0.451172 0.046875 0.082031
18 0.218750 0.513672 0.093750 0.027344
20 0.312500 0.513672 0.062500 0.058594
0 0.400391 0.437500 0.042969 0.078125
18 0.404297 0.496094 0.089844 0.023438
10 0.494141 0.500000 0.058594 0.046875
20 0.701172 0.468750 0.066406 0.046875
20 0.843750 0.460938 0.046875 0.054688
18 0.769531 0.503906 0.429688 0.023438
22 0.046875 0.562500 0.046875 0.062500
23 0.232422 0.562500 0.058594 0.078125
24 0.406250 0.558594 0.062500 0.062500
23 0.591797 0.458984 0.050781 0.089844
24 0.644531 0.472656 0.054688 0.054688
22 0.751953 0.466797 0.035156 0.058594
24 0.796875 0.466797 0.046875 0.058594
22 0.900391 0.462891 0.050781 0.050781
23 0.953125 0.437500 0.046875 0.093750
22 0.685547 0.546875 0.050781 0.046875
23 0.742188 0.544922 0.054688 0.058594
24 0.808594 0.546875 0.054688 0.046875
