0 0.109375 0.308594 0.093750 0.226562
18 0.250000 0.324219 0.109375 0.031250
1 0.421875 0.296875 0.140625 0.203125
20 0.578125 0.310547 0.109375 0.121094
2 0.798828 0.158203 0.121094 0.121094
18 0.808594 0.248047 0.164062 0.027344
3 0.828125 0.343750 0.109375 0.156250
18 0.500000 0.460938 0.984375 0.031250
11 0.107422 0.703125 0.105469 0.375000
4 0.236328 0.697266 0.128906 0.175781
18 0.437500 0.701172 0.109375 0.035156
5 0.609375 0.685547 0.093750 0.167969
12 0.744141 0.685547 0.089844 0.355469
6 0.828125 0.556641 0.078125 0.136719
