1 0.117188 0.371094 0.062500 0.062500
20 0.187500 0.421875 0.062500 0.062500
2 0.310547 0.371094 0.042969 0.085938
20 0.386719 0.404297 0.078125 0.066406
3 0.531250 0.355469 0.062500 0.070312
20 0.593750 0.398438 0.078125 0.062500
3 0.718750 0.406250 0.078125 0.140625
4 0.794922 0.367188 0.058594 0.078125
4 0.103516 0.603516 0.121094 0.136719
20 0.281250 0.609375 0.078125 0.078125
5 0.392578 0.595703 0.089844 0.136719
6 0.453125 0.560547 0.062500 0.066406
20 0.517578 0.595703 0.074219 0.058594
6 0.617188 0.605469 0.101562 0.156250
7 0.699219 0.562500 0.054688 0.093750
20 0.750000 0.607422 0.062500 0.058594
8 0.945312 0.550781 0.054688 0.070312
5 0.203125 0.564453 0.062500 0.089844
0 0.056641 0.419922 0.082031 0.136719
1 0.259766 0.406250 0.097656 0.140625
2 0.496094 0.417969 0.093750 0.140625
7 0.884766 0.593750 0.105469 0.140625
18 0.494141 0.500000 0.980469 0.031250
