0 0.085938 0.320312 0.054688 0.078125
17 0.042969 0.681641 0.062500 0.058594
2 0.341797 0.353516 0.058594 0.082031
9 0.294922 0.441406 0.113281 0.093750
18 0.283203 0.513672 0.316406 0.027344
9 0.224609 0.548828 0.058594 0.042969
18 0.281250 0.605469 0.062500 0.031250
0 0.367188 0.589844 0.070312 0.101562
9 0.574219 0.513672 0.101562 0.097656
10 0.699219 0.498047 0.093750 0.058594
3 0.953125 0.357422 0.046875 0.089844
18 0.875000 0.500000 0.187500 0.031250
0 0.814453 0.587891 0.058594 0.128906
4 0.916016 0.585938 0.113281 0.132812
