10 0.218750 0.500000 0.062500 0.062500
0 0.294922 0.449219 0.050781 0.078125
18 0.296875 0.500000 0.062500 0.015625
1 0.308594 0.548828 0.070312 0.066406
1 0.523438 0.462891 0.046875 0.042969
20 0.593750 0.496094 0.062500 0.054688
0 0.669922 0.437500 0.035156 0.078125
18 0.671875 0.492188 0.078125 0.015625
1 0.673828 0.546875 0.066406 0.078125
1 0.835938 0.511719 0.046875 0.062500
1 0.933594 0.515625 0.046875 0.046875
1 0.953125 0.431641 0.062500 0.066406
0 0.408203 0.525391 0.027344 0.058594
0 0.484375 0.527344 0.031250 0.039062
27 0.369141 0.505859 0.066406 0.058594
27 0.771484 0.486328 0.089844 0.058594
