21 0.085938 0.515625 0.023438 0.015625
11 0.134766 0.511719 0.035156 0.132812
2 0.173828 0.468750 0.042969 0.046875
1 0.234375 0.509766 0.046875 0.066406
1 0.322266 0.439453 0.035156 0.042969
20 0.367188 0.503906 0.070312 0.054688
21 0.472656 0.515625 0.023438 0.031250
1 0.609375 0.513672 0.046875 0.074219
12 0.671875 0.498047 0.046875 0.128906
20 0.728516 0.501953 0.050781 0.042969
10 0.886719 0.498047 0.062500 0.035156
17 0.958984 0.486328 0.050781 0.089844
11 0.511719 0.500000 0.039062 0.125000
12 0.294922 0.513672 0.035156 0.152344
24 0.044922 0.521484 0.066406 0.074219
22 0.800781 0.501953 0.054688 0.066406
23 0.435547 0.498047 0.058594 0.097656
