2 0.046875 0.587891 0.078125 0.089844
1 0.152344 0.544922 0.062500 0.042969
2 0.248047 0.527344 0.050781 0.054688
20 0.312500 0.578125 0.062500 0.062500
4 0.388672 0.576172 0.074219 0.105469
2 0.498047 0.531250 0.058594 0.062500
1 0.605469 0.515625 0.054688 0.062500
18 0.683594 0.572266 0.085938 0.042969
4 0.843750 0.435547 0.078125 0.082031
7 0.953125 0.416016 0.062500 0.089844
1 0.875000 0.593750 0.093750 0.062500
18 0.859375 0.546875 0.234375 0.031250
22 0.123047 0.599609 0.066406 0.050781
23 0.210938 0.576172 0.062500 0.113281
22 0.451172 0.580078 0.074219 0.066406
23 0.554688 0.556641 0.070312 0.121094
22 0.791016 0.488281 0.074219 0.078125
23 0.916016 0.466797 0.066406 0.113281
