0 0.134766 0.421875 0.082031 0.078125
11 0.046875 0.500000 0.078125 0.250000
1 0.234375 0.541016 0.062500 0.058594
18 0.304688 0.468750 0.085938 0.031250
20 0.623047 0.468750 0.089844 0.093750
1 0.757812 0.417969 0.093750 0.085938
2 0.406250 0.419922 0.078125 0.089844
12 0.951172 0.500000 0.066406 0.250000
18 0.152344 0.482422 0.156250 0.027344
18 0.462891 0.484375 0.183594 0.031250
18 0.806641 0.478516 0.238281 0.035156
27 0.158203 0.568359 0.105469 0.074219
27 0.498047 0.431641 0.097656 0.082031
27 0.763672 0.533203 0.121094 0.066406
28 0.466797 0.544922 0.097656 0.082031
28 0.871094 0.537109 0.085938 0.074219
