11 0.046875 0.453125 0.062500 0.203125
12 0.373047 0.462891 0.058594 0.191406
12 0.955078 0.478516 0.066406 0.222656
1 0.730469 0.439453 0.070312 0.066406
0 0.294922 0.464844 0.058594 0.140625
3 0.166016 0.433594 0.058594 0.062500
0 0.873047 0.480469 0.058594 0.171875
18 0.800781 0.478516 0.054688 0.035156
18 0.230469 0.462891 0.062500 0.042969
11 0.564453 0.468750 0.066406 0.187500
26 0.472656 0.468750 0.101562 0.171875
29 0.123047 0.513672 0.082031 0.136719
29 0.660156 0.550781 0.125000 0.164062
