11 0.142578 0.515625 0.042969 0.125000
9 0.197266 0.523438 0.066406 0.085938
12 0.248047 0.509766 0.035156 0.144531
9 0.357422 0.527344 0.066406 0.078125
10 0.437500 0.515625 0.078125 0.062500
12 0.687500 0.478516 0.031250 0.121094
18 0.742188 0.486328 0.054688 0.042969
11 0.878906 0.478516 0.031250 0.113281
12 0.968750 0.482422 0.031250 0.121094
11 0.593750 0.486328 0.031250 0.113281
23 0.050781 0.359375 0.054688 0.062500
23 0.644531 0.490234 0.054688 0.105469
22 0.929688 0.486328 0.054688 0.066406
