2 0.080078 0.517578 0.128906 0.160156
1 0.242188 0.484375 0.070312 0.062500
2 0.343750 0.496094 0.062500 0.085938
4 0.498047 0.513672 0.074219 0.121094
20 0.408203 0.562500 0.058594 0.046875
18 0.750000 0.529297 0.062500 0.027344
1 0.701172 0.478516 0.066406 0.058594
2 0.609375 0.490234 0.046875 0.074219
4 0.867188 0.421875 0.046875 0.062500
7 0.962891 0.421875 0.050781 0.062500
1 0.890625 0.546875 0.078125 0.078125
22 0.203125 0.556641 0.062500 0.058594
22 0.562500 0.529297 0.062500 0.066406
22 0.841797 0.478516 0.058594 0.050781
18 0.875000 0.500000 0.156250 0.015625
23 0.921875 0.460938 0.046875 0.078125
23 0.296875 0.523438 0.046875 0.117188
23 0.656250 0.515625 0.046875 0.109375
