1 0.123047 0.470703 0.042969 0.050781
18 0.179688 0.521484 0.062500 0.019531
2 0.257812 0.513672 0.054688 0.074219
12 0.310547 0.519531 0.050781 0.179688
3 0.367188 0.416016 0.046875 0.074219
18 0.435547 0.525391 0.066406 0.027344
6 0.535156 0.507812 0.078125 0.132812
21 0.578125 0.511719 0.023438 0.031250
11 0.625000 0.515625 0.046875 0.187500
7 0.681641 0.517578 0.058594 0.097656
1 0.736328 0.457031 0.042969 0.070312
18 0.773438 0.515625 0.062500 0.031250
2 0.857422 0.509766 0.074219 0.089844
1 0.962891 0.404297 0.050781 0.082031
11 0.041016 0.529297 0.058594 0.183594
9 0.087891 0.527344 0.058594 0.085938
12 0.921875 0.509766 0.054688 0.199219
