4 0.435547 0.533203 0.089844 0.160156
2 0.060547 0.566406 0.097656 0.164062
2 0.281250 0.494141 0.046875 0.074219
20 0.359375 0.593750 0.046875 0.062500
1 0.900391 0.603516 0.074219 0.089844
18 0.722656 0.548828 0.054688 0.035156
1 0.187500 0.544922 0.046875 0.050781
2 0.537109 0.533203 0.035156 0.058594
1 0.611328 0.490234 0.035156 0.074219
5 0.859375 0.431641 0.046875 0.058594
18 0.875000 0.531250 0.218750 0.031250
7 0.966797 0.375000 0.058594 0.078125
22 0.160156 0.601562 0.062500 0.062500
23 0.242188 0.548828 0.062500 0.160156
22 0.501953 0.585938 0.050781 0.054688
23 0.593750 0.535156 0.054688 0.117188
22 0.820312 0.484375 0.070312 0.054688
23 0.927734 0.451172 0.066406 0.105469
