11 0.093750 0.498047 0.046875 0.113281
11 0.218750 0.500000 0.031250 0.093750
9 0.265625 0.498047 0.062500 0.066406
19 0.312500 0.515625 0.015625 0.046875
12 0.390625 0.500000 0.031250 0.093750
19 0.419922 0.531250 0.027344 0.062500
12 0.535156 0.494141 0.039062 0.144531
10 0.605469 0.496094 0.062500 0.054688
1 0.718750 0.437500 0.046875 0.046875
18 0.763672 0.484375 0.050781 0.031250
20 0.888672 0.484375 0.066406 0.046875
29 0.343750 0.515625 0.046875 0.125000
9 0.689453 0.486328 0.074219 0.066406
29 0.812500 0.500000 0.046875 0.109375
