20 0.123047 0.529297 0.058594 0.058594
2 0.240234 0.437500 0.050781 0.062500
10 0.292969 0.513672 0.054688 0.035156
2 0.384766 0.468750 0.050781 0.046875
20 0.437500 0.515625 0.062500 0.046875
2 0.500000 0.500000 0.062500 0.093750
20 0.666016 0.515625 0.035156 0.062500
2 0.718750 0.496094 0.046875 0.085938
1 0.839844 0.447266 0.039062 0.042969
20 0.890625 0.500000 0.046875 0.046875
11 0.031250 0.525391 0.046875 0.136719
12 0.220703 0.515625 0.042969 0.125000
1 0.564453 0.472656 0.042969 0.039062
22 0.062500 0.523438 0.046875 0.054688
23 0.183594 0.509766 0.046875 0.082031
22 0.359375 0.515625 0.062500 0.062500
22 0.560547 0.519531 0.042969 0.054688
23 0.611328 0.488281 0.050781 0.109375
22 0.775391 0.509766 0.050781 0.050781
23 0.812500 0.484375 0.031250 0.093750
23 0.953125 0.484375 0.046875 0.093750
