18 0.041016 0.527344 0.066406 0.031250
11 0.218750 0.515625 0.062500 0.187500
3 0.296875 0.500000 0.078125 0.125000
2 0.406250 0.468750 0.062500 0.062500
20 0.484375 0.525391 0.078125 0.058594
1 0.578125 0.494141 0.062500 0.105469
6 0.640625 0.498047 0.062500 0.113281
1 0.734375 0.421875 0.046875 0.062500
12 0.787109 0.498047 0.042969 0.175781
10 0.859375 0.501953 0.062500 0.050781
17 0.953125 0.478516 0.062500 0.097656
0 0.107422 0.500000 0.042969 0.125000
5 0.142578 0.503906 0.058594 0.117188
22 0.361328 0.527344 0.058594 0.070312
23 0.716797 0.496094 0.058594 0.117188
