11 0.033203 0.523438 0.058594 0.156250
18 0.156250 0.523438 0.046875 0.031250
1 0.292969 0.421875 0.039062 0.062500
10 0.367188 0.515625 0.085938 0.046875
1 0.500000 0.466797 0.046875 0.050781
18 0.562500 0.515625 0.046875 0.031250
1 0.640625 0.494141 0.062500 0.097656
20 0.839844 0.500000 0.070312 0.062500
1 0.953125 0.419922 0.046875 0.042969
12 0.259766 0.509766 0.035156 0.144531
22 0.087891 0.529297 0.066406 0.066406
23 0.203125 0.511719 0.062500 0.109375
22 0.466797 0.515625 0.058594 0.078125
22 0.697266 0.500000 0.042969 0.062500
23 0.746094 0.482422 0.054688 0.097656
23 0.919922 0.472656 0.058594 0.101562
