17 0.031250 0.656250 0.046875 0.046875
9 0.203125 0.542969 0.046875 0.046875
9 0.275391 0.437500 0.058594 0.062500
18 0.267578 0.576172 0.066406 0.027344
0 0.359375 0.562500 0.078125 0.109375
10 0.625000 0.500000 0.062500 0.046875
3 0.843750 0.367188 0.046875 0.078125
18 0.828125 0.498047 0.312500 0.027344
0 0.167969 0.343750 0.046875 0.078125
2 0.306641 0.384766 0.050781 0.074219
18 0.279297 0.500000 0.316406 0.031250
9 0.531250 0.525391 0.062500 0.074219
0 0.765625 0.585938 0.062500 0.125000
4 0.835938 0.587891 0.093750 0.121094
