9 0.107422 0.437500 0.066406 0.078125
20 0.187500 0.435547 0.046875 0.050781
2 0.250000 0.429688 0.062500 0.093750
12 0.339844 0.402344 0.046875 0.140625
9 0.484375 0.429688 0.078125 0.070312
18 0.546875 0.421875 0.046875 0.031250
4 0.609375 0.412109 0.078125 0.089844
12 0.685547 0.406250 0.058594 0.125000
17 0.931641 0.490234 0.113281 0.097656
2 0.125000 0.585938 0.062500 0.085938
9 0.292969 0.587891 0.070312 0.058594
18 0.359375 0.578125 0.046875 0.031250
0 0.439453 0.572266 0.050781 0.066406
12 0.500000 0.587891 0.046875 0.160156
18 0.367188 0.484375 0.726562 0.046875
11 0.224609 0.583984 0.089844 0.121094
11 0.046875 0.416016 0.062500 0.128906
11 0.419922 0.390625 0.089844 0.125000
