3 0.167969 0.419922 0.062500 0.097656
18 0.218750 0.505859 0.078125 0.035156
0 0.308594 0.498047 0.062500 0.136719
1 0.736328 0.429688 0.074219 0.093750
18 0.796875 0.500000 0.078125 0.031250
0 0.886719 0.482422 0.062500 0.113281
11 0.041016 0.468750 0.074219 0.203125
12 0.371094 0.484375 0.070312 0.218750
11 0.617188 0.466797 0.093750 0.175781
12 0.955078 0.478516 0.089844 0.167969
29 0.095703 0.554688 0.082031 0.195312
26 0.496094 0.496094 0.140625 0.296875
29 0.666016 0.533203 0.082031 0.160156
