1 0.150391 0.500000 0.035156 0.062500
20 0.343750 0.546875 0.078125 0.078125
2 0.281250 0.513672 0.031250 0.066406
18 0.718750 0.544922 0.062500 0.035156
4 0.437500 0.531250 0.062500 0.093750
2 0.044922 0.544922 0.066406 0.097656
2 0.548828 0.492188 0.042969 0.054688
0 0.640625 0.498047 0.046875 0.058594
1 0.884766 0.546875 0.066406 0.078125
18 0.875000 0.500000 0.171875 0.031250
4 0.857422 0.437500 0.035156 0.062500
7 0.962891 0.429688 0.050781 0.062500
22 0.111328 0.546875 0.082031 0.078125
23 0.228516 0.523438 0.074219 0.109375
23 0.605469 0.509766 0.046875 0.121094
23 0.917969 0.449219 0.062500 0.093750
22 0.513672 0.542969 0.066406 0.062500
22 0.822266 0.468750 0.050781 0.046875
