10 0.513672 0.525391 0.097656 0.058594
9 0.406250 0.525391 0.085938 0.089844
9 0.621094 0.466797 0.062500 0.066406
9 0.138672 0.531250 0.066406 0.078125
20 0.839844 0.513672 0.070312 0.058594
20 0.673828 0.578125 0.035156 0.046875
0 0.726562 0.568359 0.039062 0.058594
0 0.765625 0.400391 0.031250 0.066406
20 0.718750 0.410156 0.046875 0.046875
18 0.671875 0.515625 0.187500 0.031250
28 0.197266 0.474609 0.058594 0.058594
28 0.619141 0.576172 0.050781 0.050781
28 0.675781 0.419922 0.046875 0.050781
24 0.941406 0.501953 0.093750 0.136719
