9 0.136719 0.527344 0.093750 0.093750
9 0.326172 0.525391 0.074219 0.097656
10 0.417969 0.517578 0.070312 0.058594
9 0.529297 0.460938 0.074219 0.078125
20 0.625000 0.406250 0.031250 0.046875
0 0.671875 0.386719 0.031250 0.093750
18 0.619141 0.515625 0.316406 0.031250
20 0.593750 0.593750 0.062500 0.062500
0 0.685547 0.585938 0.066406 0.101562
20 0.837891 0.513672 0.074219 0.066406
28 0.187500 0.437500 0.046875 0.078125
28 0.509766 0.593750 0.066406 0.093750
28 0.589844 0.406250 0.046875 0.062500
24 0.951172 0.472656 0.074219 0.132812
