0 0.031250 0.437500 0.046875 0.093750
18 0.054688 0.498047 0.078125 0.019531
1 0.062500 0.546875 0.062500 0.078125
20 0.140625 0.500000 0.062500 0.078125
0 0.203125 0.437500 0.031250 0.093750
2 0.234375 0.546875 0.062500 0.078125
20 0.296875 0.484375 0.062500 0.078125
0 0.371094 0.429688 0.062500 0.085938
18 0.386719 0.484375 0.078125 0.015625
3 0.390625 0.546875 0.062500 0.078125
5 0.562500 0.431641 0.062500 0.074219
20 0.621094 0.437500 0.039062 0.062500
3 0.667969 0.437500 0.054688 0.078125
20 0.718750 0.421875 0.046875 0.046875
2 0.775391 0.435547 0.050781 0.074219
0 0.634766 0.544922 0.042969 0.074219
1 0.687500 0.546875 0.078125 0.093750
10 0.828125 0.492188 0.078125 0.039062
18 0.933594 0.484375 0.117188 0.031250
10 0.476562 0.492188 0.078125 0.039062
0 0.908203 0.433594 0.035156 0.085938
2 0.953125 0.421875 0.031250 0.078125
0 0.890625 0.554688 0.031250 0.109375
1 0.933594 0.558594 0.054688 0.093750
18 0.230469 0.494141 0.093750 0.027344
18 0.656250 0.492188 0.234375 0.031250
