0 0.046875 0.437500 0.062500 0.093750
1 0.087891 0.558594 0.089844 0.085938
20 0.166016 0.488281 0.066406 0.070312
1 0.259766 0.437500 0.082031 0.093750
2 0.277344 0.548828 0.078125 0.066406
20 0.378906 0.488281 0.070312 0.070312
2 0.478516 0.416016 0.082031 0.082031
18 0.492188 0.468750 0.125000 0.015625
3 0.501953 0.542969 0.089844 0.093750
20 0.621094 0.468750 0.070312 0.078125
4 0.728516 0.541016 0.089844 0.097656
20 0.812500 0.478516 0.062500 0.058594
4 0.921875 0.435547 0.093750 0.089844
5 0.921875 0.562500 0.078125 0.125000
3 0.720703 0.423828 0.066406 0.097656
18 0.068359 0.496094 0.113281 0.023438
18 0.265625 0.496094 0.109375 0.023438
18 0.718750 0.482422 0.093750 0.027344
18 0.931641 0.492188 0.113281 0.023438
