9 0.123047 0.417969 0.074219 0.078125
20 0.201172 0.421875 0.058594 0.062500
2 0.275391 0.410156 0.058594 0.109375
11 0.400391 0.417969 0.042969 0.164062
9 0.464844 0.412109 0.078125 0.097656
18 0.533203 0.423828 0.058594 0.035156
4 0.613281 0.412109 0.078125 0.121094
12 0.683594 0.408203 0.039062 0.183594
17 0.955078 0.498047 0.066406 0.105469
18 0.384766 0.515625 0.753906 0.031250
2 0.171875 0.609375 0.078125 0.093750
11 0.263672 0.609375 0.042969 0.109375
9 0.343750 0.605469 0.093750 0.093750
18 0.416016 0.607422 0.058594 0.027344
0 0.484375 0.597656 0.054688 0.101562
12 0.546875 0.607422 0.046875 0.136719
11 0.062500 0.421875 0.062500 0.140625
12 0.324219 0.406250 0.054688 0.156250
