11 0.107422 0.496094 0.035156 0.093750
9 0.156250 0.500000 0.078125 0.093750
19 0.212891 0.541016 0.027344 0.050781
12 0.322266 0.500000 0.042969 0.156250
10 0.421875 0.496094 0.078125 0.062500
1 0.542969 0.480469 0.078125 0.109375
9 0.625000 0.484375 0.078125 0.078125
1 0.666016 0.421875 0.050781 0.062500
18 0.828125 0.482422 0.062500 0.027344
2 0.962891 0.419922 0.050781 0.058594
29 0.265625 0.529297 0.062500 0.160156
29 0.716797 0.515625 0.058594 0.140625
29 0.916016 0.517578 0.050781 0.144531
