9 0.171875 0.511719 0.062500 0.070312
12 0.218750 0.500000 0.031250 0.125000
10 0.275391 0.505859 0.066406 0.050781
0 0.390625 0.449219 0.062500 0.085938
18 0.375000 0.500000 0.109375 0.015625
9 0.392578 0.554688 0.097656 0.078125
20 0.480469 0.500000 0.054688 0.062500
0 0.593750 0.437500 0.062500 0.093750
18 0.595703 0.500000 0.113281 0.015625
1 0.634766 0.529297 0.042969 0.042969
20 0.701172 0.498047 0.058594 0.058594
11 0.859375 0.482422 0.031250 0.105469
9 0.923828 0.478516 0.066406 0.074219
12 0.968750 0.478516 0.031250 0.121094
11 0.125000 0.513672 0.031250 0.105469
9 0.589844 0.560547 0.062500 0.066406
