11 0.066667 0.525641 0.052381 0.615385
7 0.123810 0.576923 0.052381 0.461538
20 0.197619 0.506410 0.057143 0.243590
2 0.273810 0.480769 0.052381 0.448718
9 0.336905 0.570513 0.069048 0.217949
12 0.408333 0.487179 0.030952 0.564103
11 0.509524 0.429487 0.047619 0.576923
2 0.586905 0.410256 0.059524 0.435897
17 0.664286 0.384615 0.080952 0.461538
18 0.747619 0.384615 0.047619 0.128205
6 0.815476 0.339744 0.064286 0.423077
9 0.884524 0.416667 0.069048 0.294872
12 0.942857 0.384615 0.028571 0.641026
