2 0.093750 0.470703 0.046875 0.066406
20 0.152344 0.500000 0.062500 0.062500
0 0.216797 0.511719 0.035156 0.093750
3 0.259766 0.503906 0.058594 0.093750
1 0.375000 0.468750 0.046875 0.062500
1 0.593750 0.500000 0.062500 0.078125
0 0.484375 0.500000 0.031250 0.078125
0 0.781250 0.496094 0.031250 0.085938
8 0.953125 0.500000 0.062500 0.078125
7 0.890625 0.500000 0.046875 0.078125
2 0.531250 0.498047 0.046875 0.097656
6 0.837891 0.498047 0.058594 0.082031
18 0.421875 0.515625 0.046875 0.031250
20 0.732422 0.500000 0.050781 0.062500
