11 0.029002 0.703008 0.039443 0.428571
3 0.098608 0.721805 0.071926 0.345865
20 0.194896 0.676692 0.064965 0.255639
29 0.276102 0.770677 0.078886 0.443609
12 0.334107 0.571429 0.051044 0.421053
21 0.381671 0.646617 0.025522 0.135338
11 0.428074 0.545113 0.039443 0.368421
9 0.503480 0.545113 0.078886 0.233083
1 0.549884 0.364662 0.041763 0.172932
20 0.600928 0.545113 0.051044 0.187970
29 0.665893 0.635338 0.055684 0.368421
1 0.699536 0.364662 0.039443 0.187970
12 0.744780 0.372180 0.046404 0.503759
10 0.823666 0.466165 0.060325 0.180451
22 0.915313 0.458647 0.071926 0.180451
1 0.951276 0.289474 0.046404 0.187970
