1 0.026290 0.476744 0.037001 0.276486
9 0.093476 0.549096 0.050633 0.240310
2 0.136319 0.410853 0.025316 0.196382
18 0.184031 0.547804 0.039922 0.098191
6 0.293817 0.485788 0.045278 0.258398
9 0.350292 0.549096 0.043330 0.188630
1 0.392162 0.419897 0.023856 0.126615
18 0.466164 0.536176 0.050146 0.105943
0 0.544060 0.514212 0.028724 0.294574
4 0.576923 0.509044 0.030185 0.248062
9 0.612950 0.540052 0.038948 0.170543
18 0.694499 0.527132 0.047225 0.124031
1 0.759007 0.552972 0.038948 0.232558
17 0.805988 0.580103 0.042356 0.214470
10 0.886806 0.598191 0.045278 0.178295
17 0.974684 0.580103 0.050633 0.229974
