11 0.033445 0.625000 0.046823 0.460526
3 0.120401 0.618421 0.060201 0.368421
9 0.202341 0.651316 0.090301 0.276316
18 0.280936 0.592105 0.046823 0.078947
3 0.347826 0.565789 0.060201 0.315789
12 0.406355 0.500000 0.036789 0.447368
11 0.488294 0.513158 0.053512 0.473684
2 0.585284 0.519737 0.066890 0.328947
9 0.660535 0.513158 0.076923 0.210526
1 0.714047 0.315789 0.056856 0.210526
20 0.797659 0.421053 0.063545 0.184211
1 0.882943 0.361842 0.073579 0.328947
12 0.958194 0.302632 0.043478 0.394737
