11 0.066667 0.519231 0.052381 0.628205
7 0.123810 0.570513 0.052381 0.448718
20 0.196429 0.493590 0.059524 0.243590
2 0.273810 0.493590 0.052381 0.448718
9 0.336905 0.570513 0.069048 0.217949
12 0.405952 0.474359 0.030952 0.564103
11 0.509524 0.416667 0.047619 0.576923
2 0.586905 0.397436 0.059524 0.435897
17 0.658333 0.384615 0.069048 0.487179
18 0.745238 0.371795 0.047619 0.128205
6 0.813095 0.339744 0.064286 0.423077
9 0.884524 0.416667 0.069048 0.294872
12 0.942857 0.371795 0.028571 0.641026
