2 0.099609 0.468750 0.050781 0.062500
1 0.404297 0.468750 0.035156 0.062500
0 0.498047 0.500000 0.035156 0.093750
2 0.542969 0.498047 0.062500 0.089844
1 0.593750 0.500000 0.046875 0.093750
0 0.248047 0.500000 0.042969 0.093750
3 0.296875 0.498047 0.046875 0.089844
0 0.796875 0.496094 0.031250 0.101562
6 0.839844 0.494141 0.046875 0.105469
7 0.900391 0.492188 0.058594 0.101562
8 0.962891 0.498047 0.050781 0.113281
20 0.171875 0.500000 0.062500 0.062500
20 0.748047 0.515625 0.066406 0.062500
18 0.435547 0.513672 0.058594 0.027344
