2 0.091797 0.451172 0.042969 0.058594
20 0.140625 0.482422 0.062500 0.058594
0 0.214844 0.478516 0.023438 0.066406
3 0.259766 0.468750 0.058594 0.093750
1 0.375000 0.437500 0.046875 0.046875
1 0.591797 0.484375 0.058594 0.078125
2 0.533203 0.482422 0.035156 0.089844
0 0.496094 0.484375 0.015625 0.078125
0 0.802734 0.484375 0.035156 0.085938
20 0.736328 0.486328 0.066406 0.066406
6 0.859375 0.478516 0.062500 0.089844
7 0.916016 0.472656 0.058594 0.101562
8 0.962891 0.511719 0.050781 0.148438
18 0.421875 0.482422 0.062500 0.027344
