2 0.134766 0.468750 0.050781 0.062500
20 0.197266 0.515625 0.050781 0.046875
20 0.765625 0.515625 0.062500 0.062500
0 0.248047 0.500000 0.027344 0.062500
0 0.531250 0.500000 0.015625 0.078125
0 0.812500 0.523438 0.031250 0.070312
8 0.962891 0.509766 0.050781 0.089844
3 0.281250 0.503906 0.046875 0.078125
2 0.572266 0.500000 0.042969 0.078125
1 0.421875 0.466797 0.046875 0.066406
1 0.617188 0.509766 0.054688 0.066406
6 0.857422 0.515625 0.050781 0.078125
7 0.916016 0.500000 0.042969 0.078125
18 0.482422 0.500000 0.058594 0.031250
