8 0.097868 0.704403 0.052326 0.251572
22 0.149225 0.729560 0.054264 0.163522
22 0.486434 0.732704 0.062016 0.194969
1 0.191860 0.625786 0.031008 0.157233
18 0.281977 0.726415 0.052326 0.081761
5 0.380814 0.713836 0.052326 0.232704
1 0.436047 0.707547 0.050388 0.245283
10 0.593992 0.738994 0.048450 0.132075
17 0.670543 0.716981 0.058140 0.226415
6 0.053295 0.226415 0.044574 0.238994
22 0.105620 0.279874 0.056202 0.169811
15 0.165698 0.213836 0.044574 0.327044
6 0.218023 0.235849 0.060078 0.232704
23 0.274225 0.232704 0.048450 0.226415
11 0.323643 0.229560 0.031008 0.308176
22 0.366279 0.267296 0.058140 0.157233
1 0.406008 0.163522 0.036822 0.138365
18 0.470930 0.254717 0.054264 0.081761
4 0.531008 0.257862 0.054264 0.213836
12 0.566860 0.235849 0.029070 0.308176
18 0.623062 0.264151 0.056202 0.088050
2 0.694767 0.242138 0.044574 0.207547
2 0.733527 0.235849 0.036822 0.207547
23 0.779070 0.248428 0.042636 0.220126
16 0.817829 0.232704 0.046512 0.364780
10 0.877907 0.270440 0.046512 0.138365
17 0.941860 0.238994 0.062016 0.238994
