7 0.105000 0.751908 0.060000 0.297710
7 0.095000 0.324427 0.060000 0.267176
7 0.215000 0.660305 0.050000 0.206107
9 0.163750 0.835878 0.057500 0.160305
9 0.257500 0.377863 0.080000 0.175573
9 0.607500 0.797710 0.060000 0.160305
9 0.626250 0.366412 0.077500 0.167939
20 0.331250 0.805344 0.077500 0.175573
20 0.397500 0.347328 0.055000 0.160305
2 0.323750 0.229008 0.047500 0.167939
17 0.161250 0.324427 0.067500 0.251908
4 0.457500 0.770992 0.075000 0.274809
1 0.533750 0.755725 0.067500 0.259542
0 0.497500 0.351145 0.045000 0.244275
6 0.551250 0.343511 0.067500 0.274809
5 0.647500 0.667939 0.045000 0.221374
1 0.666250 0.225191 0.042500 0.160305
18 0.758750 0.793893 0.072500 0.076336
18 0.743750 0.339695 0.072500 0.114504
0 0.843750 0.301527 0.037500 0.236641
17 0.897500 0.293893 0.055000 0.206107
17 0.958750 0.305344 0.052500 0.198473
2 0.861250 0.713740 0.057500 0.236641
2 0.915000 0.706107 0.055000 0.236641
2 0.965000 0.698473 0.045000 0.221374
