0 0.070513 0.214286 0.038462 0.222222
9 0.120513 0.825397 0.097436 0.222222
0 0.123077 0.198413 0.051282 0.238095
0 0.176923 0.222222 0.046154 0.253968
9 0.278205 0.253968 0.079487 0.206349
1 0.320513 0.115079 0.041026 0.150794
1 0.173077 0.698413 0.048718 0.158730
18 0.316667 0.841270 0.079487 0.111111
0 0.448718 0.809524 0.071795 0.301587
20 0.439744 0.253968 0.069231 0.190476
1 0.548718 0.234127 0.071795 0.246032
1 0.607692 0.250000 0.051282 0.246032
1 0.671795 0.230159 0.071795 0.269841
10 0.548718 0.849206 0.071795 0.142857
17 0.656410 0.833333 0.087179 0.253968
10 0.787179 0.253968 0.076923 0.142857
17 0.898718 0.238095 0.084615 0.253968
