18 0.048255 0.705882 0.059548 0.091503
18 0.036961 0.323529 0.061602 0.071895
2 0.133470 0.647059 0.041068 0.209150
2 0.176591 0.647059 0.045175 0.209150
2 0.217659 0.633987 0.036961 0.209150
0 0.121150 0.290850 0.032854 0.189542
17 0.162218 0.281046 0.045175 0.183007
17 0.216632 0.287582 0.051335 0.183007
9 0.283368 0.647059 0.053388 0.143791
9 0.330595 0.303922 0.065708 0.137255
7 0.261807 0.274510 0.030801 0.209150
7 0.723819 0.578431 0.039014 0.241830
29 0.365503 0.699346 0.049281 0.235294
29 0.526694 0.686275 0.047228 0.261438
29 0.765914 0.669935 0.045175 0.228758
3 0.321355 0.526144 0.039014 0.163399
18 0.417864 0.297386 0.059548 0.098039
5 0.494867 0.254902 0.057495 0.235294
1 0.557495 0.228758 0.055441 0.209150
10 0.628337 0.228758 0.045175 0.130719
17 0.684805 0.212418 0.059548 0.228758
20 0.451745 0.669935 0.061602 0.163399
20 0.649897 0.624183 0.055441 0.176471
1 0.558522 0.496732 0.053388 0.156863
10 0.860370 0.598039 0.057495 0.124183
17 0.918891 0.568627 0.051335 0.222222
