2 0.051151 0.753012 0.056266 0.216867
5 0.101023 0.310241 0.084399 0.271084
17 0.134271 0.759036 0.069054 0.192771
7 0.214834 0.743976 0.046036 0.198795
18 0.225064 0.355422 0.086957 0.072289
9 0.359335 0.346386 0.089514 0.162651
1 0.416880 0.213855 0.051151 0.150602
10 0.514066 0.334337 0.071611 0.126506
17 0.615090 0.319277 0.079284 0.216867
20 0.333760 0.771084 0.084399 0.120482
29 0.437340 0.831325 0.061381 0.228916
1 0.492327 0.665663 0.048593 0.126506
18 0.601023 0.783133 0.071611 0.084337
9 0.727621 0.780120 0.094629 0.174699
10 0.847826 0.759036 0.063939 0.096386
17 0.941176 0.737952 0.071611 0.210843
