5 0.079407 0.752907 0.054101 0.261628
5 0.114311 0.206395 0.033159 0.156977
5 0.702443 0.276163 0.033159 0.226744
9 0.258290 0.787791 0.059337 0.156977
9 0.073298 0.311047 0.048866 0.122093
9 0.392670 0.313953 0.045375 0.127907
11 0.039267 0.281977 0.026178 0.319767
12 0.303665 0.293605 0.034904 0.284884
29 0.260908 0.345930 0.043630 0.238372
18 0.163176 0.793605 0.050611 0.075581
18 0.180628 0.293605 0.043630 0.063953
1 0.298429 0.677326 0.038394 0.133721
10 0.367365 0.770349 0.061082 0.122093
17 0.435428 0.761628 0.057592 0.220930
11 0.347295 0.261628 0.041885 0.325581
1 0.429319 0.188953 0.038394 0.145349
20 0.487784 0.276163 0.050611 0.145349
29 0.556719 0.343023 0.041885 0.244186
3 0.594241 0.162791 0.033159 0.127907
18 0.646597 0.308140 0.054101 0.069767
12 0.736475 0.267442 0.031414 0.279070
10 0.792321 0.287791 0.038394 0.122093
0 0.830716 0.296512 0.031414 0.209302
0 0.859511 0.279070 0.022688 0.186047
7 0.892670 0.261628 0.036649 0.209302
