1 0.060748 0.227273 0.065421 0.272727
6 0.116822 0.215909 0.051402 0.265152
17 0.165888 0.219697 0.046729 0.272727
17 0.225467 0.219697 0.063084 0.257576
22 0.052570 0.750000 0.067757 0.181818
11 0.132009 0.712121 0.049065 0.348485
22 0.192757 0.750000 0.063084 0.151515
1 0.253505 0.617424 0.044393 0.159091
18 0.345794 0.723485 0.070093 0.083333
18 0.318925 0.250000 0.063084 0.075758
22 0.415888 0.268939 0.070093 0.174242
22 0.737150 0.272727 0.072430 0.181818
22 0.494159 0.768939 0.072430 0.159091
2 0.431075 0.727273 0.049065 0.227273
1 0.468458 0.106061 0.049065 0.181818
20 0.578271 0.250000 0.063084 0.151515
8 0.663551 0.223485 0.056075 0.250000
18 0.627336 0.768939 0.058411 0.113636
5 0.720794 0.750000 0.053738 0.257576
17 0.774533 0.750000 0.053738 0.196970
10 0.876168 0.837121 0.051402 0.159091
10 0.851636 0.287879 0.063084 0.151515
17 0.924065 0.257576 0.067757 0.257576
17 0.945093 0.780303 0.072430 0.242424
