23 0.096535 0.275641 0.064356 0.282051
1 0.163366 0.166667 0.044554 0.179487
22 0.082921 0.778846 0.076733 0.173077
20 0.215347 0.791667 0.074257 0.160256
20 0.242574 0.291667 0.064356 0.121795
22 0.362624 0.301282 0.101485 0.179487
23 0.339109 0.705128 0.069307 0.269231
20 0.429455 0.775641 0.066832 0.166667
18 0.493812 0.291667 0.061881 0.096154
24 0.549505 0.766026 0.079208 0.173077
24 0.603960 0.304487 0.079208 0.198718
10 0.690594 0.724359 0.059406 0.141026
10 0.701733 0.294872 0.056931 0.115385
1 0.584158 0.602564 0.054455 0.179487
0 0.777228 0.272436 0.039604 0.211538
17 0.826733 0.246795 0.054455 0.211538
7 0.889851 0.224359 0.056931 0.230769
0 0.782178 0.705128 0.044554 0.217949
17 0.826733 0.689103 0.044554 0.173077
3 0.877475 0.689103 0.056931 0.198718
