9 0.136156 0.771242 0.084668 0.156863
26 0.284897 0.702614 0.052632 0.333333
29 0.347826 0.830065 0.054920 0.248366
10 0.455378 0.787582 0.054920 0.150327
0 0.550343 0.738562 0.029748 0.235294
7 0.593822 0.732026 0.052632 0.222222
1 0.196796 0.653595 0.041190 0.156863
5 0.121281 0.313725 0.064073 0.300654
11 0.180778 0.287582 0.050343 0.326797
9 0.226545 0.330065 0.054920 0.150327
20 0.306636 0.316993 0.054920 0.163399
29 0.394737 0.408497 0.061785 0.254902
12 0.455378 0.290850 0.054920 0.346405
18 0.542334 0.310458 0.059497 0.111111
0 0.610984 0.307190 0.022883 0.196078
17 0.645309 0.307190 0.041190 0.183007
17 0.686499 0.310458 0.045767 0.202614
10 0.781465 0.316993 0.052632 0.150327
17 0.837529 0.300654 0.050343 0.209150
