0 0.044790 0.289474 0.042048 0.298246
1 0.091408 0.307018 0.051188 0.274854
9 0.168190 0.336257 0.062157 0.169591
20 0.265996 0.312865 0.060329 0.169591
29 0.354662 0.368421 0.043876 0.269006
18 0.436929 0.289474 0.062157 0.087719
5 0.553931 0.236842 0.051188 0.239766
10 0.660878 0.274854 0.053016 0.116959
17 0.763254 0.251462 0.053016 0.222222
6 0.075868 0.830409 0.063985 0.233918
6 0.134369 0.818713 0.053016 0.233918
0 0.192870 0.821637 0.056673 0.274854
22 0.274223 0.853801 0.062157 0.163743
20 0.361060 0.847953 0.049360 0.163743
23 0.442413 0.809942 0.036563 0.239766
1 0.472578 0.672515 0.031079 0.163743
20 0.513711 0.839181 0.047532 0.157895
5 0.600548 0.786550 0.049360 0.239766
24 0.654479 0.830409 0.051188 0.175439
2 0.704753 0.678363 0.038391 0.175439
10 0.765996 0.812865 0.040219 0.116959
17 0.850091 0.786550 0.058501 0.239766
