7 0.033937 0.641026 0.040724 0.435897
9 0.084842 0.711538 0.056561 0.269231
2 0.140271 0.474359 0.049774 0.307692
18 0.196833 0.615385 0.045249 0.128205
8 0.269231 0.570513 0.049774 0.371795
9 0.320136 0.621795 0.052036 0.243590
1 0.361991 0.384615 0.045249 0.282051
20 0.416290 0.557692 0.045249 0.243590
2 0.500000 0.506410 0.054299 0.371795
9 0.561086 0.557692 0.063348 0.269231
20 0.662896 0.474359 0.036199 0.282051
0 0.760181 0.416667 0.040724 0.397436
10 0.858597 0.448718 0.052036 0.282051
17 0.942308 0.384615 0.061086 0.333333
