18 0.191525 0.559701 0.044068 0.223881
18 0.430508 0.589552 0.047458 0.223881
10 0.647458 0.634328 0.054237 0.373134
11 0.706780 0.559701 0.033898 0.641791
18 0.858475 0.537313 0.042373 0.179104
27 0.040678 0.604478 0.047458 0.343284
1 0.084746 0.276119 0.040678 0.373134
1 0.270339 0.500000 0.042373 0.582090
27 0.316102 0.574627 0.042373 0.283582
1 0.508475 0.529851 0.044068 0.611940
1 0.809322 0.328358 0.028814 0.388060
27 0.759322 0.589552 0.047458 0.373134
27 0.923729 0.522388 0.050847 0.328358
12 0.976271 0.455224 0.033898 0.611940
