20 0.179289 0.640244 0.043277 0.402439
2 0.272798 0.560976 0.035549 0.439024
20 0.404946 0.554878 0.043277 0.402439
10 0.580371 0.634146 0.044822 0.317073
20 0.850850 0.560976 0.044822 0.439024
12 0.965997 0.591463 0.046368 0.670732
2 0.092736 0.323171 0.030912 0.329268
22 0.051777 0.621951 0.032457 0.268293
1 0.019320 0.493902 0.035549 0.500000
22 0.311437 0.664634 0.038640 0.304878
22 0.455178 0.603659 0.041731 0.329268
22 0.731066 0.640244 0.040185 0.426829
11 0.690881 0.554878 0.046368 0.695122
22 0.911128 0.603659 0.041731 0.378049
1 0.785935 0.329268 0.041731 0.317073
