20 0.183953 0.711268 0.035225 0.323944
20 0.424658 0.549296 0.046967 0.394366
10 0.558708 0.605634 0.045010 0.309859
20 0.784736 0.408451 0.035225 0.281690
12 0.943249 0.380282 0.031311 0.732394
27 0.065558 0.774648 0.045010 0.281690
5 0.102740 0.584507 0.029354 0.267606
5 0.244618 0.626761 0.031311 0.436620
27 0.293542 0.690141 0.046967 0.253521
5 0.504892 0.542254 0.039139 0.436620
11 0.627202 0.478873 0.029354 0.676056
27 0.674168 0.492958 0.048924 0.253521
27 0.857143 0.401408 0.058708 0.267606
5 0.708415 0.302817 0.031311 0.239437
