18 0.202381 0.614035 0.047619 0.350877
18 0.427721 0.552632 0.032313 0.192982
10 0.654762 0.614035 0.051020 0.385965
2 0.080782 0.394737 0.028912 0.543860
2 0.271259 0.552632 0.035714 0.578947
28 0.312925 0.578947 0.034014 0.491228
28 0.045068 0.666667 0.032313 0.385965
2 0.520408 0.526316 0.037415 0.666667
2 0.812925 0.342105 0.027211 0.403509
11 0.735544 0.473684 0.028912 0.771930
12 0.954932 0.500000 0.045918 0.824561
18 0.861395 0.517544 0.032313 0.228070
28 0.774660 0.552632 0.028912 0.438596
28 0.914966 0.517544 0.030612 0.473684
