18 0.184514 0.597015 0.042834 0.238806
18 0.414333 0.634328 0.037891 0.194030
10 0.635091 0.664179 0.044481 0.373134
11 0.688633 0.597015 0.029654 0.656716
18 0.835255 0.559701 0.039539 0.164179
12 0.948929 0.470149 0.029654 0.641791
27 0.038715 0.634328 0.051071 0.313433
1 0.082372 0.320896 0.032949 0.402985
27 0.305601 0.611940 0.044481 0.238806
1 0.261944 0.522388 0.036244 0.537313
1 0.493410 0.544776 0.047776 0.522388
27 0.735585 0.649254 0.047776 0.313433
27 0.901977 0.529851 0.044481 0.283582
1 0.787479 0.358209 0.029654 0.358209
