2 0.056228 0.333333 0.036332 0.509804
18 0.182526 0.578431 0.039792 0.333333
10 0.647059 0.598039 0.048443 0.450980
12 0.949827 0.460784 0.048443 0.882353
28 0.021626 0.676471 0.029412 0.450980
2 0.252595 0.549020 0.038062 0.627451
28 0.297578 0.578431 0.034602 0.490196
18 0.406574 0.539216 0.038062 0.215686
2 0.506055 0.519608 0.032872 0.647059
28 0.765571 0.549020 0.029412 0.549020
2 0.802768 0.294118 0.027682 0.509804
11 0.728374 0.421569 0.031142 0.764706
28 0.906574 0.490196 0.031142 0.470588
18 0.855536 0.529412 0.032872 0.196078
