20 0.153082 0.746154 0.047714 0.323077
18 0.447316 0.946154 0.572565 0.107692
4 0.230616 0.607692 0.051690 0.507692
20 0.404573 0.615385 0.049702 0.400000
10 0.574553 0.638462 0.055666 0.415385
20 0.835984 0.323077 0.037773 0.400000
4 0.072565 0.469231 0.037773 0.476923
23 0.038767 0.669231 0.029821 0.384615
23 0.287276 0.615385 0.041750 0.492308
4 0.489066 0.538462 0.051690 0.492308
11 0.656064 0.469231 0.047714 0.692308
12 0.944334 0.446154 0.055666 0.769231
23 0.730616 0.446154 0.053678 0.430769
4 0.778330 0.215385 0.045726 0.369231
23 0.897614 0.315385 0.033797 0.446154
