2 0.113105 0.326667 0.032761 0.440000
18 0.193448 0.560000 0.059282 0.346667
18 0.416537 0.553333 0.043682 0.173333
10 0.585023 0.586667 0.046802 0.346667
1 0.787051 0.213333 0.032761 0.400000
20 0.862715 0.406667 0.046802 0.440000
12 0.980499 0.453333 0.035881 0.746667
3 0.018721 0.680000 0.034321 0.560000
23 0.063963 0.580000 0.040562 0.466667
3 0.284711 0.593333 0.042122 0.573333
23 0.336193 0.586667 0.042122 0.560000
3 0.477379 0.566667 0.037441 0.600000
11 0.680967 0.466667 0.035881 0.613333
23 0.750390 0.446667 0.034321 0.493333
23 0.931357 0.420000 0.031201 0.466667
