11 0.023775 0.589109 0.041787 0.782178
18 0.210375 0.589109 0.051873 0.108911
12 0.317723 0.549505 0.036023 0.900990
3 0.361671 0.267327 0.037464 0.455446
18 0.441643 0.618812 0.064841 0.227723
4 0.567723 0.480198 0.051873 0.465347
9 0.618156 0.589109 0.046110 0.346535
18 0.695245 0.524752 0.061960 0.198020
10 0.863112 0.613861 0.054755 0.356436
4 0.087176 0.549505 0.047550 0.425743
9 0.138329 0.599010 0.051873 0.267327
17 0.955331 0.524752 0.066282 0.594059
0 0.773055 0.529703 0.053314 0.544554
0 0.513689 0.534653 0.041787 0.514851
