11 0.045234 0.439842 0.039466 0.303748
1 0.163327 0.371795 0.035216 0.140039
18 0.231937 0.457594 0.060716 0.082840
0 0.305100 0.425049 0.028537 0.218935
1 0.344566 0.428008 0.052823 0.173570
12 0.459016 0.429980 0.042502 0.291913
20 0.544930 0.438856 0.052823 0.199211
1 0.738009 0.315582 0.043109 0.118343
10 0.856102 0.454635 0.063145 0.155819
8 0.957498 0.429980 0.046145 0.295858
9 0.103522 0.472387 0.057681 0.167653
29 0.407711 0.499014 0.040680 0.209073
3 0.626897 0.438856 0.050395 0.207101
29 0.687917 0.542406 0.047359 0.307692
1 0.344869 0.432939 0.049787 0.183432
