1 0.031264 0.536017 0.044290 0.187853
9 0.085323 0.539548 0.051672 0.186441
20 0.169561 0.558616 0.042119 0.176554
9 0.229700 0.563559 0.045158 0.180791
1 0.426183 0.511299 0.048198 0.211864
1 0.663482 0.426554 0.042553 0.127119
29 0.274642 0.656073 0.035172 0.303672
20 0.371906 0.548729 0.036908 0.131356
10 0.537343 0.540960 0.059488 0.135593
29 0.609205 0.600989 0.054711 0.235876
20 0.713417 0.533192 0.054711 0.108757
3 0.763352 0.533192 0.041685 0.162429
9 0.811767 0.545904 0.057751 0.156780
20 0.884064 0.546610 0.054711 0.115819
3 0.936387 0.548729 0.040382 0.162429
