2 0.042027 0.545721 0.034271 0.177022
1 0.123377 0.481829 0.023088 0.089097
18 0.156566 0.552755 0.033189 0.045721
9 0.212302 0.560375 0.042929 0.121923
18 0.484488 0.518171 0.032468 0.046893
11 0.516595 0.504103 0.019481 0.171161
5 0.539683 0.491794 0.028860 0.137163
9 0.574856 0.494725 0.029221 0.103165
18 0.622475 0.485346 0.042929 0.053927
1 0.663781 0.484174 0.023810 0.100821
17 0.709957 0.489449 0.019481 0.090270
1 0.743146 0.478312 0.030303 0.096131
12 0.774351 0.481829 0.027056 0.159437
1 0.787338 0.372802 0.014791 0.070340
1 0.875722 0.454279 0.022006 0.113716
17 0.921898 0.460727 0.026335 0.098476
2 0.950577 0.456624 0.022367 0.101993
20 0.269481 0.545721 0.026696 0.094959
9 0.090188 0.559789 0.037518 0.104338
1 0.323413 0.510551 0.026335 0.123095
17 0.352273 0.532239 0.033550 0.131301
17 0.384380 0.524033 0.029221 0.119578
0 0.419553 0.521102 0.020924 0.153576
17 0.690657 0.488277 0.019841 0.085580
10 0.830087 0.478898 0.034632 0.085580
17 0.897908 0.464830 0.018038 0.085580
