11 0.043295 0.483571 0.032008 0.285871
1 0.064522 0.460022 0.040094 0.240964
9 0.118430 0.491785 0.042116 0.181818
1 0.155323 0.410186 0.028302 0.130340
18 0.204178 0.500000 0.055930 0.071194
0 0.265162 0.479189 0.023585 0.196057
12 0.307278 0.466594 0.039084 0.249726
11 0.373484 0.435378 0.033356 0.242059
1 0.404987 0.441402 0.036388 0.153341
1 0.484670 0.358160 0.027291 0.127054
18 0.535377 0.433735 0.056604 0.083242
12 0.616408 0.424973 0.038747 0.245345
10 0.690195 0.429901 0.058288 0.139102
1 0.773080 0.548193 0.045485 0.145674
18 0.774933 0.412377 0.093666 0.099671
6 0.775943 0.310515 0.050539 0.156627
29 0.450472 0.507667 0.030323 0.191676
0 0.580020 0.427711 0.023922 0.150055
29 0.914589 0.445783 0.032008 0.214677
9 0.876011 0.387733 0.047844 0.122673
