0 0.063257 0.575591 0.041202 0.250394
18 0.183471 0.579528 0.062530 0.107087
18 0.384392 0.551969 0.063984 0.096063
1 0.453951 0.542520 0.041202 0.228346
7 0.572710 0.438583 0.035385 0.200000
20 0.650267 0.581102 0.051866 0.201575
10 0.824770 0.562205 0.067378 0.166929
17 0.923170 0.513386 0.044111 0.185827
6 0.107853 0.583465 0.038294 0.196850
22 0.267087 0.569291 0.044595 0.152756
7 0.307319 0.403150 0.032962 0.170079
22 0.528114 0.591339 0.053805 0.149606
0 0.721280 0.551969 0.031992 0.206299
