9 0.114773 0.320813 0.065909 0.163793
9 0.123864 0.792488 0.062879 0.156404
18 0.182955 0.771552 0.050758 0.089901
20 0.198864 0.315887 0.050758 0.144089
11 0.259470 0.748153 0.033333 0.230296
11 0.281061 0.274015 0.033333 0.215517
9 0.304167 0.757389 0.050758 0.189655
9 0.331061 0.282635 0.047727 0.161330
1 0.374811 0.198892 0.031439 0.121921
18 0.384470 0.758005 0.045455 0.065271
1 0.483902 0.666872 0.027652 0.112069
18 0.770644 0.485222 0.173106 0.125616
9 0.776705 0.331281 0.051136 0.167488
1 0.346402 0.685961 0.026894 0.086207
18 0.411364 0.277094 0.036364 0.081281
1 0.492614 0.195197 0.022348 0.072660
29 0.454167 0.326355 0.033333 0.209360
29 0.451705 0.799877 0.034470 0.210591
12 0.514583 0.711823 0.023106 0.268473
12 0.519508 0.251232 0.035227 0.268473
10 0.627273 0.483990 0.044697 0.125616
18 0.288068 0.528325 0.490530 0.187192
4 0.762311 0.665025 0.042045 0.197044
8 0.736364 0.304803 0.036364 0.193350
