1 0.082204 0.526934 0.040227 0.183702
1 0.174027 0.475829 0.032357 0.156077
9 0.331876 0.554558 0.055094 0.180939
1 0.427416 0.475829 0.036292 0.145028
20 0.499563 0.543508 0.037167 0.164365
9 0.560997 0.529696 0.061216 0.197514
1 0.616528 0.428867 0.045474 0.103591
18 0.648448 0.517265 0.055094 0.064917
1 0.712287 0.503453 0.043725 0.189227
10 0.839528 0.495856 0.051596 0.146409
9 0.136205 0.555939 0.052908 0.161602
20 0.268037 0.546271 0.035855 0.150552
29 0.379318 0.648481 0.037167 0.272099
29 0.753826 0.594613 0.035855 0.216851
3 0.925230 0.486878 0.043725 0.200276
