1 0.042576 0.453287 0.054284 0.217993
6 0.096860 0.455017 0.046833 0.193772
9 0.150612 0.479239 0.048962 0.152249
2 0.193986 0.396194 0.037786 0.159170
20 0.258914 0.493945 0.048430 0.188581
5 0.326503 0.454152 0.054816 0.181661
1 0.413518 0.384948 0.037254 0.136678
10 0.558276 0.478374 0.059606 0.133218
1 0.652475 0.436851 0.046833 0.205882
20 0.705162 0.459343 0.044705 0.140138
2 0.791911 0.358997 0.032996 0.153979
20 0.843534 0.489619 0.041511 0.169550
2 0.883981 0.441176 0.040447 0.197232
29 0.373869 0.543253 0.042044 0.228374
29 0.750133 0.529412 0.034593 0.238754
17 0.925492 0.447232 0.037254 0.205882
9 0.473124 0.487024 0.064928 0.192042
9 0.977914 0.493945 0.044172 0.205882
