20 0.206138 0.440524 0.050217 0.231855
12 0.323311 0.469758 0.044017 0.370968
11 0.383447 0.406250 0.045257 0.328629
9 0.436454 0.454637 0.055797 0.175403
1 0.485121 0.330645 0.042777 0.145161
1 0.575325 0.344758 0.037198 0.120968
10 0.784873 0.434476 0.055797 0.171371
0 0.836640 0.398185 0.025418 0.195565
2 0.968692 0.295363 0.031618 0.179435
11 0.027278 0.475806 0.044637 0.366935
9 0.072226 0.445565 0.052697 0.213710
29 0.134222 0.531250 0.047737 0.304435
0 0.283013 0.439516 0.031618 0.225806
29 0.534098 0.513105 0.042777 0.260081
20 0.631122 0.455645 0.057037 0.161290
12 0.708617 0.395161 0.040918 0.395161
0 0.677309 0.393145 0.030378 0.209677
4 0.875697 0.391129 0.037818 0.221774
29 0.916925 0.476815 0.044637 0.284274
