4 0.151828 0.418182 0.052473 0.271329
1 0.245161 0.360140 0.042151 0.130070
20 0.310968 0.450350 0.046452 0.179021
1 0.385376 0.422378 0.050753 0.193007
1 0.472903 0.367832 0.027097 0.092308
20 0.540215 0.463636 0.034409 0.183217
1 0.601290 0.441958 0.046452 0.181818
9 0.648817 0.462238 0.038280 0.124476
1 0.776989 0.448951 0.043441 0.120280
1 0.848602 0.418182 0.043871 0.162238
5 0.901935 0.411888 0.051613 0.155245
9 0.203011 0.469231 0.050753 0.160839
29 0.438495 0.499301 0.041720 0.212587
29 0.695269 0.528671 0.039140 0.246154
