1 0.069505 0.409910 0.037624 0.168597
11 0.117030 0.398970 0.032079 0.218790
2 0.169109 0.385457 0.028515 0.166023
9 0.268515 0.413771 0.038812 0.142857
12 0.402376 0.402831 0.030099 0.267696
1 0.515248 0.411840 0.036436 0.213642
1 0.897228 0.411840 0.054257 0.190476
18 0.217030 0.393179 0.035644 0.070785
18 0.319208 0.414414 0.027723 0.072072
29 0.361980 0.450450 0.039604 0.221364
18 0.466337 0.432432 0.036832 0.097812
9 0.566733 0.436293 0.043564 0.133848
20 0.613267 0.436293 0.031287 0.133848
2 0.647921 0.429858 0.034059 0.172458
29 0.679802 0.477477 0.032079 0.203346
20 0.726337 0.429858 0.030099 0.120978
3 0.766139 0.416988 0.032871 0.172458
10 0.837030 0.442085 0.049505 0.106821
