12 0.197256 0.432299 0.038593 0.334274
9 0.376286 0.610719 0.054460 0.180536
18 0.400943 0.437941 0.198971 0.150917
2 0.462050 0.593089 0.031304 0.190409
20 0.597770 0.455571 0.048027 0.157969
11 0.673242 0.644570 0.037736 0.315938
18 0.755575 0.393512 0.192967 0.180536
20 0.761792 0.638223 0.042453 0.212976
1 0.867067 0.490127 0.023156 0.145275
11 0.029588 0.422426 0.034305 0.339915
9 0.061321 0.416079 0.057461 0.172073
20 0.109563 0.403385 0.030446 0.104372
29 0.149443 0.471086 0.043310 0.228491
15 0.269726 0.411848 0.063465 0.516220
0 0.393225 0.267278 0.057461 0.187588
20 0.420455 0.615656 0.034734 0.128350
29 0.500214 0.722144 0.039880 0.282087
9 0.716767 0.651622 0.049314 0.172073
0 0.808748 0.635402 0.024014 0.181946
12 0.833190 0.653738 0.031732 0.303244
0 0.735635 0.209450 0.052744 0.229901
16 0.923456 0.406206 0.069897 0.569817
