2 0.079245 0.591299 0.038491 0.207108
11 0.127170 0.592525 0.024906 0.212010
9 0.166038 0.609069 0.033208 0.137255
1 0.262453 0.596814 0.030566 0.151961
29 0.301887 0.651348 0.028679 0.185049
12 0.342453 0.604167 0.031321 0.262255
20 0.416981 0.609069 0.026415 0.122549
11 0.488491 0.581495 0.028302 0.199755
2 0.522264 0.598652 0.034717 0.180147
18 0.563774 0.585172 0.036226 0.091912
9 0.612453 0.591912 0.039245 0.134804
18 0.662453 0.572917 0.029811 0.087010
29 0.700755 0.608456 0.032453 0.209559
12 0.739245 0.561887 0.029434 0.221814
10 0.808491 0.558824 0.043396 0.117647
4 0.880189 0.556985 0.036604 0.207108
20 0.213774 0.623775 0.028302 0.112745
