9 0.101170 0.365182 0.050292 0.141852
1 0.156140 0.713951 0.035478 0.150059
18 0.158285 0.559789 0.238596 0.078546
9 0.436062 0.374560 0.039376 0.125440
2 0.495906 0.708675 0.034308 0.137163
18 0.512086 0.538687 0.274074 0.125440
1 0.556920 0.356975 0.035478 0.132474
9 0.601949 0.356389 0.038207 0.124267
0 0.926121 0.488277 0.033918 0.172333
20 0.172515 0.364596 0.040936 0.121923
3 0.212281 0.348769 0.026121 0.141852
1 0.139766 0.262603 0.024561 0.072685
1 0.275634 0.287808 0.022612 0.087925
29 0.246589 0.393904 0.029240 0.189918
29 0.651462 0.389215 0.044444 0.180539
1 0.473489 0.298359 0.026121 0.087925
20 0.508772 0.361665 0.034308 0.109027
20 0.346784 0.545135 0.042495 0.124267
9 0.819298 0.513482 0.048733 0.117233
20 0.862768 0.507620 0.033528 0.117233
10 0.743080 0.521688 0.047563 0.119578
