9 0.069476 0.575691 0.061856 0.190684
1 0.124832 0.467977 0.029135 0.097525
18 0.200807 0.542940 0.066338 0.122271
11 0.290677 0.538574 0.027342 0.267831
18 0.428732 0.516012 0.051546 0.103348
9 0.491708 0.531295 0.059166 0.197962
12 0.544823 0.508734 0.050650 0.310044
20 0.626625 0.516012 0.043030 0.205240
9 0.759525 0.508006 0.060511 0.157205
10 0.851188 0.503639 0.074406 0.174672
27 0.338637 0.570597 0.073061 0.116448
22 0.693187 0.521106 0.048857 0.142649
23 0.935231 0.468705 0.042582 0.282387
