11 0.044993 0.463918 0.022496 0.203895
12 0.215167 0.439290 0.033382 0.264605
11 0.265965 0.432417 0.031930 0.232532
1 0.311502 0.477090 0.037373 0.124857
9 0.312046 0.477663 0.045718 0.155785
10 0.656023 0.518328 0.050798 0.131730
1 0.746009 0.508018 0.045718 0.159221
9 0.077104 0.457617 0.041001 0.134021
29 0.168541 0.527491 0.034470 0.214204
18 0.124456 0.477663 0.044267 0.054983
20 0.374456 0.477663 0.029753 0.114548
29 0.410740 0.546964 0.033382 0.184422
20 0.469158 0.509737 0.036284 0.109966
29 0.510885 0.561856 0.025399 0.184422
1 0.551887 0.445017 0.034833 0.090493
12 0.589804 0.494845 0.041001 0.238259
11 0.807511 0.487400 0.025036 0.175258
29 0.842344 0.575029 0.041001 0.169530
20 0.901306 0.497709 0.039187 0.134021
0 0.938498 0.520046 0.022134 0.148912
12 0.967707 0.522337 0.026851 0.213058
