9 0.054638 0.492201 0.060235 0.169844
18 0.139659 0.487868 0.065032 0.098787
0 0.219616 0.486135 0.030917 0.230503
5 0.258262 0.479203 0.049574 0.188908
20 0.408582 0.491334 0.063433 0.147314
11 0.507996 0.513865 0.035181 0.376083
18 0.616205 0.458406 0.043710 0.053726
12 0.704691 0.464471 0.031983 0.377816
1 0.755597 0.307626 0.032516 0.147314
10 0.830490 0.455806 0.059701 0.142114
6 0.941098 0.409879 0.060235 0.233969
29 0.544243 0.537262 0.041578 0.270364
8 0.656983 0.503466 0.044243 0.258232
