1 0.034378 0.362801 0.047868 0.230552
2 0.138599 0.300566 0.030896 0.188119
18 0.214970 0.400283 0.048738 0.067893
11 0.298738 0.394625 0.040470 0.246110
9 0.354656 0.410184 0.052219 0.186704
12 0.489991 0.390382 0.035683 0.268741
1 0.593995 0.317539 0.032202 0.145686
20 0.655788 0.466054 0.049608 0.199434
10 0.864230 0.446252 0.061793 0.171146
4 0.954091 0.435644 0.037859 0.240453
29 0.098346 0.466054 0.048738 0.241867
20 0.407311 0.443423 0.040035 0.162659
3 0.449521 0.437058 0.041775 0.172560
29 0.550261 0.489392 0.040470 0.265912
7 0.726936 0.432815 0.035248 0.203678
29 0.775892 0.492928 0.043516 0.241867
