1 0.050461 0.574257 0.057889 0.240924
17 0.116803 0.542904 0.046107 0.207921
9 0.238473 0.573432 0.052766 0.163366
18 0.353484 0.532178 0.071721 0.107261
0 0.457480 0.514026 0.032787 0.245875
5 0.494109 0.512376 0.048668 0.212871
9 0.604508 0.515677 0.061475 0.186469
10 0.714652 0.517327 0.061475 0.150165
6 0.811219 0.483498 0.055840 0.234323
17 0.860400 0.484323 0.051742 0.222772
21 0.917520 0.516502 0.022541 0.079208
2 0.968750 0.456271 0.049180 0.239274
21 0.161117 0.627888 0.026127 0.080858
21 0.534068 0.554455 0.021004 0.085809
