18 0.033072 0.527523 0.050479 0.174312
8 0.026980 0.798165 0.027850 0.366972
0 0.034378 0.344037 0.014795 0.302752
9 0.081375 0.559633 0.030461 0.293578
29 0.112707 0.325688 0.018277 0.339450
18 0.155352 0.559633 0.018277 0.110092
18 0.251958 0.509174 0.105309 0.211009
2 0.221932 0.344037 0.022628 0.357798
6 0.248042 0.788991 0.040035 0.348624
1 0.250218 0.302752 0.025239 0.330275
8 0.282419 0.270642 0.020017 0.321101
29 0.340731 0.637615 0.028721 0.486239
7 0.380766 0.266055 0.021758 0.311927
18 0.423847 0.555046 0.027850 0.119266
7 0.486945 0.509174 0.030461 0.449541
29 0.524369 0.692661 0.025239 0.431193
7 0.549608 0.316514 0.023499 0.321101
18 0.591384 0.605505 0.025239 0.128440
8 0.630548 0.536697 0.020017 0.357798
6 0.655788 0.302752 0.023499 0.256881
20 0.688425 0.610092 0.020888 0.229358
7 0.721062 0.559633 0.021758 0.403670
5 0.754134 0.293578 0.023499 0.348624
29 0.788512 0.715596 0.027850 0.422018
20 0.831593 0.637615 0.020017 0.229358
0 0.872933 0.582569 0.022628 0.321101
10 0.910792 0.568807 0.026980 0.275229
1 0.954308 0.504587 0.032202 0.403670
0 0.984334 0.504587 0.017406 0.403670
