15 0.035451 0.535211 0.032496 0.760563
7 0.094535 0.507042 0.032496 0.507042
19 0.129247 0.697183 0.019202 0.239437
3 0.166174 0.528169 0.033973 0.436620
21 0.217873 0.633803 0.019202 0.169014
3 0.274742 0.528169 0.032496 0.436620
19 0.309453 0.711268 0.019202 0.239437
8 0.344904 0.514085 0.033973 0.464789
18 0.400295 0.521127 0.029542 0.169014
5 0.462334 0.492958 0.032496 0.422535
4 0.514771 0.514085 0.033973 0.436620
27 0.569424 0.591549 0.060561 0.281690
26 0.635894 0.556338 0.031019 0.577465
5 0.676514 0.535211 0.032496 0.450704
19 0.700148 0.690141 0.014771 0.253521
5 0.734121 0.535211 0.035451 0.450704
28 0.782127 0.612676 0.039882 0.323944
18 0.850074 0.584507 0.039882 0.211268
7 0.895126 0.563380 0.029542 0.478873
5 0.932053 0.373239 0.032496 0.408451
16 0.971935 0.584507 0.032496 0.661972
19 0.487445 0.661972 0.017725 0.225352
