7 0.0298 0.5854 0.0311 0.3386
24 0.0693 0.6144 0.0286 0.2149
2 0.1047 0.4027 0.0302 0.2758
18 0.1503 0.6108 0.0348 0.1182
22 0.2172 0.5740 0.0336 0.2602
7 0.2518 0.3335 0.0285 0.2853
21 0.2692 0.6078 0.0165 0.1292
23 0.3257 0.4610 0.0332 0.4557
21 0.3626 0.5855 0.0135 0.1323
13 0.4102 0.5394 0.0339 0.8727
7 0.4506 0.4333 0.0296 0.3113
19 0.4813 0.6124 0.0162 0.2016
8 0.5159 0.4283 0.0299 0.3495
14 0.5627 0.4334 0.0335 0.8469
21 0.5976 0.5156 0.0256 0.1784
15 0.6527 0.3850 0.0290 0.5619
7 0.6904 0.3524 0.0295 0.3829
26 0.7262 0.3560 0.0349 0.4163
7 0.7611 0.3555 0.0278 0.3494
16 0.7913 0.3305 0.0234 0.4540
20 0.8464 0.3328 0.0242 0.2182
8 0.8871 0.3322 0.0280 0.3770
26 0.9205 0.3264 0.0216 0.3843
8 0.9554 0.3285 0.0273 0.3578
