0 0.0220 0.5107 0.0209 0.4365
0 0.0898 0.4846 0.0179 0.3904
0 0.1546 0.4620 0.0171 0.4363
0 0.2275 0.4854 0.0183 0.4605
0 0.2911 0.4358 0.0194 0.4626
0 0.3431 0.3587 0.0204 0.4633
0 0.4001 0.4072 0.0185 0.5232
0 0.4612 0.4047 0.0218 0.4803
0 0.5198 0.3295 0.0183 0.4180
0 0.5646 0.2966 0.0189 0.4559
0 0.6143 0.3798 0.0285 0.5356
0 0.6753 0.3581 0.0222 0.4881
0 0.7296 0.3829 0.0240 0.4990
0 0.7819 0.4020 0.0192 0.4498
0 0.8211 0.4311 0.0167 0.4567
0 0.8547 0.3776 0.0155 0.4751
0 0.8988 0.4060 0.0176 0.3685
0 0.9376 0.4051 0.0277 0.4745
0 0.9929 0.3526 0.0156 0.4533
