7 0.017098 0.764706 0.026802 0.431373
19 0.029113 0.887255 0.013863 0.186275
3 0.058226 0.769608 0.024030 0.362745
20 0.096580 0.769608 0.021257 0.245098
3 0.142329 0.750000 0.027726 0.362745
19 0.158503 0.867647 0.012015 0.205882
7 0.189464 0.671569 0.025878 0.323529
21 0.222274 0.750000 0.012015 0.127451
22 0.259242 0.696078 0.030499 0.254902
23 0.290203 0.588235 0.025878 0.352941
18 0.339187 0.617647 0.024030 0.156863
24 0.382163 0.607843 0.023105 0.254902
21 0.409427 0.666667 0.012939 0.117647
27 0.446396 0.598039 0.038817 0.215686
21 0.493068 0.593137 0.012015 0.127451
27 0.534658 0.553922 0.034196 0.205882
7 0.564695 0.333333 0.022181 0.274510
18 0.598429 0.519608 0.023105 0.137255
28 0.640943 0.514706 0.026802 0.225490
21 0.670980 0.534314 0.012939 0.127451
7 0.708872 0.348039 0.024030 0.362745
18 0.745841 0.406863 0.022181 0.147059
8 0.780499 0.397059 0.023105 0.401961
20 0.825323 0.426471 0.022181 0.284314
23 0.870148 0.343137 0.023105 0.313725
10 0.906192 0.382353 0.024954 0.176471
27 0.965342 0.348039 0.048983 0.225490
