4 0.046316 0.679688 0.046316 0.453125
19 0.084211 0.843750 0.029474 0.281250
4 0.137895 0.617188 0.073684 0.515625
20 0.212632 0.671875 0.029474 0.343750
1 0.280000 0.601562 0.050526 0.390625
19 0.313684 0.804688 0.016842 0.203125
2 0.357895 0.601562 0.054737 0.453125
18 0.434737 0.601562 0.040000 0.203125
22 0.494737 0.625000 0.046316 0.343750
21 0.535789 0.648438 0.018947 0.171875
23 0.584211 0.492188 0.052632 0.421875
2 0.633684 0.195312 0.037895 0.359375
20 0.683158 0.492188 0.035789 0.296875
5 0.746316 0.359375 0.040000 0.437500
19 0.783158 0.523438 0.021053 0.234375
7 0.822105 0.312500 0.027368 0.468750
10 0.877895 0.406250 0.042105 0.218750
7 0.943158 0.273438 0.033684 0.484375
