7 0.008607 0.635514 0.015649 0.467290
27 0.036385 0.462617 0.033646 0.233645
20 0.074726 0.658879 0.021127 0.289720
8 0.118153 0.593458 0.020344 0.401869
28 0.143975 0.383178 0.021909 0.261682
18 0.184664 0.630841 0.021909 0.140187
7 0.224178 0.481308 0.019562 0.401869
29 0.259390 0.663551 0.027387 0.504673
20 0.309468 0.612150 0.014867 0.271028
1 0.382238 0.280374 0.017997 0.280374
20 0.428013 0.500000 0.021909 0.289720
8 0.471831 0.420561 0.017214 0.355140
1 0.495696 0.247664 0.022692 0.383178
20 0.538341 0.476636 0.020344 0.280374
2 0.591549 0.406542 0.018779 0.364486
7 0.611502 0.196262 0.016432 0.317757
18 0.643192 0.439252 0.017214 0.130841
7 0.692879 0.149533 0.019562 0.280374
20 0.719484 0.411215 0.013302 0.242991
26 0.773865 0.387850 0.018779 0.495327
3 0.801643 0.411215 0.017997 0.392523
4 0.836854 0.369159 0.022692 0.420561
10 0.878326 0.462617 0.021127 0.233645
13 0.923709 0.429907 0.022692 0.803738
7 0.951878 0.378505 0.022692 0.420561
14 0.982786 0.425234 0.026604 0.775701
19 0.822770 0.523364 0.008607 0.205607
3 0.744914 0.392523 0.020344 0.336449
8 0.670579 0.387850 0.015649 0.383178
2 0.356416 0.509346 0.025822 0.327103
