7 0.020669 0.668539 0.027559 0.438202
19 0.040846 0.842697 0.010827 0.202247
3 0.071358 0.662921 0.028543 0.404494
18 0.124508 0.651685 0.026575 0.179775
3 0.173228 0.578652 0.027559 0.370787
7 0.203740 0.505618 0.023622 0.494382
20 0.250492 0.511236 0.022638 0.370787
7 0.295276 0.477528 0.025591 0.415730
19 0.316437 0.691011 0.010827 0.191011
3 0.350886 0.443820 0.028543 0.348315
23 0.390748 0.353933 0.021654 0.415730
24 0.416831 0.235955 0.022638 0.292135
20 0.449311 0.370787 0.026575 0.292135
22 0.493110 0.410112 0.029528 0.280899
23 0.522146 0.213483 0.022638 0.382022
18 0.569390 0.393258 0.024606 0.157303
22 0.611713 0.398876 0.028543 0.325843
20 0.647638 0.348315 0.023622 0.292135
23 0.683563 0.252809 0.026575 0.483146
10 0.732283 0.398876 0.023622 0.280899
24 0.780020 0.331461 0.028543 0.303371
20 0.820866 0.331461 0.023622 0.258427
27 0.878445 0.331461 0.040354 0.235955
20 0.930610 0.331461 0.022638 0.303371
28 0.967520 0.325843 0.027559 0.292135
