18 0.063500 0.549242 0.095014 0.159091
7 0.034337 0.780303 0.027281 0.242424
8 0.035748 0.401515 0.020696 0.227273
19 0.051740 0.481061 0.011289 0.128788
19 0.054563 0.893939 0.013170 0.121212
8 0.070555 0.375000 0.018815 0.250000
8 0.075259 0.791667 0.020696 0.234848
7 0.095014 0.212121 0.020696 0.196970
21 0.148636 0.530303 0.011289 0.106061
9 0.191910 0.458333 0.030103 0.204545
8 0.228598 0.215909 0.016933 0.204545
19 0.243650 0.291667 0.011289 0.143939
7 0.266698 0.193182 0.017874 0.234848
20 0.297272 0.193182 0.020696 0.159091
29 0.327375 0.215909 0.020696 0.219697
18 0.367827 0.431818 0.026341 0.106061
29 0.418627 0.503788 0.022578 0.325758
9 0.448730 0.295455 0.026341 0.181818
20 0.476482 0.428030 0.023518 0.189394
13 0.516463 0.401515 0.026341 0.530303
9 0.546566 0.367424 0.028222 0.204545
18 0.572437 0.375000 0.017874 0.098485
29 0.601599 0.420455 0.021637 0.310606
21 0.656632 0.386364 0.011289 0.090909
15 0.688147 0.371212 0.023518 0.409091
3 0.718721 0.344697 0.020696 0.219697
19 0.738476 0.416667 0.011289 0.121212
7 0.755880 0.306818 0.017874 0.204545
21 0.778457 0.344697 0.014111 0.098485
7 0.804327 0.291667 0.018815 0.250000
19 0.821731 0.397727 0.010348 0.098485
4 0.841016 0.276515 0.026341 0.250000
29 0.868768 0.405303 0.023518 0.295455
16 0.899341 0.303030 0.022578 0.318182
10 0.944967 0.333333 0.021637 0.151515
6 0.978833 0.299242 0.036689 0.280303
14 0.634525 0.352273 0.021637 0.522727
