1 0.034922 0.590909 0.036976 0.500000
1 0.094084 0.556818 0.027116 0.409091
1 0.151191 0.539773 0.032868 0.397727
1 0.205012 0.528409 0.033689 0.465909
1 0.269926 0.568182 0.033689 0.431818
1 0.329910 0.534091 0.032046 0.363636
1 0.389482 0.494318 0.042728 0.375000
1 0.445768 0.511364 0.033689 0.409091
1 0.502465 0.505682 0.032046 0.397727
1 0.561627 0.562500 0.032046 0.375000
1 0.630238 0.551136 0.026294 0.352273
1 0.695563 0.471591 0.023829 0.329545
1 0.741578 0.426136 0.023829 0.329545
1 0.808956 0.448864 0.030403 0.329545
1 0.866475 0.505682 0.027116 0.352273
1 0.928513 0.511364 0.024651 0.340909
1 0.979047 0.534091 0.028759 0.363636
