7 0.024315 0.675862 0.029178 0.372414
19 0.047745 0.848276 0.019452 0.179310
8 0.080018 0.665517 0.023873 0.310345
22 0.112732 0.703448 0.029178 0.193103
2 0.142352 0.462069 0.022989 0.220690
18 0.184792 0.662069 0.022989 0.096552
8 0.240495 0.579310 0.022989 0.317241
19 0.252431 0.717241 0.016799 0.179310
6 0.287356 0.568966 0.031830 0.296552
23 0.334660 0.544828 0.029178 0.317241
6 0.371795 0.368966 0.034483 0.213793
10 0.419540 0.565517 0.025641 0.137931
2 0.475243 0.493103 0.027409 0.268966
19 0.497347 0.637931 0.015031 0.158621
1 0.526967 0.451724 0.028294 0.310345
0 0.564103 0.431034 0.015915 0.324138
6 0.601238 0.413793 0.028294 0.289655
7 0.641468 0.403448 0.027409 0.282759
8 0.671530 0.396552 0.025641 0.255172
22 0.712644 0.420690 0.028294 0.179310
23 0.745358 0.331034 0.024757 0.317241
21 0.773652 0.451724 0.012378 0.103448
13 0.812997 0.386207 0.029178 0.524138
22 0.849248 0.348276 0.025641 0.213793
18 0.896994 0.303448 0.029178 0.110345
23 0.930150 0.272414 0.024757 0.393103
14 0.968170 0.358621 0.028294 0.606897
