13 0.036765 0.584906 0.038235 0.660377
7 0.091912 0.523585 0.033824 0.349057
19 0.124265 0.679245 0.016176 0.150943
8 0.154412 0.533019 0.029412 0.367925
9 0.213971 0.566038 0.051471 0.264151
1 0.263971 0.377358 0.033824 0.188679
18 0.282353 0.551887 0.032353 0.122642
8 0.316912 0.551887 0.027941 0.292453
19 0.354412 0.665094 0.020588 0.179245
7 0.388971 0.523585 0.030882 0.330189
21 0.416912 0.627358 0.019118 0.141509
9 0.461765 0.589623 0.052941 0.273585
7 0.509559 0.306604 0.027941 0.235849
20 0.549265 0.537736 0.027941 0.226415
8 0.584559 0.514151 0.027941 0.349057
14 0.622794 0.542453 0.027941 0.688679
26 0.671324 0.523585 0.042647 0.594340
13 0.734559 0.533019 0.036765 0.707547
2 0.783824 0.452830 0.035294 0.358491
19 0.804412 0.584906 0.014706 0.207547
7 0.847059 0.391509 0.032353 0.367925
18 0.904412 0.410377 0.035294 0.141509
7 0.944118 0.419811 0.026471 0.349057
14 0.976471 0.537736 0.029412 0.792453
