6 0.016870 0.354167 0.031865 0.437500
6 0.068416 0.375000 0.029991 0.437500
6 0.119963 0.354167 0.029991 0.437500
6 0.167291 0.385417 0.030928 0.416667
6 0.224930 0.411458 0.035614 0.447917
6 0.289597 0.395833 0.029991 0.375000
6 0.353327 0.406250 0.035614 0.416667
6 0.411903 0.458333 0.032802 0.375000
6 0.470947 0.479167 0.030928 0.437500
6 0.518276 0.505208 0.033739 0.427083
6 0.591846 0.552083 0.036551 0.395833
6 0.645736 0.567708 0.028116 0.364583
6 0.717432 0.557292 0.029053 0.322917
6 0.764292 0.557292 0.021556 0.364583
6 0.807404 0.557292 0.029053 0.343750
6 0.866917 0.536458 0.028116 0.322917
6 0.919869 0.531250 0.029053 0.312500
6 0.979381 0.588542 0.029991 0.343750
