0 0.018450 0.593137 0.025830 0.323529
7 0.049815 0.578431 0.033210 0.333333
8 0.086716 0.588235 0.033210 0.333333
9 0.139299 0.607843 0.049815 0.254902
2 0.180812 0.416667 0.033210 0.205882
18 0.237085 0.563725 0.038745 0.107843
2 0.321033 0.475490 0.044280 0.264706
1 0.369926 0.436275 0.049815 0.303922
8 0.412362 0.455882 0.035055 0.323529
9 0.458487 0.490196 0.049815 0.235294
8 0.494465 0.313725 0.029520 0.235294
20 0.542435 0.436275 0.036900 0.245098
29 0.612546 0.539216 0.055351 0.411765
7 0.666974 0.254902 0.035055 0.254902
18 0.706642 0.470588 0.036900 0.137255
13 0.774908 0.470588 0.047970 0.647059
29 0.833948 0.470588 0.040590 0.431373
26 0.869004 0.490196 0.040590 0.549020
9 0.925277 0.446078 0.060886 0.225490
7 0.966790 0.161765 0.029520 0.245098
14 0.983395 0.416667 0.033210 0.813725
