3 0.018692 0.417582 0.024299 0.373626
3 0.060748 0.417582 0.026168 0.373626
3 0.104673 0.417582 0.026168 0.395604
3 0.152804 0.428571 0.021495 0.395604
3 0.196262 0.439560 0.026168 0.395604
3 0.249533 0.428571 0.026168 0.395604
3 0.296262 0.450549 0.028037 0.373626
3 0.346262 0.472527 0.027103 0.395604
3 0.396262 0.505495 0.024299 0.395604
3 0.447664 0.560440 0.024299 0.417582
3 0.496262 0.505495 0.020561 0.351648
3 0.539720 0.527473 0.025234 0.373626
3 0.596262 0.505495 0.024299 0.351648
3 0.636916 0.472527 0.027103 0.307692
3 0.688318 0.472527 0.025234 0.329670
3 0.736916 0.516484 0.025234 0.285714
3 0.776636 0.593407 0.024299 0.351648
3 0.830374 0.604396 0.027103 0.373626
3 0.878505 0.582418 0.028037 0.329670
3 0.925234 0.582418 0.033645 0.307692
3 0.970561 0.664835 0.028972 0.494505
