27 0.020126 0.688596 0.038674 0.219298
7 0.052486 0.513158 0.018153 0.254386
18 0.080505 0.657895 0.020521 0.105263
8 0.121152 0.578947 0.018153 0.350877
7 0.145620 0.429825 0.014996 0.298246
20 0.171665 0.596491 0.021310 0.245614
28 0.208761 0.609649 0.026046 0.254386
7 0.234412 0.394737 0.017364 0.315789
18 0.267561 0.539474 0.022099 0.131579
29 0.299921 0.666667 0.020521 0.473684
7 0.325572 0.342105 0.016575 0.315789
18 0.358327 0.543860 0.022099 0.122807
3 0.403710 0.504386 0.018153 0.377193
1 0.480268 0.478070 0.021310 0.394737
3 0.556827 0.469298 0.021310 0.307018
7 0.576559 0.337719 0.018153 0.324561
20 0.599842 0.500000 0.017364 0.210526
8 0.632597 0.442982 0.018153 0.342105
7 0.654696 0.263158 0.019732 0.298246
21 0.677190 0.570175 0.011050 0.157895
29 0.707577 0.640351 0.022889 0.508772
7 0.734412 0.267544 0.019732 0.307018
12 0.763220 0.399123 0.017364 0.605263
21 0.785320 0.539474 0.012628 0.149123
15 0.816890 0.377193 0.020521 0.561404
27 0.851618 0.425439 0.034728 0.254386
20 0.886740 0.381579 0.018153 0.201754
28 0.921468 0.421053 0.024467 0.245614
18 0.952644 0.399123 0.015785 0.149123
16 0.990923 0.315789 0.018153 0.491228
7 0.977506 0.263158 0.014996 0.385965
7 0.425414 0.324561 0.014207 0.315789
21 0.433702 0.570175 0.010260 0.122807
11 0.452249 0.491228 0.020521 0.666667
7 0.501184 0.324561 0.015785 0.298246
18 0.516180 0.539474 0.015785 0.131579
