5 0.014218 0.458824 0.026540 0.470588
5 0.048341 0.423529 0.022749 0.494118
5 0.093365 0.435294 0.029384 0.494118
5 0.139336 0.458824 0.028436 0.494118
5 0.183412 0.458824 0.029384 0.470588
5 0.239810 0.429412 0.032227 0.435294
5 0.287204 0.423529 0.026540 0.447059
5 0.359242 0.452941 0.030332 0.411765
5 0.410427 0.482353 0.028436 0.423529
5 0.470142 0.505882 0.030332 0.423529
5 0.513270 0.570588 0.027488 0.482353
5 0.572038 0.582353 0.031280 0.458824
5 0.637915 0.564706 0.028436 0.400000
5 0.681043 0.582353 0.031280 0.411765
5 0.744550 0.564706 0.033175 0.423529
5 0.787678 0.564706 0.026540 0.376471
5 0.842654 0.558824 0.028436 0.341176
5 0.882938 0.541176 0.031280 0.423529
5 0.938389 0.582353 0.032227 0.411765
17 0.984360 0.588235 0.027488 0.400000
