24 0.018625 0.540179 0.028653 0.187500
2 0.059456 0.352679 0.027221 0.258929
18 0.108883 0.544643 0.031519 0.089286
22 0.184814 0.526786 0.037249 0.285714
7 0.219198 0.290179 0.022923 0.294643
21 0.242837 0.571429 0.018625 0.107143
23 0.307307 0.433036 0.032951 0.419643
21 0.350287 0.562500 0.015759 0.125000
13 0.400430 0.526786 0.038682 0.821429
7 0.454155 0.433036 0.025788 0.312500
19 0.488539 0.633929 0.020057 0.196429
8 0.530086 0.450893 0.025788 0.348214
14 0.583095 0.450893 0.040115 0.830357
21 0.626791 0.558036 0.021490 0.151786
15 0.691261 0.446429 0.030086 0.553571
7 0.738539 0.401786 0.032951 0.357143
26 0.779370 0.401786 0.037249 0.428571
7 0.824499 0.419643 0.030086 0.375000
16 0.859599 0.401786 0.034384 0.517857
20 0.926218 0.401786 0.027221 0.250000
8 0.981375 0.419643 0.034384 0.392857
