7 0.015385 0.725962 0.028959 0.394231
19 0.033484 0.884615 0.014480 0.192308
7 0.061991 0.687500 0.028054 0.375000
8 0.092308 0.456731 0.021719 0.278846
20 0.119005 0.668269 0.024434 0.278846
23 0.161086 0.634615 0.025339 0.365385
22 0.185520 0.475962 0.023529 0.259615
18 0.214027 0.620192 0.029864 0.125000
23 0.249321 0.538462 0.022624 0.384615
24 0.279638 0.375000 0.025339 0.288462
20 0.310860 0.576923 0.020814 0.250000
27 0.357014 0.605769 0.038914 0.211538
21 0.392760 0.605769 0.012670 0.134615
28 0.429864 0.524038 0.030769 0.240385
18 0.476923 0.475962 0.032579 0.163462
13 0.535294 0.456731 0.024434 0.625000
22 0.562443 0.427885 0.026244 0.278846
18 0.604525 0.370192 0.027149 0.182692
23 0.638914 0.326923 0.023529 0.403846
14 0.680090 0.384615 0.029864 0.634615
21 0.707240 0.423077 0.013575 0.134615
15 0.736199 0.375000 0.022624 0.692308
22 0.769231 0.375000 0.027149 0.307692
18 0.810860 0.379808 0.023529 0.144231
23 0.842986 0.293269 0.024434 0.394231
16 0.869231 0.355769 0.028054 0.615385
10 0.912670 0.375000 0.029864 0.288462
22 0.965158 0.375000 0.031674 0.288462
