18 0.041386 0.459184 0.080847 0.204082
8 0.013956 0.780612 0.020212 0.336735
3 0.024062 0.193878 0.023099 0.306122
19 0.035611 0.892857 0.011550 0.214286
5 0.055823 0.770408 0.026949 0.275510
7 0.057748 0.147959 0.023099 0.275510
21 0.107315 0.448980 0.012512 0.142857
29 0.144370 0.474490 0.021174 0.459184
22 0.169394 0.193878 0.023099 0.244898
20 0.206930 0.367347 0.019249 0.244898
22 0.242541 0.331633 0.023099 0.255102
3 0.265159 0.193878 0.020212 0.265306
18 0.285852 0.275510 0.023099 0.122449
3 0.329163 0.326531 0.026949 0.306122
7 0.364774 0.280612 0.021174 0.275510
21 0.385467 0.367347 0.012512 0.122449
27 0.426853 0.331633 0.037536 0.193878
7 0.460058 0.142857 0.017324 0.265306
26 0.483157 0.321429 0.025024 0.438776
7 0.518287 0.326531 0.020212 0.326531
19 0.538499 0.474490 0.012512 0.214286
8 0.559673 0.346939 0.016362 0.346939
21 0.590953 0.377551 0.007700 0.142857
11 0.613571 0.326531 0.016362 0.510204
7 0.644851 0.280612 0.021174 0.295918
19 0.663619 0.459184 0.008662 0.163265
3 0.685756 0.331633 0.022137 0.275510
20 0.723773 0.331633 0.019249 0.214286
3 0.756497 0.346939 0.019249 0.306122
29 0.781521 0.510204 0.021174 0.510204
12 0.806064 0.372449 0.014437 0.500000
21 0.833013 0.484694 0.014437 0.153061
13 0.858518 0.352041 0.021174 0.581633
29 0.891723 0.403061 0.018287 0.377551
14 0.924447 0.331633 0.020212 0.540816
10 0.951877 0.382653 0.021174 0.255102
6 0.986526 0.321429 0.026949 0.357143
19 0.043311 0.280612 0.011550 0.153061
