2 0.030876 0.679487 0.041833 0.410256
5 0.072709 0.641026 0.045817 0.384615
17 0.111554 0.647436 0.035857 0.320513
18 0.188247 0.660256 0.037849 0.141026
6 0.259960 0.634615 0.053785 0.346154
7 0.303785 0.589744 0.037849 0.384615
8 0.350598 0.589744 0.035857 0.384615
19 0.387450 0.782051 0.029880 0.256410
7 0.436255 0.570513 0.039841 0.371795
18 0.510956 0.519231 0.033865 0.115385
7 0.570717 0.500000 0.037849 0.358974
19 0.601594 0.685897 0.019920 0.243590
8 0.640438 0.455128 0.037849 0.371795
10 0.713147 0.525641 0.031873 0.205128
13 0.786853 0.487179 0.039841 0.615385
22 0.840637 0.423077 0.043825 0.256410
18 0.885458 0.397436 0.029880 0.153846
23 0.924303 0.346154 0.039841 0.435897
14 0.972112 0.423077 0.035857 0.717949
