2 0.025878 0.655172 0.048059 0.367816
25 0.073937 0.695402 0.022181 0.241379
1 0.132163 0.632184 0.053604 0.367816
10 0.207948 0.655172 0.038817 0.206897
6 0.301294 0.574713 0.059150 0.344828
26 0.354898 0.586207 0.040665 0.413793
5 0.407579 0.540230 0.046211 0.367816
20 0.494455 0.563218 0.031423 0.252874
7 0.559150 0.522989 0.042514 0.425287
19 0.603512 0.666667 0.024030 0.206897
8 0.639556 0.500000 0.033272 0.402299
21 0.693161 0.580460 0.022181 0.172414
1 0.762477 0.431034 0.053604 0.402299
19 0.800370 0.586207 0.025878 0.206897
2 0.846580 0.402299 0.051756 0.390805
9 0.921442 0.413793 0.057301 0.298851
7 0.970425 0.155172 0.029575 0.287356
