15 0.022191 0.637500 0.027384 0.700000
16 0.057602 0.606250 0.022663 0.562500
15 0.114731 0.556250 0.017941 0.537500
16 0.159112 0.537500 0.017941 0.500000
15 0.208687 0.562500 0.018886 0.575000
16 0.245042 0.531250 0.027384 0.587500
15 0.303116 0.531250 0.024551 0.587500
16 0.345609 0.506250 0.026440 0.512500
15 0.403211 0.500000 0.020774 0.500000
16 0.447592 0.481250 0.018886 0.462500
15 0.486308 0.481250 0.016997 0.462500
16 0.522663 0.506250 0.016053 0.487500
15 0.562795 0.487500 0.016997 0.450000
16 0.607649 0.475000 0.017941 0.475000
15 0.656280 0.456250 0.020774 0.487500
16 0.697828 0.456250 0.022663 0.487500
15 0.746459 0.400000 0.023607 0.425000
16 0.793201 0.450000 0.030217 0.575000
15 0.852219 0.431250 0.021719 0.512500
16 0.897545 0.393750 0.023607 0.512500
15 0.948064 0.406250 0.024551 0.437500
16 0.991974 0.400000 0.016053 0.525000
