7 0.019932 0.390909 0.026293 0.745455
7 0.119593 0.390909 0.025445 0.745455
7 0.167939 0.372727 0.023749 0.709091
7 0.225615 0.390909 0.025445 0.745455
7 0.281595 0.427273 0.027142 0.709091
7 0.345632 0.390909 0.027990 0.636364
7 0.445293 0.345455 0.025445 0.654545
7 0.501272 0.345455 0.022053 0.654545
7 0.548770 0.345455 0.023749 0.654545
7 0.590755 0.336364 0.024597 0.636364
7 0.644190 0.354545 0.029686 0.600000
7 0.696353 0.345455 0.023749 0.654545
7 0.749364 0.318182 0.022901 0.563636
7 0.801527 0.318182 0.023749 0.563636
7 0.845632 0.290909 0.018660 0.545455
7 0.883800 0.318182 0.023749 0.563636
7 0.936811 0.290909 0.022901 0.545455
7 0.980068 0.345455 0.022901 0.545455
7 0.071247 0.409091 0.027142 0.745455
7 0.392706 0.372727 0.018660 0.709091
