27 0.053965 0.775000 0.068282 0.200000
20 0.124449 0.750000 0.033040 0.250000
28 0.208150 0.718750 0.063877 0.262500
18 0.305066 0.731250 0.037445 0.137500
27 0.385463 0.662500 0.066079 0.250000
21 0.435022 0.662500 0.024229 0.150000
28 0.495595 0.618750 0.070485 0.212500
3 0.547357 0.431250 0.024229 0.237500
20 0.607930 0.575000 0.030837 0.225000
4 0.691630 0.481250 0.061674 0.412500
10 0.778634 0.537500 0.041850 0.200000
0 0.857930 0.406250 0.024229 0.262500
1 0.897577 0.387500 0.050661 0.325000
17 0.940529 0.375000 0.035242 0.325000
