1 0.0378 0.8055 0.0529 0.3214
18 0.0489 0.5688 0.0687 0.1308
0 0.0538 0.3887 0.0282 0.3038
18 0.1329 0.5342 0.0384 0.1355
2 0.2239 0.3323 0.0424 0.3933
19 0.2474 0.5564 0.0255 0.2018
7 0.2907 0.3478 0.0363 0.3712
20 0.3512 0.4651 0.0362 0.2870
8 0.4198 0.4622 0.0313 0.3765
19 0.4437 0.6097 0.0238 0.2093
7 0.4879 0.4401 0.0484 0.3439
9 0.5458 0.4805 0.0454 0.2677
10 0.6293 0.5231 0.0374 0.1996
2 0.7056 0.4140 0.0372 0.3673
19 0.7350 0.5460 0.0192 0.1742
7 0.7642 0.4006 0.0310 0.3508
8 0.8051 0.4025 0.0339 0.3284
7 0.8491 0.3841 0.0343 0.3919
29 0.9126 0.5416 0.0393 0.4375
2 0.9611 0.2527 0.0311 0.2525
