3 0.009208 0.372549 0.016575 0.333333
5 0.040516 0.313725 0.018416 0.333333
26 0.065378 0.328431 0.022099 0.480392
3 0.091621 0.362745 0.019337 0.313725
19 0.111878 0.485294 0.011971 0.205882
25 0.152855 0.470588 0.011050 0.196078
8 0.181400 0.401961 0.016575 0.372549
3 0.215470 0.397059 0.020258 0.343137
21 0.249079 0.495098 0.010129 0.147059
3 0.279006 0.387255 0.022099 0.303922
5 0.313076 0.367647 0.020258 0.343137
9 0.354052 0.455882 0.026703 0.225490
29 0.399632 0.529412 0.022099 0.352941
21 0.429098 0.514706 0.011050 0.107843
22 0.455341 0.431373 0.026703 0.254902
21 0.472376 0.534314 0.012891 0.107843
23 0.488950 0.387255 0.023941 0.401961
21 0.511971 0.495098 0.011050 0.068627
24 0.533149 0.475490 0.018416 0.205882
21 0.562615 0.500000 0.009208 0.098039
27 0.592081 0.470588 0.033149 0.196078
21 0.619705 0.529412 0.011050 0.117647
28 0.650092 0.475490 0.036832 0.225490
25 0.691989 0.495098 0.011971 0.225490
3 0.723757 0.411765 0.023941 0.313725
21 0.747238 0.514706 0.011971 0.107843
13 0.775783 0.534314 0.028545 0.558824
3 0.808471 0.514706 0.018416 0.264706
18 0.831492 0.509804 0.018416 0.137255
17 0.855433 0.495098 0.023941 0.303922
19 0.868785 0.637255 0.013812 0.196078
8 0.884899 0.534314 0.020258 0.362745
14 0.913444 0.539216 0.022099 0.588235
10 0.941529 0.539216 0.021179 0.196078
17 0.979282 0.455882 0.028545 0.343137
21 0.377993 0.455882 0.010129 0.127451
19 0.023481 0.480392 0.011971 0.196078
8 0.130295 0.411765 0.015654 0.372549
19 0.198435 0.539216 0.008287 0.156863
19 0.297422 0.529412 0.012891 0.196078
