4 0.016422 0.539474 0.031115 0.324561
21 0.047537 0.609649 0.013829 0.096491
5 0.083405 0.504386 0.026793 0.359649
26 0.127917 0.513158 0.025929 0.359649
5 0.172429 0.504386 0.026793 0.359649
21 0.198790 0.609649 0.010372 0.114035
6 0.233794 0.482456 0.026793 0.333333
20 0.280899 0.504386 0.022472 0.219298
6 0.326707 0.504386 0.027658 0.307018
21 0.357822 0.622807 0.010372 0.122807
7 0.398444 0.504386 0.024201 0.271930
18 0.433449 0.526316 0.019879 0.122807
7 0.474503 0.486842 0.022472 0.271930
6 0.513397 0.302632 0.025929 0.254386
18 0.542783 0.478070 0.019015 0.149123
2 0.580380 0.473684 0.025065 0.280702
19 0.601556 0.631579 0.013829 0.192982
7 0.627053 0.482456 0.025065 0.315789
20 0.666811 0.482456 0.023336 0.245614
22 0.705272 0.486842 0.024201 0.254386
23 0.721694 0.271930 0.019015 0.298246
18 0.753241 0.491228 0.021608 0.122807
23 0.791703 0.447368 0.019015 0.350877
22 0.810285 0.320175 0.019879 0.201754
20 0.852636 0.504386 0.019879 0.219298
24 0.888073 0.407895 0.021608 0.324561
10 0.930424 0.530702 0.023336 0.201754
7 0.977528 0.460526 0.025929 0.359649
