11 0.015650 0.639344 0.026485 0.606557
9 0.051766 0.684426 0.024880 0.254098
7 0.081059 0.479508 0.019262 0.237705
18 0.115570 0.614754 0.024077 0.114754
7 0.156902 0.565574 0.020064 0.295082
29 0.184591 0.434426 0.020867 0.229508
18 0.217095 0.581967 0.015249 0.114754
8 0.256822 0.561475 0.019262 0.352459
9 0.284109 0.614754 0.025682 0.196721
20 0.317817 0.581967 0.019262 0.213115
3 0.354735 0.528689 0.022472 0.303279
19 0.369583 0.651639 0.010433 0.139344
4 0.388042 0.512295 0.024880 0.286885
12 0.412520 0.532787 0.024077 0.475410
21 0.435393 0.586066 0.010433 0.155738
11 0.459069 0.508197 0.022472 0.508197
29 0.499197 0.618852 0.022472 0.385246
8 0.529695 0.340164 0.016051 0.237705
18 0.552970 0.528689 0.022472 0.122951
13 0.590690 0.528689 0.025682 0.565574
9 0.624799 0.536885 0.023274 0.237705
8 0.646067 0.319672 0.017657 0.245902
18 0.666934 0.553279 0.019262 0.122951
3 0.702247 0.504098 0.019262 0.319672
8 0.724318 0.315574 0.013644 0.188525
20 0.746388 0.540984 0.019262 0.245902
4 0.785714 0.487705 0.024077 0.352459
8 0.804575 0.377049 0.015249 0.278689
18 0.826645 0.508197 0.014446 0.098361
5 0.853933 0.446721 0.019262 0.254098
7 0.871990 0.323770 0.016854 0.254098
14 0.895265 0.434426 0.018459 0.540984
12 0.924157 0.430328 0.020064 0.516393
10 0.954655 0.459016 0.021669 0.245902
7 0.987961 0.377049 0.024077 0.360656
