18 0.016304 0.857616 0.030435 0.112583
6 0.083152 0.768212 0.038043 0.291391
29 0.122283 0.635762 0.027174 0.238411
20 0.178804 0.771523 0.031522 0.258278
22 0.241304 0.751656 0.058696 0.205298
29 0.288587 0.559603 0.031522 0.284768
18 0.353804 0.715232 0.035870 0.079470
29 0.419022 0.774834 0.033696 0.384106
1 0.461957 0.589404 0.032609 0.158940
9 0.502174 0.211921 0.039130 0.198675
18 0.570652 0.387417 0.034783 0.099338
9 0.634783 0.370861 0.041304 0.211921
7 0.671739 0.178808 0.032609 0.211921
20 0.749457 0.486755 0.029348 0.258278
29 0.798913 0.566225 0.034783 0.364238
7 0.835870 0.271523 0.026087 0.225166
10 0.892391 0.456954 0.032609 0.172185
1 0.955435 0.344371 0.039130 0.317881
18 0.459783 0.473510 0.036957 0.125828
0 0.457065 0.354305 0.016304 0.192053
