13 0.021454 0.436364 0.023643 0.654545
9 0.056918 0.404545 0.029772 0.227273
21 0.097198 0.445455 0.012259 0.145455
15 0.123468 0.395455 0.019264 0.481818
29 0.147548 0.486364 0.016637 0.354545
16 0.169002 0.404545 0.015762 0.445455
21 0.194834 0.422727 0.018389 0.172727
11 0.220228 0.313636 0.016637 0.500000
7 0.245622 0.345455 0.018389 0.345455
12 0.267951 0.313636 0.015762 0.463636
21 0.290280 0.404545 0.011384 0.136364
13 0.320053 0.363636 0.027145 0.654545
3 0.348511 0.327273 0.015762 0.345455
14 0.375657 0.363636 0.017513 0.654545
26 0.406743 0.395455 0.027145 0.554545
5 0.464974 0.313636 0.019264 0.336364
21 0.511384 0.445455 0.010508 0.127273
15 0.540280 0.336364 0.019264 0.454545
6 0.569615 0.345455 0.028897 0.363636
16 0.593695 0.345455 0.021016 0.472727
21 0.626970 0.463636 0.012259 0.127273
4 0.681699 0.377273 0.027145 0.354545
14 0.712347 0.395455 0.020140 0.681818
26 0.744746 0.372727 0.023643 0.509091
13 0.776270 0.445455 0.018389 0.800000
7 0.799475 0.354545 0.017513 0.381818
14 0.828371 0.418182 0.024518 0.690909
20 0.855517 0.418182 0.015762 0.218182
11 0.885727 0.422727 0.020140 0.590909
8 0.906305 0.427273 0.019264 0.400000
12 0.934326 0.427273 0.021016 0.618182
10 0.957968 0.495455 0.017513 0.227273
7 0.985114 0.395455 0.022767 0.354545
14 0.081874 0.395455 0.014886 0.536364
11 0.442644 0.336364 0.018389 0.490909
12 0.489492 0.331818 0.015762 0.500000
13 0.656305 0.445455 0.021891 0.745455
