4 0.0253 0.6195 0.0321 0.3823
21 0.0542 0.7534 0.0124 0.1063
23 0.0896 0.6131 0.0288 0.3731
20 0.1389 0.6114 0.0255 0.2633
3 0.1773 0.5653 0.0275 0.3949
21 0.2060 0.6757 0.0136 0.1251
7 0.2424 0.5131 0.0252 0.3299
18 0.2996 0.5413 0.0255 0.1294
23 0.3441 0.5626 0.0278 0.3741
21 0.3794 0.6239 0.0127 0.1310
24 0.4158 0.5873 0.0226 0.2608
20 0.4614 0.5613 0.0233 0.2600
7 0.5031 0.5082 0.0246 0.3500
23 0.5365 0.3475 0.0248 0.3058
18 0.5823 0.4960 0.0264 0.1239
2 0.6324 0.4309 0.0236 0.3242
19 0.6465 0.6111 0.0115 0.2095
7 0.6705 0.4390 0.0222 0.3712
8 0.7001 0.4557 0.0217 0.3571
6 0.7227 0.4597 0.0319 0.3698
24 0.7603 0.4818 0.0218 0.2470
7 0.7884 0.2161 0.0243 0.2399
10 0.8190 0.5316 0.0225 0.2454
23 0.8692 0.3841 0.0268 0.3856
7 0.9014 0.2159 0.0225 0.2834
18 0.9353 0.3867 0.0274 0.1240
24 0.9763 0.4268 0.0277 0.2744
