0 0.0214 0.5374 0.0239 0.1997
1 0.0563 0.5297 0.0379 0.2360
7 0.0938 0.5187 0.0300 0.2284
29 0.1375 0.6443 0.0404 0.3232
18 0.1838 0.5576 0.0323 0.0913
8 0.2414 0.5088 0.0275 0.2422
9 0.2905 0.5332 0.0402 0.1732
8 0.3266 0.4043 0.0239 0.1936
20 0.3667 0.5318 0.0305 0.1784
18 0.4670 0.5213 0.1376 0.1554
1 0.4281 0.7593 0.0421 0.2402
2 0.4331 0.3385 0.0250 0.2205
0 0.4618 0.3295 0.0190 0.1982
0 0.4636 0.7557 0.0179 0.2151
8 0.4852 0.7558 0.0307 0.2524
8 0.4925 0.3059 0.0289 0.2043
9 0.5692 0.4951 0.0454 0.2110
29 0.6198 0.3110 0.0389 0.2226
18 0.6953 0.4900 0.0368 0.0965
18 0.8095 0.4346 0.1464 0.1978
8 0.7747 0.2325 0.0321 0.2596
2 0.7784 0.6476 0.0379 0.2579
7 0.8140 0.2072 0.0312 0.2484
0 0.8129 0.6437 0.0220 0.2599
8 0.8416 0.6533 0.0307 0.2545
6 0.8587 0.1965 0.0355 0.2383
29 0.9247 0.4402 0.0414 0.3544
9 0.9655 0.1878 0.0362 0.1523
