13 0.020889 0.700787 0.018667 0.551181
14 0.058667 0.669291 0.019556 0.535433
25 0.088444 0.625984 0.015111 0.196850
13 0.128000 0.641732 0.019556 0.606299
17 0.154222 0.582677 0.022222 0.330709
25 0.218667 0.562992 0.014222 0.212598
13 0.252000 0.547244 0.024000 0.606299
1 0.279111 0.531496 0.030222 0.322835
14 0.309778 0.531496 0.020444 0.574803
25 0.336889 0.515748 0.012444 0.181102
13 0.372444 0.535433 0.023111 0.566929
2 0.400000 0.464567 0.019556 0.299213
14 0.426222 0.500000 0.020444 0.543307
25 0.458667 0.476378 0.014222 0.196850
13 0.499111 0.488189 0.022222 0.519685
7 0.530667 0.397638 0.017778 0.291339
14 0.562222 0.433071 0.016889 0.598425
25 0.582222 0.409449 0.016000 0.236220
3 0.628000 0.374016 0.018667 0.322835
14 0.654667 0.381890 0.018667 0.527559
25 0.681778 0.385827 0.012444 0.236220
13 0.717778 0.362205 0.020444 0.566929
4 0.752444 0.326772 0.027556 0.322835
25 0.803556 0.381890 0.012444 0.196850
13 0.839556 0.326772 0.016889 0.511811
5 0.861333 0.299213 0.021333 0.393701
14 0.888000 0.346457 0.019556 0.582677
13 0.945333 0.267717 0.018667 0.503937
8 0.968889 0.279528 0.017778 0.401575
14 0.992444 0.299213 0.015111 0.551181
0 0.038222 0.649606 0.012444 0.307087
14 0.180889 0.610236 0.016889 0.527559
13 0.599111 0.397638 0.017778 0.559055
14 0.777778 0.334646 0.016000 0.527559
25 0.913778 0.279528 0.010667 0.228346
