17 0.012844 0.395000 0.023853 0.370000
19 0.032110 0.485000 0.011009 0.190000
3 0.056422 0.370000 0.019266 0.340000
7 0.083486 0.350000 0.016514 0.360000
5 0.108257 0.325000 0.018349 0.410000
20 0.139908 0.395000 0.017431 0.230000
8 0.184862 0.345000 0.017431 0.330000
19 0.200459 0.490000 0.011927 0.200000
7 0.219725 0.320000 0.017431 0.340000
26 0.242202 0.325000 0.018349 0.410000
8 0.267431 0.350000 0.013761 0.340000
19 0.277523 0.460000 0.008257 0.200000
5 0.297706 0.305000 0.021101 0.330000
25 0.327982 0.380000 0.011927 0.200000
3 0.365138 0.345000 0.020183 0.310000
19 0.384404 0.475000 0.012844 0.170000
5 0.405963 0.330000 0.022936 0.320000
20 0.437615 0.375000 0.018349 0.230000
13 0.478899 0.430000 0.023853 0.620000
22 0.512844 0.455000 0.025688 0.250000
18 0.545413 0.430000 0.024771 0.160000
23 0.570183 0.375000 0.021101 0.430000
14 0.602294 0.425000 0.026606 0.650000
21 0.632569 0.485000 0.015596 0.150000
3 0.688991 0.435000 0.022018 0.330000
19 0.707339 0.570000 0.012844 0.160000
7 0.724771 0.455000 0.020183 0.390000
26 0.749541 0.485000 0.020183 0.450000
7 0.773853 0.480000 0.017431 0.340000
19 0.787615 0.635000 0.011927 0.170000
3 0.809633 0.530000 0.021101 0.340000
12 0.838073 0.505000 0.022936 0.490000
21 0.864220 0.555000 0.011009 0.130000
15 0.886239 0.485000 0.020183 0.430000
7 0.911009 0.460000 0.020183 0.320000
16 0.933486 0.455000 0.019266 0.410000
10 0.961927 0.510000 0.021101 0.200000
6 0.989450 0.430000 0.021101 0.260000
11 0.665138 0.420000 0.018349 0.540000
