22 0.024797 0.477273 0.024346 0.227273
23 0.043733 0.318182 0.017133 0.218182
24 0.062669 0.313636 0.017133 0.190909
20 0.098738 0.459091 0.018936 0.190909
23 0.129847 0.395455 0.018034 0.281818
24 0.147430 0.436364 0.017133 0.163636
22 0.170424 0.245455 0.019838 0.200000
18 0.202885 0.386364 0.018034 0.118182
13 0.249324 0.395455 0.026150 0.572727
22 0.281335 0.413636 0.025248 0.281818
23 0.309288 0.231818 0.016231 0.300000
20 0.339495 0.445455 0.020739 0.254545
24 0.370604 0.422727 0.019838 0.227273
22 0.391794 0.236364 0.018936 0.272727
14 0.422904 0.395455 0.023445 0.536364
21 0.447250 0.459091 0.012624 0.100000
15 0.476555 0.404545 0.018936 0.427273
3 0.509017 0.413636 0.020739 0.245455
23 0.533363 0.395455 0.018936 0.336364
18 0.563571 0.436364 0.016231 0.127273
1 0.591975 0.395455 0.029757 0.318182
19 0.611362 0.536364 0.012624 0.145455
3 0.636610 0.436364 0.021641 0.254545
22 0.664563 0.468182 0.023445 0.190909
20 0.700631 0.454545 0.018034 0.181818
6 0.739856 0.422727 0.029757 0.318182
16 0.764653 0.445455 0.016231 0.472727
21 0.793057 0.568182 0.009919 0.136364
13 0.827773 0.504545 0.025248 0.645455
6 0.854824 0.454545 0.027051 0.309091
19 0.875113 0.604545 0.011722 0.154545
3 0.897205 0.504545 0.021641 0.281818
14 0.926060 0.563636 0.023445 0.636364
10 0.953562 0.500000 0.020739 0.200000
6 0.978810 0.477273 0.029757 0.263636
