23 0.041554 0.535088 0.018067 0.385965
24 0.056911 0.416667 0.016260 0.184211
18 0.085366 0.557018 0.018970 0.114035
24 0.121951 0.578947 0.019874 0.228070
23 0.140470 0.399123 0.017164 0.236842
20 0.174345 0.570175 0.018067 0.192982
6 0.207769 0.491228 0.023487 0.280702
7 0.228997 0.346491 0.015357 0.254386
20 0.253839 0.517544 0.019874 0.228070
7 0.287715 0.482456 0.018970 0.298246
6 0.309846 0.315789 0.019874 0.228070
18 0.335592 0.517544 0.018970 0.122807
6 0.367209 0.451754 0.024390 0.271930
19 0.384824 0.592105 0.010840 0.166667
3 0.401987 0.504386 0.021680 0.271930
21 0.420958 0.565789 0.012647 0.096491
24 0.446251 0.504386 0.016260 0.184211
14 0.475158 0.561404 0.018067 0.543860
21 0.504517 0.662281 0.009937 0.149123
15 0.528004 0.605263 0.024390 0.526316
3 0.562331 0.631579 0.022584 0.333333
19 0.584011 0.776316 0.011743 0.149123
6 0.606594 0.635965 0.029810 0.324561
21 0.630081 0.741228 0.009937 0.096491
3 0.662602 0.631579 0.024390 0.280702
21 0.679313 0.697368 0.010840 0.114035
24 0.701445 0.644737 0.020777 0.184211
6 0.717706 0.447368 0.028004 0.210526
20 0.747064 0.618421 0.018067 0.184211
6 0.779133 0.583333 0.028004 0.236842
24 0.804426 0.592105 0.018970 0.201754
20 0.835140 0.614035 0.018970 0.192982
7 0.863595 0.565789 0.019874 0.254386
23 0.885276 0.565789 0.018067 0.289474
16 0.909214 0.548246 0.020777 0.377193
10 0.940831 0.592105 0.018970 0.166667
7 0.976061 0.508772 0.026197 0.315789
13 0.016260 0.614035 0.025294 0.666667
