2 0.023303 0.644737 0.030253 0.552632
2 0.095258 0.592105 0.022077 0.526316
2 0.141455 0.592105 0.019624 0.473684
2 0.242437 0.532895 0.023712 0.486842
2 0.305397 0.532895 0.026983 0.513158
2 0.358545 0.506579 0.025348 0.460526
2 0.410875 0.513158 0.023712 0.500000
2 0.478741 0.565789 0.030253 0.526316
2 0.536386 0.578947 0.031071 0.578947
2 0.649632 0.453947 0.028618 0.486842
2 0.707686 0.434211 0.023712 0.500000
2 0.772690 0.381579 0.022895 0.500000
2 0.837694 0.401316 0.026983 0.460526
2 0.881439 0.427632 0.027800 0.486842
2 0.930090 0.407895 0.022077 0.447368
2 0.191742 0.552632 0.025348 0.447368
2 0.594440 0.526316 0.027800 0.473684
2 0.981603 0.440789 0.028618 0.565789
