7 0.021256 0.494118 0.021256 0.470588
19 0.042029 0.711765 0.010628 0.176471
3 0.063285 0.511765 0.022222 0.411765
21 0.095169 0.594118 0.014493 0.176471
3 0.136715 0.429412 0.026087 0.411765
7 0.177778 0.382353 0.017391 0.435294
20 0.230435 0.394118 0.020290 0.317647
3 0.262802 0.394118 0.027053 0.435294
19 0.282126 0.594118 0.011594 0.223529
5 0.304831 0.329412 0.026087 0.470588
6 0.334783 0.147059 0.022222 0.270588
18 0.363768 0.411765 0.018357 0.141176
29 0.404831 0.529412 0.021256 0.470588
9 0.430918 0.194118 0.021256 0.247059
20 0.473913 0.394118 0.020290 0.247059
13 0.520290 0.429412 0.026087 0.788235
9 0.552657 0.394118 0.030918 0.270588
18 0.584058 0.358824 0.022222 0.152941
29 0.610628 0.476471 0.021256 0.458824
26 0.641546 0.394118 0.021256 0.576471
9 0.673430 0.394118 0.032850 0.294118
14 0.711111 0.394118 0.025121 0.741176
21 0.740097 0.494118 0.013527 0.141176
15 0.767633 0.347059 0.020290 0.435294
29 0.799517 0.476471 0.020290 0.435294
7 0.820290 0.147059 0.015459 0.270588
18 0.838647 0.329412 0.015459 0.117647
6 0.871981 0.329412 0.022222 0.423529
16 0.894686 0.347059 0.021256 0.529412
10 0.937198 0.358824 0.025121 0.223529
7 0.973913 0.229412 0.025121 0.364706
19 0.157488 0.629412 0.011594 0.247059
