13 0.0190 0.5650 0.0318 0.7108
27 0.0638 0.5482 0.0420 0.2540
18 0.1115 0.5309 0.0220 0.1870
23 0.1521 0.4795 0.0243 0.3532
14 0.1833 0.5396 0.0261 0.7545
26 0.2266 0.5152 0.0307 0.5399
13 0.2731 0.5083 0.0284 0.5956
28 0.3137 0.4944 0.0300 0.2766
18 0.3497 0.4690 0.0199 0.1546
24 0.3850 0.4788 0.0248 0.2610
14 0.4268 0.5087 0.0287 0.6444
20 0.4672 0.4541 0.0226 0.2690
18 0.5406 0.4659 0.1166 0.2086
22 0.5173 0.2406 0.0286 0.2391
24 0.5315 0.7717 0.0323 0.3027
20 0.5472 0.2037 0.0221 0.2486
23 0.5737 0.2015 0.0233 0.3210
20 0.6300 0.4299 0.0220 0.2690
7 0.6747 0.3320 0.0238 0.3195
7 0.6981 0.1802 0.0218 0.2554
18 0.7226 0.3621 0.0191 0.1286
8 0.7477 0.3208 0.0204 0.3158
8 0.7734 0.2011 0.0162 0.2746
26 0.7952 0.3593 0.0299 0.4414
6 0.8314 0.3244 0.0259 0.3725
19 0.8517 0.5042 0.0112 0.1878
6 0.8761 0.3062 0.0295 0.3354
10 0.9296 0.4373 0.0222 0.1699
17 0.9757 0.3258 0.0279 0.3089
