8 0.0199 0.6632 0.0247 0.3071
21 0.0518 0.7294 0.0138 0.1079
8 0.0911 0.6429 0.0252 0.2935
29 0.1267 0.7569 0.0256 0.3586
8 0.1591 0.4882 0.0191 0.2246
18 0.1924 0.6206 0.0316 0.1214
27 0.2474 0.6124 0.0397 0.1863
8 0.2812 0.4164 0.0162 0.2035
20 0.3179 0.5667 0.0264 0.1983
27 0.3722 0.5614 0.0387 0.1523
6 0.3996 0.3881 0.0270 0.2105
18 0.4371 0.5037 0.0231 0.0933
28 0.4740 0.5296 0.0306 0.1509
7 0.4997 0.3124 0.0231 0.2014
20 0.5349 0.4834 0.0218 0.1705
18 0.5832 0.4505 0.0416 0.1397
1 0.5824 0.6380 0.0348 0.2589
0 0.5797 0.3050 0.0144 0.1956
22 0.6325 0.4418 0.0270 0.1775
23 0.6527 0.2505 0.0182 0.1636
18 0.6912 0.3974 0.0241 0.1059
22 0.7339 0.4038 0.0273 0.2186
6 0.7641 0.1974 0.0270 0.2206
20 0.8016 0.3559 0.0213 0.1891
7 0.8490 0.2804 0.0253 0.2563
29 0.8755 0.4310 0.0246 0.2940
10 0.9233 0.3315 0.0244 0.1598
7 0.9724 0.2425 0.0271 0.2493
