27 0.049069 0.482558 0.077834 0.267442
28 0.120135 0.284884 0.040609 0.197674
18 0.178511 0.424419 0.055838 0.127907
8 0.269036 0.372093 0.037225 0.395349
7 0.317259 0.168605 0.032149 0.313953
20 0.390863 0.325581 0.037225 0.325581
7 0.491540 0.273256 0.035533 0.383721
6 0.533841 0.139535 0.035533 0.255814
18 0.592217 0.273256 0.040609 0.127907
29 0.662437 0.430233 0.045685 0.604651
7 0.719120 0.127907 0.030457 0.232558
20 0.756345 0.308140 0.033841 0.290698
0 0.835025 0.296512 0.025381 0.337209
1 0.875635 0.273256 0.042301 0.383721
7 0.921320 0.267442 0.032149 0.372093
29 0.972081 0.476744 0.045685 0.511628
