9 0.017442 0.506410 0.029517 0.346154
29 0.044723 0.269231 0.014311 0.410256
18 0.069320 0.185897 0.018784 0.166667
9 0.096601 0.211538 0.025045 0.294872
20 0.130590 0.480769 0.019678 0.371795
7 0.174419 0.320513 0.025045 0.461538
19 0.193649 0.576923 0.015206 0.256410
8 0.212433 0.378205 0.020572 0.525641
5 0.260733 0.346154 0.029517 0.564103
19 0.283095 0.564103 0.013417 0.179487
4 0.311270 0.320513 0.032200 0.512821
9 0.340340 0.435897 0.027728 0.358974
18 0.380590 0.378205 0.018784 0.166667
2 0.417263 0.365385 0.024150 0.448718
19 0.436941 0.570513 0.013417 0.217949
8 0.456172 0.371795 0.021467 0.487179
29 0.487478 0.576923 0.025045 0.512821
18 0.529070 0.461538 0.022361 0.179487
27 0.560823 0.512821 0.033989 0.256410
20 0.594365 0.487179 0.016995 0.256410
13 0.631038 0.570513 0.022361 0.833333
9 0.651610 0.500000 0.025939 0.256410
18 0.678444 0.500000 0.015206 0.153846
29 0.706172 0.660256 0.020572 0.576923
21 0.748658 0.570513 0.012522 0.141026
15 0.773256 0.576923 0.020572 0.615385
3 0.803667 0.480769 0.022361 0.397436
26 0.831843 0.512821 0.019678 0.487179
16 0.884168 0.525641 0.024150 0.692308
10 0.927102 0.557692 0.029517 0.346154
6 0.978533 0.455128 0.037567 0.525641
21 0.237478 0.532051 0.015206 0.192308
14 0.729875 0.621795 0.017889 0.756410
8 0.857335 0.525641 0.022361 0.410256
