7 0.027165 0.714953 0.025467 0.383178
19 0.044992 0.878505 0.013582 0.186916
8 0.072581 0.700935 0.021222 0.336449
21 0.104839 0.757009 0.011036 0.168224
23 0.135823 0.658879 0.022071 0.327103
8 0.165535 0.476636 0.016978 0.280374
18 0.196520 0.644860 0.022920 0.130841
8 0.228778 0.612150 0.019525 0.364486
22 0.257216 0.476636 0.020374 0.224299
20 0.289474 0.607477 0.018676 0.242991
7 0.334890 0.556075 0.019525 0.364486
23 0.356537 0.383178 0.018676 0.280374
18 0.387097 0.556075 0.015280 0.140187
27 0.434211 0.560748 0.036503 0.205607
21 0.471138 0.565421 0.010187 0.102804
28 0.506367 0.514019 0.029711 0.242991
21 0.544992 0.560748 0.011885 0.130841
15 0.579796 0.509346 0.023769 0.514019
22 0.613328 0.518692 0.024618 0.271028
18 0.648132 0.476636 0.021222 0.168224
24 0.682513 0.490654 0.018676 0.252336
16 0.715620 0.467290 0.023769 0.504673
21 0.753396 0.560748 0.012733 0.130841
3 0.776316 0.471963 0.022920 0.327103
10 0.815789 0.518692 0.023769 0.271028
13 0.856537 0.532710 0.025467 0.654206
22 0.888795 0.490654 0.025467 0.252336
18 0.929542 0.429907 0.015280 0.130841
24 0.958829 0.425234 0.021222 0.271028
14 0.984295 0.476636 0.021222 0.766355
