13 0.012311 0.643443 0.022727 0.565574
7 0.044981 0.581967 0.023674 0.377049
14 0.070076 0.639344 0.018939 0.573770
26 0.102273 0.602459 0.026515 0.467213
13 0.140625 0.627049 0.023674 0.614754
8 0.169981 0.586066 0.021780 0.368852
14 0.198864 0.594262 0.020833 0.581967
26 0.235795 0.549180 0.028409 0.459016
13 0.278409 0.581967 0.024621 0.655738
6 0.310133 0.545082 0.027462 0.368852
14 0.334280 0.565574 0.020833 0.704918
26 0.365530 0.524590 0.024621 0.442623
13 0.402936 0.528689 0.021780 0.647541
5 0.437500 0.495902 0.024621 0.368852
14 0.465909 0.508197 0.020833 0.606557
26 0.500473 0.495902 0.027462 0.516393
13 0.542614 0.463115 0.022727 0.614754
4 0.575758 0.450820 0.024621 0.327869
14 0.600379 0.491803 0.020833 0.639344
26 0.634943 0.520492 0.023674 0.483607
13 0.675189 0.508197 0.018939 0.655738
3 0.700758 0.479508 0.020833 0.368852
14 0.724432 0.512295 0.022727 0.713115
26 0.758996 0.495902 0.023674 0.500000
13 0.793561 0.479508 0.022727 0.647541
8 0.823390 0.463115 0.021780 0.434426
14 0.850852 0.467213 0.023674 0.704918
26 0.891098 0.438525 0.022727 0.500000
13 0.932292 0.418033 0.021780 0.606557
7 0.964962 0.364754 0.024621 0.401639
14 0.989110 0.426230 0.016098 0.672131
