4 0.021356 0.436709 0.037140 0.493671
4 0.067317 0.455696 0.036212 0.455696
4 0.116992 0.417722 0.033426 0.506329
4 0.171309 0.398734 0.034355 0.493671
4 0.225627 0.373418 0.029712 0.544304
4 0.286908 0.405063 0.037140 0.481013
4 0.347725 0.430380 0.036212 0.481013
4 0.410399 0.481013 0.033426 0.455696
4 0.466574 0.455696 0.032498 0.531646
4 0.533890 0.531646 0.035283 0.430380
4 0.596565 0.582278 0.032498 0.455696
4 0.657846 0.613924 0.036212 0.518987
4 0.725162 0.689873 0.037140 0.468354
4 0.795265 0.632911 0.036212 0.556962
4 0.853296 0.696203 0.031569 0.455696
4 0.909006 0.677215 0.031569 0.518987
4 0.966574 0.670886 0.037140 0.481013
