11 0.029356 0.586207 0.022727 0.528736
12 0.071023 0.505747 0.022727 0.551724
11 0.130682 0.505747 0.022727 0.574713
12 0.169034 0.505747 0.027462 0.436782
11 0.226326 0.505747 0.026515 0.505747
12 0.275095 0.482759 0.027462 0.436782
11 0.342803 0.482759 0.026515 0.459770
12 0.378314 0.511494 0.021780 0.425287
11 0.448390 0.563218 0.023674 0.436782
12 0.496212 0.540230 0.024621 0.436782
11 0.562027 0.563218 0.023674 0.459770
12 0.605587 0.557471 0.017992 0.402299
12 0.703125 0.563218 0.021780 0.459770
11 0.755208 0.568966 0.023674 0.402299
11 0.849905 0.591954 0.023674 0.425287
11 0.930871 0.580460 0.020833 0.402299
12 0.975852 0.603448 0.021780 0.448276
11 0.661932 0.557471 0.026515 0.402299
12 0.787879 0.597701 0.015152 0.413793
12 0.883523 0.632184 0.017045 0.413793
