17 0.019942 0.556250 0.020428 0.337500
19 0.032588 0.768750 0.014591 0.262500
8 0.052043 0.581250 0.016537 0.362500
6 0.076362 0.556250 0.020428 0.337500
5 0.106518 0.506250 0.022374 0.437500
20 0.148833 0.537500 0.021401 0.250000
8 0.196012 0.531250 0.020428 0.412500
19 0.214981 0.675000 0.013619 0.200000
7 0.240759 0.506250 0.026265 0.387500
29 0.283560 0.675000 0.028210 0.475000
27 0.318580 0.300000 0.039883 0.250000
18 0.356518 0.537500 0.032101 0.200000
9 0.407588 0.556250 0.031128 0.337500
29 0.442121 0.275000 0.022374 0.350000
20 0.476654 0.556250 0.027237 0.337500
22 0.520914 0.606250 0.028210 0.287500
23 0.555447 0.331250 0.017510 0.362500
18 0.585117 0.606250 0.022374 0.187500
23 0.630837 0.537500 0.020428 0.450000
26 0.661479 0.562500 0.021401 0.600000
8 0.689689 0.581250 0.019455 0.437500
19 0.704767 0.750000 0.010700 0.200000
7 0.721304 0.581250 0.018482 0.412500
20 0.754377 0.625000 0.020428 0.275000
8 0.795233 0.581250 0.020428 0.387500
19 0.809339 0.737500 0.011673 0.175000
6 0.832685 0.562500 0.033074 0.400000
29 0.872082 0.718750 0.026265 0.412500
6 0.901265 0.406250 0.022374 0.287500
10 0.934339 0.656250 0.022374 0.287500
6 0.977626 0.531250 0.036965 0.387500
