7 0.023810 0.718391 0.023343 0.448276
7 0.055089 0.494253 0.026144 0.367816
18 0.093838 0.724138 0.021475 0.137931
7 0.140523 0.632184 0.025210 0.413793
8 0.175537 0.448276 0.018674 0.367816
23 0.254435 0.580460 0.023343 0.471264
23 0.281513 0.316092 0.019608 0.448276
18 0.323063 0.545977 0.029879 0.172414
24 0.370215 0.597701 0.030812 0.344828
7 0.402428 0.264368 0.022409 0.321839
20 0.446779 0.580460 0.021475 0.287356
29 0.507937 0.632184 0.022409 0.459770
3 0.536415 0.367816 0.019608 0.321839
20 0.572829 0.534483 0.017740 0.264368
3 0.618581 0.528736 0.025210 0.413793
19 0.644725 0.643678 0.012138 0.206897
6 0.666667 0.465517 0.031746 0.471264
7 0.679272 0.264368 0.023343 0.367816
21 0.723156 0.586207 0.010271 0.183908
6 0.765173 0.454023 0.025210 0.333333
19 0.790850 0.660920 0.014939 0.264368
7 0.816527 0.258621 0.021475 0.356322
20 0.868814 0.465517 0.023343 0.379310
3 0.922969 0.500000 0.027077 0.402299
19 0.940710 0.666667 0.014006 0.229885
8 0.974790 0.350575 0.018674 0.402299
18 0.208683 0.689655 0.021475 0.183908
