0 0.0319 0.6146 0.0208 0.2636
8 0.0640 0.6098 0.0312 0.3105
6 0.1028 0.6155 0.0348 0.3446
20 0.1669 0.6383 0.0353 0.2428
3 0.2296 0.6259 0.0333 0.3173
19 0.2536 0.7489 0.0194 0.2007
4 0.3032 0.6122 0.0429 0.3354
26 0.3637 0.6257 0.0475 0.4823
4 0.4203 0.5901 0.0378 0.3510
19 0.4548 0.7336 0.0206 0.1716
8 0.4981 0.6091 0.0338 0.3364
20 0.5558 0.6379 0.0363 0.2433
9 0.6347 0.6358 0.0507 0.2646
29 0.6971 0.4144 0.0363 0.3084
18 0.7588 0.3441 0.0287 0.1059
29 0.8049 0.4153 0.0315 0.3350
7 0.8503 0.1786 0.0339 0.2455
20 0.8983 0.6198 0.0410 0.2595
7 0.9629 0.5602 0.0345 0.4229
