11 0.024702 0.514925 0.020443 0.492537
29 0.054940 0.634328 0.024702 0.343284
18 0.090290 0.522388 0.022147 0.119403
9 0.123083 0.555970 0.022998 0.216418
1 0.151193 0.343284 0.016184 0.208955
12 0.177172 0.429104 0.022147 0.514925
21 0.201448 0.597015 0.011073 0.104478
15 0.235945 0.507463 0.020443 0.537313
3 0.268739 0.514925 0.024702 0.283582
19 0.288330 0.608209 0.012777 0.141791
7 0.311755 0.477612 0.020443 0.298507
26 0.340716 0.481343 0.022147 0.365672
7 0.372658 0.485075 0.022998 0.298507
19 0.395230 0.623134 0.010221 0.141791
5 0.413969 0.473881 0.020443 0.305970
16 0.441227 0.481343 0.015332 0.350746
27 0.474446 0.294776 0.037479 0.156716
21 0.517036 0.604478 0.010221 0.119403
13 0.554940 0.593284 0.026405 0.514925
3 0.589438 0.559701 0.022147 0.313433
19 0.610307 0.649254 0.012777 0.164179
26 0.645230 0.611940 0.022998 0.447761
7 0.677598 0.585821 0.017888 0.305970
19 0.693782 0.712687 0.009370 0.171642
5 0.717632 0.567164 0.024702 0.313433
14 0.742760 0.615672 0.020443 0.559701
26 0.785349 0.615672 0.025554 0.440299
13 0.823680 0.641791 0.027257 0.641791
6 0.853918 0.585821 0.028109 0.320896
19 0.877342 0.716418 0.010221 0.179104
3 0.893952 0.611940 0.021295 0.253731
14 0.922061 0.667910 0.022998 0.529851
10 0.949319 0.611940 0.016184 0.179104
6 0.981261 0.582090 0.028961 0.328358
7 0.626917 0.567164 0.015332 0.298507
