15 0.022505 0.580000 0.027397 0.580000
7 0.061644 0.560000 0.027397 0.360000
19 0.081213 0.730000 0.013699 0.200000
3 0.112035 0.555000 0.028376 0.350000
16 0.146771 0.530000 0.025440 0.460000
21 0.189824 0.645000 0.013699 0.150000
15 0.232387 0.510000 0.026419 0.480000
7 0.277397 0.505000 0.026419 0.370000
19 0.299902 0.695000 0.014677 0.190000
8 0.327299 0.505000 0.022505 0.370000
16 0.360078 0.500000 0.021526 0.500000
21 0.397750 0.620000 0.012720 0.140000
15 0.430039 0.525000 0.020548 0.470000
3 0.461840 0.530000 0.023483 0.380000
26 0.495597 0.510000 0.022505 0.380000
7 0.526419 0.505000 0.025440 0.310000
16 0.559198 0.515000 0.022505 0.410000
21 0.596869 0.620000 0.011742 0.160000
15 0.636497 0.480000 0.028376 0.440000
3 0.667808 0.480000 0.026419 0.320000
21 0.691781 0.560000 0.017613 0.180000
4 0.728963 0.455000 0.031311 0.370000
16 0.771037 0.450000 0.027397 0.500000
10 0.823386 0.535000 0.030333 0.250000
2 0.881115 0.455000 0.028376 0.350000
19 0.901174 0.635000 0.013699 0.170000
1 0.933953 0.435000 0.028376 0.370000
0 0.967221 0.455000 0.018591 0.430000
21 0.987769 0.685000 0.014677 0.110000
