3 0.022507 0.703883 0.023831 0.378641
7 0.065755 0.640777 0.020300 0.330097
29 0.098853 0.771845 0.021183 0.417476
3 0.120477 0.480583 0.018535 0.320388
20 0.152251 0.640777 0.016770 0.291262
3 0.201236 0.601942 0.022948 0.388350
19 0.224184 0.703883 0.010591 0.184466
8 0.247573 0.533981 0.018535 0.349515
29 0.274934 0.718447 0.020300 0.466019
27 0.309356 0.388350 0.032657 0.194175
18 0.348191 0.587379 0.016770 0.126214
6 0.394528 0.480583 0.028244 0.398058
19 0.415711 0.694175 0.014122 0.242718
7 0.450574 0.519417 0.023831 0.398058
29 0.479259 0.718447 0.024713 0.446602
8 0.507944 0.402913 0.015004 0.281553
18 0.535305 0.572816 0.023831 0.116505
6 0.570168 0.548544 0.026478 0.339806
19 0.586055 0.703883 0.008826 0.165049
6 0.609003 0.543689 0.026478 0.407767
19 0.624890 0.718447 0.010591 0.174757
5 0.652251 0.509709 0.028244 0.456311
21 0.682701 0.626214 0.013239 0.126214
7 0.708738 0.480583 0.019417 0.417476
19 0.733010 0.665049 0.013239 0.203883
6 0.754634 0.456311 0.030009 0.388350
23 0.794793 0.373786 0.020300 0.436893
7 0.816417 0.169903 0.021183 0.262136
18 0.848191 0.456311 0.021183 0.155340
6 0.885702 0.402913 0.023831 0.378641
19 0.909974 0.621359 0.012357 0.174757
8 0.923213 0.456311 0.019417 0.388350
10 0.953663 0.509709 0.020300 0.203883
17 0.979259 0.388350 0.022065 0.368932
19 0.048544 0.757282 0.010591 0.213592
