18 0.238730 0.431894 0.475621 0.066445
18 0.229991 0.661130 0.399264 0.073090
18 0.219411 0.247508 0.335787 0.063123
22 0.072217 0.571429 0.030359 0.073090
29 0.071297 0.159468 0.021159 0.112957
27 0.088316 0.352159 0.042318 0.079734
18 0.090616 0.818937 0.046918 0.049834
7 0.089236 0.888704 0.022079 0.096346
0 0.092456 0.754153 0.011960 0.093023
23 0.096596 0.523256 0.018399 0.089701
7 0.096136 0.071429 0.015639 0.089701
28 0.120055 0.315615 0.022999 0.066445
20 0.125575 0.127907 0.017479 0.083056
18 0.132015 0.812292 0.021159 0.043189
18 0.142594 0.554817 0.023919 0.046512
18 0.156394 0.342193 0.023919 0.046512
23 0.165133 0.121262 0.021159 0.109635
18 0.174793 0.808970 0.036799 0.036545
8 0.171113 0.888704 0.022079 0.122924
7 0.173873 0.749169 0.022079 0.096346
23 0.180313 0.556478 0.020239 0.109635
22 0.194572 0.074751 0.019319 0.069767
24 0.195952 0.343854 0.020239 0.083056
22 0.203772 0.516611 0.019319 0.069767
23 0.206072 0.792359 0.018399 0.142857
6 0.217111 0.031561 0.016559 0.056478
24 0.218031 0.303987 0.016559 0.076412
22 0.224011 0.749169 0.019319 0.063123
20 0.231371 0.554817 0.019319 0.073090
18 0.244710 0.056478 0.016559 0.053156
20 0.253450 0.338870 0.017479 0.079734
20 0.259890 0.803987 0.021159 0.086379
7 0.271849 0.053156 0.022999 0.093023
8 0.270929 0.556478 0.017479 0.102990
7 0.289788 0.330565 0.020239 0.089701
8 0.289328 0.054817 0.015639 0.102990
23 0.293928 0.782392 0.021159 0.136213
6 0.294388 0.503322 0.018399 0.083056
7 0.312328 0.742525 0.013799 0.076412
20 0.317387 0.146179 0.016559 0.093023
25 0.316467 0.332226 0.009200 0.086379
18 0.320607 0.566445 0.015639 0.049834
7 0.338086 0.322259 0.017479 0.093023
18 0.340846 0.802326 0.021159 0.049834
6 0.355566 0.541528 0.026679 0.119601
7 0.359706 0.127907 0.022079 0.109635
24 0.374885 0.779070 0.021159 0.096346
19 0.378565 0.586379 0.010120 0.069767
7 0.394664 0.717608 0.016559 0.073090
7 0.402944 0.528239 0.018399 0.099668
21 0.496780 0.411960 0.011040 0.073090
18 0.682613 0.382060 0.340386 0.112957
18 0.682153 0.588040 0.278749 0.093023
18 0.660074 0.204319 0.219871 0.076412
13 0.558878 0.755814 0.022999 0.215947
2 0.558418 0.529900 0.020239 0.096346
2 0.573597 0.081395 0.019319 0.096346
22 0.584177 0.757475 0.027599 0.086379
25 0.576817 0.526578 0.011040 0.069767
26 0.597056 0.088040 0.018399 0.116279
24 0.606256 0.295681 0.029439 0.093023
7 0.603496 0.508306 0.018399 0.099668
18 0.616375 0.740864 0.020239 0.066445
1 0.624195 0.086379 0.030359 0.112957
26 0.636155 0.294020 0.017479 0.102990
18 0.642134 0.516611 0.020239 0.049834
23 0.645354 0.737542 0.019319 0.139535
22 0.665593 0.299003 0.024839 0.079734
18 0.665133 0.074751 0.020239 0.049834
14 0.664673 0.740864 0.017479 0.205980
7 0.669273 0.501661 0.017479 0.099668
26 0.691352 0.503322 0.017479 0.102990
21 0.688592 0.744186 0.010120 0.066445
22 0.699172 0.084718 0.023919 0.083056
20 0.697792 0.294020 0.019319 0.089701
8 0.715271 0.501661 0.019319 0.099668
23 0.718491 0.292359 0.020239 0.106312
26 0.728151 0.079734 0.017479 0.119601
23 0.728611 0.719269 0.014719 0.122924
23 0.750230 0.084718 0.028519 0.122924
23 0.742870 0.677741 0.011960 0.079734
18 0.761270 0.727575 0.015639 0.053156
12 0.807728 0.715947 0.016559 0.182724
10 0.884545 0.328904 0.030359 0.086379
24 0.948022 0.303987 0.034039 0.109635
13 0.711132 0.734219 0.020239 0.186047
24 0.793468 0.740864 0.022999 0.093023
