13 0.016275 0.555556 0.025316 0.711111
17 0.042948 0.505556 0.017179 0.366667
19 0.062387 0.644444 0.010850 0.222222
17 0.086347 0.472222 0.022604 0.277778
17 0.105787 0.477778 0.018083 0.244444
17 0.127034 0.477778 0.018987 0.266667
17 0.151899 0.455556 0.018083 0.311111
17 0.171790 0.477778 0.019892 0.266667
17 0.197107 0.450000 0.021700 0.300000
17 0.222875 0.450000 0.022604 0.300000
17 0.247740 0.450000 0.019892 0.300000
17 0.269892 0.455556 0.020796 0.311111
17 0.299277 0.488889 0.025316 0.311111
17 0.325949 0.450000 0.022604 0.277778
17 0.353526 0.455556 0.023508 0.288889
17 0.378843 0.450000 0.023508 0.277778
17 0.407324 0.438889 0.022604 0.277778
17 0.438065 0.455556 0.020796 0.266667
17 0.479656 0.483333 0.022604 0.277778
17 0.514919 0.450000 0.024412 0.300000
17 0.542495 0.455556 0.025316 0.244444
17 0.574593 0.461111 0.022604 0.255556
17 0.609403 0.438889 0.019892 0.255556
17 0.640145 0.455556 0.021700 0.288889
17 0.671790 0.477778 0.025316 0.266667
17 0.696655 0.461111 0.022604 0.255556
17 0.721067 0.461111 0.022604 0.277778
17 0.765823 0.511111 0.021700 0.288889
17 0.794304 0.527778 0.020796 0.300000
17 0.819168 0.527778 0.021700 0.300000
17 0.844485 0.533333 0.023508 0.288889
17 0.876582 0.488889 0.020796 0.244444
17 0.915913 0.527778 0.019892 0.255556
3 0.948915 0.483333 0.022604 0.344444
14 0.976944 0.505556 0.020796 0.655556
