11 0.019103 0.439130 0.021595 0.617391
3 0.050664 0.508696 0.019934 0.356522
8 0.082641 0.486957 0.017442 0.382609
9 0.116694 0.539130 0.025748 0.226087
7 0.139535 0.326087 0.019934 0.286957
18 0.174419 0.526087 0.019934 0.130435
29 0.219684 0.617391 0.024086 0.434783
7 0.248339 0.356522 0.019934 0.295652
12 0.268688 0.478261 0.019103 0.504348
21 0.290698 0.569565 0.011628 0.147826
15 0.325166 0.534783 0.019103 0.513043
3 0.359219 0.582609 0.020764 0.382609
19 0.379153 0.686957 0.012458 0.173913
7 0.399502 0.539130 0.021595 0.347826
29 0.428156 0.691304 0.022425 0.408696
21 0.455150 0.660870 0.013289 0.121739
9 0.477575 0.578261 0.028239 0.286957
7 0.501661 0.326087 0.021595 0.304348
18 0.528239 0.569565 0.019934 0.130435
8 0.571429 0.526087 0.021595 0.408696
3 0.605897 0.560870 0.024086 0.339130
29 0.630814 0.760870 0.024086 0.478261
16 0.661960 0.552174 0.021595 0.513043
21 0.692691 0.669565 0.013289 0.139130
13 0.732558 0.613043 0.024917 0.669565
27 0.774502 0.595652 0.039037 0.217391
7 0.807724 0.373913 0.015781 0.278261
18 0.828073 0.565217 0.014950 0.139130
28 0.862542 0.560870 0.029070 0.252174
8 0.890781 0.321739 0.015781 0.295652
14 0.923588 0.534783 0.023256 0.756522
10 0.956811 0.508696 0.021595 0.269565
8 0.987126 0.439130 0.022425 0.391304
19 0.064369 0.613043 0.012458 0.200000
19 0.586794 0.691304 0.012458 0.182609
