28 0.018356 0.676692 0.028731 0.165414
7 0.045890 0.394737 0.018356 0.248120
18 0.067039 0.383459 0.015962 0.090226
8 0.092578 0.345865 0.015962 0.210526
6 0.106943 0.195489 0.020750 0.195489
20 0.134477 0.552632 0.018356 0.233083
29 0.185954 0.639098 0.025539 0.390977
8 0.208699 0.383459 0.015164 0.195489
18 0.235435 0.522556 0.020750 0.097744
7 0.272546 0.481203 0.021548 0.270677
19 0.283320 0.609023 0.011173 0.165414
3 0.302075 0.515038 0.021548 0.248120
26 0.337989 0.522556 0.024741 0.368421
3 0.368715 0.526316 0.020750 0.270677
19 0.379888 0.627820 0.009577 0.142857
8 0.399840 0.484962 0.017558 0.263158
20 0.427374 0.533835 0.015164 0.195489
3 0.461293 0.496241 0.020750 0.300752
4 0.511572 0.477444 0.023943 0.323308
10 0.540702 0.571429 0.018356 0.180451
2 0.583799 0.484962 0.016760 0.248120
1 0.609338 0.477444 0.018356 0.323308
8 0.634477 0.473684 0.017558 0.300752
20 0.668396 0.488722 0.016760 0.180451
3 0.698324 0.477444 0.027135 0.263158
19 0.715882 0.609023 0.011173 0.165414
4 0.743815 0.477444 0.030327 0.323308
18 0.784118 0.496241 0.018356 0.120301
1 0.818436 0.488722 0.026337 0.270677
9 0.849162 0.526316 0.027135 0.210526
3 0.873504 0.345865 0.018356 0.240602
20 0.902235 0.484962 0.016760 0.157895
27 0.937749 0.515038 0.031923 0.172932
28 0.961692 0.327068 0.019154 0.187970
25 0.478053 0.533835 0.009577 0.270677
