29 0.025510 0.677419 0.040816 0.408602
9 0.059949 0.338710 0.033163 0.225806
18 0.099490 0.602151 0.022959 0.150538
3 0.153061 0.526882 0.033163 0.344086
24 0.184949 0.290323 0.030612 0.236559
20 0.232143 0.537634 0.028061 0.279570
6 0.281888 0.521505 0.035714 0.376344
21 0.310587 0.602151 0.016582 0.150538
7 0.354592 0.462366 0.030612 0.344086
21 0.381378 0.623656 0.012755 0.172043
13 0.399235 0.586022 0.028061 0.763441
7 0.455995 0.430108 0.031888 0.365591
20 0.497449 0.451613 0.033163 0.279570
29 0.557398 0.591398 0.033163 0.516129
9 0.594388 0.290323 0.030612 0.258065
18 0.651786 0.462366 0.030612 0.129032
9 0.704082 0.446237 0.030612 0.290323
8 0.742985 0.215054 0.021684 0.365591
18 0.786990 0.430108 0.033163 0.129032
27 0.840561 0.446237 0.053571 0.247312
20 0.892857 0.478495 0.025510 0.268817
28 0.933036 0.462366 0.039541 0.236559
14 0.979592 0.575269 0.038265 0.784946
