0 0.026832 0.581301 0.033024 0.333333
19 0.071723 0.719512 0.017544 0.203252
1 0.111455 0.552846 0.033024 0.325203
21 0.164087 0.634146 0.018576 0.097561
24 0.220330 0.565041 0.031992 0.252033
10 0.281218 0.605691 0.027864 0.203252
18 0.387513 0.552846 0.098039 0.162602
2 0.374613 0.772358 0.041280 0.308943
0 0.381837 0.304878 0.053664 0.365854
20 0.494840 0.459350 0.029928 0.252033
2 0.571207 0.430894 0.027864 0.373984
19 0.592363 0.569106 0.016512 0.227642
7 0.627967 0.357724 0.029928 0.308943
20 0.684211 0.434959 0.022704 0.219512
24 0.721878 0.434959 0.036120 0.235772
21 0.771930 0.463415 0.018576 0.113821
7 0.805470 0.308943 0.029928 0.276423
19 0.835913 0.479675 0.016512 0.162602
8 0.873581 0.292683 0.023736 0.341463
18 0.937049 0.321138 0.026832 0.105691
0 0.975232 0.272358 0.035088 0.398374
