4 0.047069 0.648810 0.055062 0.416667
9 0.106572 0.684524 0.060391 0.345238
3 0.149201 0.416667 0.028419 0.428571
20 0.217584 0.559524 0.044405 0.333333
2 0.301954 0.571429 0.046181 0.476190
9 0.346359 0.613095 0.042629 0.321429
2 0.393428 0.351190 0.037300 0.416667
20 0.461812 0.494048 0.039076 0.321429
2 0.555062 0.464286 0.047957 0.571429
9 0.609236 0.517857 0.056838 0.369048
20 0.700710 0.440476 0.047957 0.285714
6 0.793073 0.369048 0.072824 0.523810
10 0.882771 0.464286 0.046181 0.285714
17 0.959147 0.345238 0.067496 0.452381
