6 0.041096 0.647059 0.059361 0.352941
9 0.094749 0.652941 0.047945 0.223529
2 0.149543 0.458824 0.047945 0.282353
20 0.219178 0.500000 0.045662 0.223529
2 0.308219 0.441176 0.050228 0.388235
9 0.358447 0.482353 0.045662 0.258824
1 0.401826 0.258824 0.050228 0.211765
18 0.470320 0.382353 0.041096 0.082353
1 0.554795 0.317647 0.059361 0.400000
9 0.618721 0.341176 0.059361 0.282353
20 0.713470 0.252941 0.043379 0.270588
0 0.781963 0.235294 0.034247 0.329412
10 0.868721 0.229412 0.047945 0.200000
17 0.946347 0.188235 0.079909 0.329412
