20 0.164165 0.619403 0.046904 0.402985
2 0.234522 0.507463 0.045028 0.417910
20 0.365854 0.604478 0.037523 0.402985
10 0.542214 0.626866 0.045028 0.358209
2 0.716698 0.335821 0.033771 0.462687
20 0.782364 0.634328 0.045028 0.402985
2 0.099437 0.298507 0.030019 0.358209
24 0.054409 0.604478 0.033771 0.373134
24 0.290807 0.664179 0.033771 0.283582
2 0.457786 0.529851 0.052533 0.611940
24 0.672608 0.604478 0.054409 0.343284
24 0.867730 0.626866 0.054409 0.328358
12 0.942777 0.589552 0.069418 0.761194
11 0.620075 0.500000 0.035647 0.611940
