18 0.198620 0.528169 0.050613 0.239437
20 0.440951 0.507042 0.041411 0.478873
10 0.612730 0.584507 0.044479 0.352113
20 0.830521 0.535211 0.041411 0.478873
12 0.957055 0.528169 0.036810 0.859155
6 0.023006 0.478873 0.036810 0.450704
22 0.067485 0.563380 0.036810 0.366197
2 0.108896 0.323944 0.027607 0.450704
6 0.292945 0.401408 0.049080 0.549296
22 0.351994 0.542254 0.038344 0.352113
6 0.504601 0.401408 0.049080 0.661972
11 0.692485 0.485915 0.038344 0.718310
22 0.746166 0.612676 0.044479 0.380282
2 0.779908 0.323944 0.029141 0.422535
22 0.898006 0.591549 0.041411 0.366197
