5 0.066102 0.295181 0.033898 0.373494
18 0.176271 0.427711 0.050847 0.253012
18 0.417797 0.439759 0.042373 0.156627
10 0.645763 0.445783 0.050847 0.289157
11 0.703390 0.379518 0.023729 0.566265
18 0.855932 0.433735 0.040678 0.144578
23 0.028814 0.475904 0.037288 0.421687
5 0.250000 0.421687 0.049153 0.578313
5 0.500000 0.361446 0.044068 0.554217
23 0.312712 0.421687 0.038983 0.506024
5 0.804237 0.240964 0.028814 0.337349
23 0.761017 0.433735 0.044068 0.361446
22 0.918644 0.506024 0.044068 0.337349
12 0.974576 0.560241 0.037288 0.855422
