18 0.187288 0.551471 0.055932 0.279412
6 0.505932 0.507353 0.066102 0.602941
10 0.641525 0.566176 0.052542 0.367647
18 0.855932 0.573529 0.047458 0.205882
6 0.070339 0.345588 0.038983 0.426471
24 0.028814 0.610294 0.030508 0.338235
6 0.266949 0.507353 0.045763 0.544118
24 0.311017 0.580882 0.042373 0.426471
18 0.421186 0.610294 0.038983 0.191176
11 0.703390 0.551471 0.044068 0.691176
12 0.968644 0.580882 0.032203 0.691176
2 0.797458 0.352941 0.032203 0.441176
24 0.741525 0.573529 0.032203 0.352941
24 0.914407 0.602941 0.035593 0.411765
