2 0.066427 0.379747 0.032316 0.329114
20 0.128366 0.537975 0.041293 0.316456
10 0.377020 0.639241 0.064632 0.291139
1 0.549372 0.379747 0.035907 0.278481
20 0.608618 0.582278 0.039497 0.354430
20 0.834829 0.613924 0.053860 0.518987
1 0.953321 0.417722 0.039497 0.379747
22 0.033214 0.569620 0.034111 0.253165
2 0.245063 0.379747 0.026930 0.379747
23 0.204668 0.563291 0.039497 0.518987
22 0.508079 0.626582 0.032316 0.265823
22 0.705566 0.601266 0.035907 0.341772
23 0.745961 0.563291 0.037702 0.443038
23 0.908438 0.582278 0.032316 0.430380
