22 0.101372 0.559524 0.032012 0.357143
20 0.182165 0.607143 0.025915 0.452381
1 0.320884 0.351190 0.035061 0.416667
10 0.435976 0.672619 0.042683 0.345238
1 0.570122 0.500000 0.036585 0.309524
20 0.634909 0.613095 0.041159 0.416667
20 0.870427 0.613095 0.042683 0.392857
11 0.064024 0.654762 0.027439 0.571429
12 0.278201 0.630952 0.028963 0.571429
23 0.240091 0.547619 0.035061 0.380952
22 0.532774 0.672619 0.032012 0.321429
1 0.708841 0.523810 0.039634 0.428571
22 0.753811 0.619048 0.035061 0.261905
23 0.806402 0.541667 0.033537 0.464286
23 0.931402 0.541667 0.033537 0.440476
1 0.982470 0.404762 0.032012 0.309524
