18 0.139381 0.648936 0.044248 0.234043
18 0.316372 0.553191 0.053097 0.382979
4 0.409292 0.542553 0.044248 0.574468
10 0.589602 0.500000 0.046460 0.319149
18 0.844027 0.340426 0.037611 0.340426
12 0.960177 0.446809 0.035398 0.808511
22 0.039823 0.691489 0.048673 0.489362
22 0.242257 0.606383 0.037611 0.404255
22 0.743363 0.510638 0.039823 0.425532
22 0.911504 0.404255 0.039823 0.425532
11 0.691372 0.500000 0.050885 0.617021
4 0.786504 0.244681 0.037611 0.446809
4 0.201327 0.553191 0.039823 0.595745
4 0.085177 0.414894 0.033186 0.489362
