2 0.082789 0.392157 0.039216 0.392157
18 0.147059 0.607843 0.045752 0.235294
2 0.198257 0.500000 0.034858 0.490196
18 0.337691 0.588235 0.039216 0.274510
2 0.434641 0.509804 0.045752 0.509804
10 0.592593 0.558824 0.056645 0.450980
18 0.856209 0.450980 0.047930 0.156863
12 0.962963 0.392157 0.034858 0.588235
23 0.045752 0.637255 0.039216 0.490196
23 0.242919 0.529412 0.037037 0.549020
23 0.748366 0.509804 0.032680 0.470588
23 0.909586 0.372549 0.037037 0.549020
11 0.700436 0.519608 0.032680 0.647059
2 0.799564 0.313725 0.026144 0.313725
