2 0.117094 0.396552 0.022222 0.310345
2 0.117094 0.396552 0.022222 0.310345
20 0.229060 0.563218 0.041026 0.344828
1 0.296581 0.528736 0.052991 0.413793
20 0.432479 0.614943 0.030769 0.310345
2 0.535897 0.563218 0.032479 0.390805
10 0.654701 0.666667 0.041026 0.229885
20 0.870940 0.591954 0.035897 0.379310
7 0.023932 0.482759 0.037607 0.413793
22 0.081197 0.597701 0.035897 0.206897
22 0.348718 0.620690 0.027350 0.275862
23 0.802564 0.522989 0.032479 0.333333
23 0.923932 0.522989 0.032479 0.356322
12 0.970940 0.603448 0.044444 0.517241
11 0.756410 0.591954 0.039316 0.517241
