2 0.086207 0.325301 0.034483 0.361446
20 0.135903 0.566265 0.040568 0.289157
20 0.323529 0.487952 0.034483 0.349398
2 0.413793 0.451807 0.040568 0.445783
10 0.524341 0.524096 0.054767 0.325301
2 0.711968 0.271084 0.040568 0.397590
20 0.799189 0.481928 0.044625 0.313253
12 0.959432 0.536145 0.048682 0.590361
29 0.046653 0.614458 0.040568 0.457831
29 0.239351 0.704819 0.040568 0.493976
29 0.657201 0.608434 0.040568 0.493976
29 0.888438 0.602410 0.040568 0.506024
11 0.602434 0.463855 0.036511 0.566265
2 0.201826 0.481928 0.034483 0.361446
