18 0.139868 0.510204 0.046256 0.244898
18 0.372247 0.510204 0.048458 0.204082
10 0.563877 0.448980 0.057269 0.408163
11 0.659692 0.489796 0.041850 0.734694
18 0.834802 0.469388 0.030837 0.122449
27 0.039648 0.632653 0.061674 0.408163
3 0.094714 0.357143 0.039648 0.387755
3 0.450441 0.438776 0.041850 0.551020
3 0.193833 0.459184 0.048458 0.591837
3 0.779736 0.255102 0.030837 0.387755
27 0.269824 0.489796 0.055066 0.367347
27 0.737885 0.500000 0.048458 0.346939
27 0.903084 0.489796 0.057269 0.367347
12 0.959251 0.510204 0.033040 0.775510
