2 0.081545 0.534483 0.038627 0.517241
18 0.348712 0.646552 0.049356 0.258621
10 0.589056 0.534483 0.045064 0.275862
20 0.829399 0.370690 0.040773 0.431034
12 0.954936 0.353448 0.034335 0.672414
24 0.038627 0.775862 0.042918 0.344828
18 0.156652 0.706897 0.038627 0.137931
24 0.262876 0.612069 0.036481 0.362069
2 0.221030 0.620690 0.042918 0.586207
2 0.422747 0.500000 0.047210 0.586207
11 0.657725 0.491379 0.045064 0.603448
24 0.718884 0.508621 0.042918 0.362069
24 0.884120 0.396552 0.038627 0.448276
2 0.763948 0.284483 0.034335 0.431034
