18 0.406810 0.381944 0.053763 0.236111
10 0.626344 0.361111 0.048387 0.250000
11 0.733871 0.381944 0.023297 0.569444
2 0.824373 0.166667 0.028674 0.305556
18 0.879928 0.284722 0.039427 0.180556
29 0.922043 0.465278 0.037634 0.625000
29 0.773297 0.451389 0.037634 0.625000
12 0.969534 0.388889 0.035842 0.583333
29 0.023297 0.583333 0.035842 0.527778
29 0.286738 0.569444 0.035842 0.555556
2 0.245520 0.416667 0.035842 0.388889
18 0.194444 0.423611 0.037634 0.180556
2 0.491935 0.388889 0.034050 0.472222
2 0.060932 0.291667 0.025090 0.333333
