2 0.065173 0.351351 0.036660 0.405405
20 0.125255 0.614865 0.042770 0.391892
2 0.190428 0.472973 0.034623 0.513514
20 0.318737 0.560811 0.038697 0.418919
2 0.398167 0.479730 0.038697 0.472973
10 0.504073 0.581081 0.054990 0.243243
2 0.719959 0.331081 0.034623 0.391892
20 0.791242 0.533784 0.042770 0.391892
9 0.661914 0.560811 0.057026 0.337838
9 0.875764 0.527027 0.073320 0.351351
9 0.240326 0.587838 0.052953 0.310811
9 0.029532 0.594595 0.042770 0.270270
11 0.601833 0.418919 0.034623 0.567568
12 0.956212 0.527027 0.046843 0.675676
