4 0.075581 0.395604 0.034884 0.263736
20 0.133721 0.582418 0.050388 0.307692
20 0.390504 0.560440 0.052326 0.329670
5 0.468992 0.527473 0.054264 0.329670
10 0.556202 0.538462 0.050388 0.263736
20 0.800388 0.324176 0.042636 0.318681
24 0.031977 0.593407 0.032946 0.241758
5 0.215116 0.571429 0.042636 0.373626
24 0.272287 0.582418 0.052326 0.197802
11 0.637597 0.417582 0.042636 0.483516
12 0.933140 0.247253 0.032946 0.472527
24 0.862403 0.302198 0.034884 0.252747
4 0.742248 0.208791 0.046512 0.307692
24 0.687016 0.417582 0.036822 0.241758
