2 0.084416 0.414286 0.034632 0.400000
18 0.140693 0.571429 0.047619 0.200000
18 0.357143 0.421429 0.051948 0.242857
2 0.409091 0.392857 0.051948 0.471429
10 0.554113 0.442857 0.064935 0.228571
2 0.770563 0.214286 0.038961 0.314286
20 0.831169 0.321429 0.043290 0.442857
2 0.193723 0.428571 0.041126 0.457143
23 0.032468 0.650000 0.038961 0.414286
23 0.257576 0.421429 0.051948 0.414286
11 0.679654 0.400000 0.047619 0.514286
12 0.968615 0.264286 0.041126 0.500000
23 0.904762 0.285714 0.047619 0.428571
23 0.731602 0.357143 0.034632 0.342857
