2 0.091346 0.297101 0.040385 0.420290
20 0.359615 0.500000 0.038462 0.478261
2 0.436538 0.485507 0.050000 0.565217
10 0.525962 0.528986 0.048077 0.275362
23 0.053846 0.521739 0.042308 0.463768
20 0.157692 0.521739 0.034615 0.463768
2 0.223077 0.442029 0.038462 0.478261
23 0.268269 0.492754 0.028846 0.434783
23 0.651923 0.536232 0.038462 0.492754
20 0.791346 0.572464 0.044231 0.391304
23 0.865385 0.528986 0.042308 0.449275
12 0.952885 0.543478 0.048077 0.710145
11 0.588462 0.434783 0.034615 0.637681
2 0.702885 0.376812 0.040385 0.405797
