1 0.082500 0.321839 0.038333 0.321839
5 0.082500 0.321839 0.038333 0.321839
18 0.189167 0.477011 0.045000 0.172414
18 0.425833 0.477011 0.045000 0.172414
10 0.651667 0.482759 0.050000 0.298851
11 0.706667 0.408046 0.023333 0.563218
18 0.856667 0.477011 0.040000 0.149425
23 0.043333 0.517241 0.030000 0.413793
5 0.260833 0.448276 0.038333 0.528736
23 0.324167 0.471264 0.035000 0.436782
5 0.506667 0.413793 0.046667 0.482759
5 0.804167 0.275862 0.028333 0.321839
22 0.918333 0.534483 0.043333 0.310345
12 0.977500 0.591954 0.035000 0.770115
23 0.764167 0.494253 0.035000 0.390805
