18 0.144420 0.627660 0.043764 0.276596
18 0.318381 0.531915 0.054705 0.340426
10 0.588621 0.478723 0.065646 0.489362
18 0.842451 0.351064 0.039387 0.319149
12 0.955142 0.425532 0.032823 0.808511
22 0.047046 0.670213 0.041575 0.489362
4 0.092998 0.393617 0.041575 0.446809
4 0.204595 0.510638 0.045952 0.638298
22 0.253829 0.627660 0.043764 0.531915
4 0.410284 0.542553 0.050328 0.617021
24 0.692560 0.457447 0.045952 0.702128
22 0.741794 0.500000 0.043764 0.489362
4 0.782276 0.234043 0.045952 0.425532
22 0.910284 0.404255 0.039387 0.468085
