9 0.041074 0.466667 0.050553 0.323810
1 0.086098 0.280952 0.045814 0.295238
20 0.172986 0.528571 0.042654 0.276190
20 0.357030 0.500000 0.044234 0.295238
10 0.595577 0.514286 0.056872 0.304762
2 0.813586 0.295238 0.031596 0.342857
29 0.766193 0.590476 0.041074 0.400000
20 0.849921 0.471429 0.031596 0.295238
9 0.275671 0.476190 0.052133 0.266667
0 0.473144 0.433333 0.039494 0.428571
29 0.902054 0.652381 0.041074 0.580952
11 0.707741 0.438095 0.041074 0.457143
12 0.965245 0.476190 0.041074 0.609524
