0 0.078125 0.500000 0.046875 0.078125
20 0.138672 0.515625 0.058594 0.046875
8 0.197266 0.513672 0.042969 0.089844
20 0.248047 0.511719 0.050781 0.054688
5 0.312500 0.511719 0.046875 0.078125
20 0.375000 0.517578 0.046875 0.050781
2 0.558594 0.509766 0.054688 0.074219
2 0.638672 0.468750 0.042969 0.062500
10 0.714844 0.523438 0.062500 0.046875
8 0.816406 0.501953 0.046875 0.082031
0 0.781250 0.498047 0.031250 0.089844
19 0.843750 0.531250 0.015625 0.031250
5 0.875000 0.513672 0.031250 0.074219
2 0.962891 0.511719 0.042969 0.078125
7 0.921875 0.513672 0.046875 0.066406
7 0.429688 0.515625 0.046875 0.078125
20 0.496094 0.515625 0.054688 0.046875
11 0.029297 0.500000 0.035156 0.109375
12 0.595703 0.498047 0.035156 0.105469
