10 0.183594 0.515625 0.046875 0.046875
18 0.390625 0.513672 0.046875 0.035156
20 0.654297 0.515625 0.058594 0.062500
20 0.822266 0.515625 0.050781 0.062500
12 0.966797 0.501953 0.058594 0.121094
11 0.515625 0.509766 0.031250 0.113281
9 0.560547 0.513672 0.050781 0.058594
17 0.593750 0.529297 0.031250 0.042969
21 0.705078 0.521484 0.027344 0.019531
21 0.728516 0.525391 0.019531 0.019531
21 0.750000 0.531250 0.015625 0.031250
9 0.875000 0.515625 0.062500 0.062500
28 0.921875 0.525391 0.031250 0.035156
