20 0.359375 0.500000 0.062500 0.062500
20 0.171875 0.498047 0.062500 0.050781
20 0.546875 0.500000 0.062500 0.046875
1 0.292969 0.468750 0.039062 0.062500
10 0.781250 0.500000 0.093750 0.046875
1 0.951172 0.464844 0.066406 0.054688
1 0.703125 0.466797 0.046875 0.058594
1 0.482422 0.468750 0.050781 0.062500
9 0.054688 0.500000 0.085938 0.054688
1 0.109375 0.464844 0.046875 0.054688
29 0.246094 0.511719 0.070312 0.070312
28 0.619141 0.496094 0.074219 0.054688
22 0.904297 0.501953 0.066406 0.042969
