1 0.039062 0.515625 0.054688 0.093750
2 0.087891 0.462891 0.042969 0.066406
20 0.134766 0.525391 0.058594 0.058594
0 0.175781 0.521484 0.031250 0.074219
5 0.218750 0.521484 0.046875 0.074219
2 0.265625 0.476562 0.046875 0.054688
21 0.314453 0.521484 0.050781 0.035156
8 0.417969 0.515625 0.062500 0.085938
2 0.472656 0.474609 0.039062 0.050781
20 0.529297 0.529297 0.058594 0.035156
0 0.583984 0.519531 0.042969 0.070312
4 0.632812 0.513672 0.054688 0.074219
2 0.679688 0.478516 0.039062 0.050781
10 0.757812 0.529297 0.062500 0.042969
3 0.832031 0.507812 0.062500 0.078125
0 0.882812 0.513672 0.031250 0.082031
17 0.923828 0.519531 0.050781 0.070312
3 0.968750 0.527344 0.039062 0.085938
