10 0.681641 0.496094 0.035156 0.031250
10 0.187500 0.494141 0.062500 0.042969
18 0.341797 0.484375 0.035156 0.031250
0 0.859375 0.482422 0.046875 0.066406
0 0.384766 0.478516 0.042969 0.066406
0 0.558594 0.482422 0.054688 0.066406
18 0.513672 0.492188 0.035156 0.031250
20 0.806641 0.496094 0.042969 0.039062
18 0.921875 0.492188 0.046875 0.046875
11 0.248047 0.492188 0.035156 0.085938
11 0.451172 0.492188 0.035156 0.085938
12 0.593750 0.496094 0.031250 0.085938
11 0.064453 0.484375 0.027344 0.078125
12 0.109375 0.496094 0.031250 0.070312
12 0.416016 0.484375 0.027344 0.093750
28 0.089844 0.494141 0.031250 0.035156
28 0.753906 0.498047 0.039062 0.042969
