0 0.046875 0.513672 0.078125 0.097656
20 0.119141 0.525391 0.058594 0.074219
20 0.251953 0.523438 0.050781 0.062500
20 0.390625 0.531250 0.062500 0.062500
20 0.558594 0.515625 0.046875 0.062500
20 0.890625 0.515625 0.046875 0.078125
18 0.748047 0.509766 0.042969 0.027344
0 0.781250 0.500000 0.031250 0.062500
11 0.648438 0.511719 0.039062 0.109375
1 0.187500 0.515625 0.062500 0.078125
2 0.322266 0.509766 0.066406 0.097656
12 0.816406 0.482422 0.039062 0.105469
28 0.687500 0.515625 0.062500 0.046875
28 0.953125 0.515625 0.062500 0.062500
21 0.453125 0.531250 0.031250 0.031250
21 0.484375 0.531250 0.031250 0.031250
21 0.513672 0.531250 0.027344 0.031250
