5 0.330078 0.500000 0.042969 0.078125
0 0.042969 0.492188 0.062500 0.078125
0 0.671875 0.500000 0.046875 0.078125
1 0.962891 0.509766 0.050781 0.074219
5 0.154297 0.500000 0.042969 0.078125
7 0.097656 0.494141 0.039062 0.066406
8 0.494141 0.501953 0.058594 0.082031
7 0.546875 0.503906 0.046875 0.078125
20 0.435547 0.501953 0.050781 0.050781
20 0.607422 0.501953 0.066406 0.066406
20 0.839844 0.509766 0.062500 0.058594
8 0.908203 0.503906 0.042969 0.085938
17 0.773438 0.509766 0.039062 0.066406
6 0.720703 0.501953 0.042969 0.082031
20 0.251953 0.486328 0.050781 0.050781
18 0.250000 0.523438 0.062500 0.031250
