1 0.119141 0.468750 0.058594 0.062500
18 0.179688 0.511719 0.039062 0.023438
18 0.625000 0.515625 0.046875 0.031250
18 0.845703 0.517578 0.058594 0.035156
1 0.962891 0.482422 0.058594 0.050781
1 0.781250 0.480469 0.046875 0.062500
11 0.513672 0.500000 0.035156 0.109375
12 0.732422 0.498047 0.035156 0.121094
1 0.250000 0.501953 0.062500 0.089844
10 0.437500 0.515625 0.046875 0.046875
22 0.072266 0.498047 0.058594 0.035156
18 0.031250 0.515625 0.046875 0.031250
22 0.296875 0.511719 0.046875 0.046875
23 0.343750 0.494141 0.062500 0.082031
22 0.562500 0.515625 0.062500 0.046875
23 0.695312 0.503906 0.054688 0.093750
23 0.919922 0.500000 0.050781 0.078125
