18 0.184382 0.510204 0.034707 0.285714
10 0.558568 0.642857 0.045553 0.387755
18 0.832972 0.642857 0.043384 0.265306
28 0.041215 0.642857 0.034707 0.428571
28 0.286334 0.683673 0.034707 0.428571
28 0.734273 0.663265 0.032538 0.428571
28 0.894794 0.642857 0.041215 0.428571
3 0.451193 0.653061 0.052061 0.571429
3 0.240781 0.642857 0.043384 0.551020
3 0.099783 0.469388 0.047722 0.612245
3 0.768980 0.428571 0.032538 0.408163
11 0.664859 0.632653 0.032538 0.734694
12 0.962039 0.591837 0.036876 0.816327
18 0.382863 0.642857 0.045553 0.265306
