2 0.054498 0.313725 0.036332 0.509804
18 0.181661 0.558824 0.038062 0.333333
10 0.647059 0.578431 0.048443 0.450980
12 0.948962 0.450980 0.050173 0.862745
28 0.019896 0.676471 0.029412 0.450980
2 0.250865 0.549020 0.038062 0.627451
28 0.297578 0.558824 0.034602 0.490196
18 0.404844 0.539216 0.038062 0.215686
2 0.504325 0.519608 0.032872 0.647059
28 0.764706 0.549020 0.031142 0.549020
2 0.801903 0.294118 0.029412 0.509804
11 0.728374 0.421569 0.031142 0.764706
28 0.908304 0.490196 0.038062 0.470588
18 0.853806 0.529412 0.032872 0.196078
