18 0.187075 0.527273 0.030612 0.181818
18 0.416667 0.490909 0.034014 0.254545
10 0.653912 0.536364 0.049320 0.381818
1 0.079082 0.354545 0.028912 0.563636
1 0.264456 0.436364 0.035714 0.581818
9 0.304422 0.536364 0.034014 0.490909
9 0.039116 0.627273 0.034014 0.381818
1 0.501701 0.436364 0.051020 0.690909
11 0.731293 0.400000 0.027211 0.545455
12 0.966837 0.363636 0.028912 0.690909
18 0.861395 0.490909 0.032313 0.254545
9 0.906463 0.445455 0.034014 0.490909
1 0.801871 0.218182 0.035714 0.363636
9 0.764456 0.445455 0.032313 0.418182
