2 0.063136 0.337838 0.036660 0.405405
20 0.125255 0.614865 0.042770 0.391892
2 0.190428 0.466216 0.034623 0.527027
20 0.316701 0.560811 0.038697 0.418919
2 0.397149 0.479730 0.040733 0.472973
10 0.502037 0.574324 0.054990 0.229730
2 0.717923 0.317568 0.034623 0.391892
20 0.794297 0.506757 0.032587 0.337838
9 0.659878 0.560811 0.057026 0.337838
9 0.875764 0.520270 0.073320 0.337838
9 0.240326 0.587838 0.052953 0.310811
9 0.029532 0.594595 0.042770 0.270270
11 0.600815 0.412162 0.032587 0.581081
12 0.956212 0.520270 0.046843 0.689189
