2 0.113105 0.326667 0.032761 0.440000
18 0.193448 0.553333 0.059282 0.360000
18 0.416537 0.540000 0.043682 0.173333
10 0.583463 0.586667 0.046802 0.346667
2 0.785491 0.206667 0.032761 0.386667
20 0.862715 0.406667 0.046802 0.440000
12 0.978939 0.440000 0.035881 0.746667
3 0.018721 0.680000 0.034321 0.560000
23 0.063963 0.573333 0.040562 0.480000
3 0.283151 0.580000 0.042122 0.573333
23 0.334633 0.586667 0.042122 0.560000
3 0.476599 0.566667 0.035881 0.600000
11 0.679407 0.466667 0.035881 0.613333
23 0.749610 0.446667 0.032761 0.493333
23 0.929797 0.413333 0.031201 0.480000
