3 0.068257 0.241573 0.034539 0.393258
18 0.172697 0.561798 0.055921 0.202247
18 0.403783 0.505618 0.057566 0.134831
10 0.612664 0.539326 0.047697 0.314607
18 0.832237 0.561798 0.049342 0.112360
12 0.976974 0.528090 0.029605 0.516854
29 0.032895 0.544944 0.036184 0.528090
29 0.293586 0.651685 0.037829 0.539326
29 0.717928 0.674157 0.041118 0.516854
29 0.912007 0.679775 0.041118 0.505618
3 0.249178 0.471910 0.034539 0.382022
3 0.483553 0.494382 0.032895 0.382022
3 0.767270 0.382022 0.031250 0.292135
11 0.668586 0.533708 0.031250 0.415730
