18 0.427434 0.475410 0.040708 0.196721
12 0.977876 0.418033 0.044248 0.606557
2 0.831858 0.180328 0.035398 0.327869
18 0.888496 0.303279 0.035398 0.180328
2 0.256637 0.483607 0.038938 0.442623
2 0.501770 0.434426 0.037168 0.475410
18 0.209735 0.475410 0.040708 0.196721
10 0.636283 0.393443 0.037168 0.327869
29 0.042478 0.688525 0.035398 0.622951
2 0.078761 0.319672 0.033628 0.442623
29 0.780531 0.508197 0.031858 0.622951
11 0.746903 0.442623 0.028319 0.590164
29 0.930973 0.540984 0.038938 0.721311
29 0.301770 0.647541 0.037168 0.639344
