2 0.210923 0.438596 0.033898 0.596491
20 0.368173 0.482456 0.032015 0.438596
2 0.446328 0.429825 0.037665 0.543860
10 0.528249 0.473684 0.043315 0.315789
2 0.694915 0.236842 0.037665 0.438596
20 0.780603 0.508772 0.032015 0.385965
12 0.956685 0.578947 0.048964 0.842105
2 0.079096 0.192982 0.026365 0.350877
27 0.032015 0.421053 0.048964 0.315789
27 0.260829 0.535088 0.043315 0.298246
27 0.634652 0.500000 0.052731 0.438596
27 0.870998 0.508772 0.062147 0.385965
11 0.588512 0.403509 0.035782 0.736842
20 0.146893 0.535088 0.037665 0.333333
