2 0.066427 0.386076 0.028725 0.316456
20 0.126571 0.537975 0.041293 0.316456
10 0.377020 0.639241 0.064632 0.291139
1 0.549372 0.379747 0.035907 0.278481
20 0.608618 0.569620 0.039497 0.354430
20 0.833932 0.607595 0.048474 0.379747
1 0.955117 0.398734 0.032316 0.341772
22 0.033214 0.556962 0.034111 0.253165
2 0.245063 0.379747 0.026930 0.379747
23 0.203770 0.556962 0.037702 0.506329
22 0.507181 0.613924 0.034111 0.265823
22 0.705566 0.601266 0.035907 0.341772
23 0.745961 0.550633 0.037702 0.443038
23 0.906643 0.569620 0.032316 0.430380
