20 0.351240 0.408333 0.028926 0.450000
2 0.439050 0.391667 0.039256 0.550000
10 0.536157 0.541667 0.051653 0.350000
20 0.797521 0.475000 0.041322 0.383333
2 0.084711 0.333333 0.033058 0.400000
22 0.046488 0.508333 0.039256 0.316667
2 0.207645 0.425000 0.039256 0.516667
22 0.250000 0.525000 0.037190 0.350000
20 0.139463 0.433333 0.035124 0.433333
22 0.638430 0.533333 0.041322 0.300000
11 0.590909 0.366667 0.028926 0.700000
2 0.711777 0.291667 0.047521 0.416667
22 0.903926 0.525000 0.051653 0.316667
12 0.966942 0.600000 0.053719 0.800000
