9 0.046032 0.500000 0.050794 0.319588
1 0.086508 0.324742 0.046032 0.298969
20 0.172222 0.572165 0.042857 0.278351
20 0.358730 0.567010 0.044444 0.288660
10 0.603175 0.572165 0.057143 0.298969
2 0.814286 0.314433 0.031746 0.340206
29 0.773016 0.634021 0.038095 0.422680
20 0.857143 0.530928 0.031746 0.298969
9 0.276984 0.525773 0.052381 0.268041
0 0.478571 0.469072 0.039683 0.422680
29 0.907937 0.701031 0.041270 0.577320
11 0.711111 0.484536 0.041270 0.453608
12 0.974603 0.520619 0.041270 0.608247
