7 0.028716 0.406667 0.040541 0.520000
20 0.228885 0.466667 0.042230 0.400000
20 0.430743 0.526667 0.033784 0.413333
2 0.532939 0.506667 0.032095 0.453333
10 0.652872 0.626667 0.052365 0.293333
20 0.864020 0.520000 0.038851 0.426667
22 0.086149 0.520000 0.033784 0.266667
22 0.347973 0.533333 0.027027 0.320000
23 0.797297 0.446667 0.033784 0.413333
23 0.916385 0.460000 0.032095 0.413333
1 0.302365 0.460000 0.043919 0.440000
2 0.118243 0.306667 0.027027 0.346667
11 0.750000 0.486667 0.043919 0.626667
12 0.962838 0.540000 0.043919 0.680000
