22 0.100610 0.559524 0.030488 0.357143
20 0.183689 0.565476 0.022866 0.369048
1 0.323933 0.297619 0.025915 0.333333
10 0.435976 0.666667 0.042683 0.333333
1 0.572409 0.464286 0.028963 0.261905
20 0.634909 0.601190 0.041159 0.416667
20 0.873476 0.630952 0.039634 0.333333
11 0.062500 0.648810 0.027439 0.583333
12 0.276677 0.619048 0.028963 0.571429
23 0.238567 0.541667 0.035061 0.369048
22 0.531250 0.666667 0.032012 0.333333
1 0.707317 0.523810 0.039634 0.428571
22 0.753811 0.619048 0.035061 0.261905
23 0.804878 0.541667 0.033537 0.464286
23 0.929878 0.541667 0.033537 0.440476
1 0.982470 0.404762 0.032012 0.309524
