2 0.082789 0.392157 0.039216 0.392157
18 0.145969 0.588235 0.047930 0.235294
2 0.197168 0.490196 0.032680 0.470588
18 0.337691 0.568627 0.039216 0.274510
2 0.434641 0.509804 0.045752 0.509804
10 0.591503 0.568627 0.045752 0.274510
18 0.854031 0.431373 0.047930 0.156863
12 0.961874 0.382353 0.032680 0.568627
23 0.045752 0.637255 0.039216 0.490196
23 0.240741 0.529412 0.037037 0.549020
23 0.747277 0.500000 0.034858 0.450980
23 0.897603 0.333333 0.017429 0.509804
11 0.700436 0.519608 0.032680 0.647059
2 0.797386 0.294118 0.026144 0.313725
