2 0.114530 0.396552 0.020513 0.310345
20 0.226496 0.545977 0.042735 0.356322
1 0.296581 0.511494 0.046154 0.379310
20 0.432479 0.614943 0.030769 0.310345
2 0.533333 0.545977 0.034188 0.402299
10 0.652137 0.666667 0.042735 0.229885
20 0.868376 0.586207 0.034188 0.367816
7 0.023932 0.482759 0.037607 0.413793
22 0.081197 0.586207 0.035897 0.229885
22 0.346154 0.620690 0.025641 0.275862
23 0.800000 0.522989 0.034188 0.333333
23 0.923932 0.522989 0.032479 0.356322
12 0.968376 0.586207 0.042735 0.505747
11 0.754701 0.586207 0.039316 0.505747
