20 0.163227 0.611940 0.045028 0.388060
2 0.234522 0.507463 0.045028 0.417910
20 0.365854 0.604478 0.037523 0.402985
10 0.542214 0.626866 0.045028 0.358209
2 0.715760 0.365672 0.031895 0.402985
20 0.783302 0.597015 0.039400 0.358209
2 0.097561 0.283582 0.030019 0.358209
24 0.053471 0.604478 0.031895 0.373134
24 0.290807 0.649254 0.033771 0.283582
2 0.461538 0.514925 0.041276 0.582090
24 0.672608 0.604478 0.054409 0.343284
24 0.862101 0.626866 0.043152 0.328358
12 0.942777 0.574627 0.069418 0.761194
11 0.619137 0.492537 0.033771 0.597015
