15 0.043750 0.381443 0.076786 0.742268
9 0.059821 0.340206 0.069643 0.371134
29 0.124107 0.515464 0.044643 0.515464
25 0.196429 0.489691 0.025000 0.237113
29 0.250000 0.608247 0.035714 0.536082
29 0.299107 0.613402 0.041071 0.484536
16 0.316071 0.592784 0.067857 0.814433
20 0.403571 0.634021 0.042857 0.298969
9 0.481250 0.561856 0.058929 0.298969
1 0.516071 0.417526 0.035714 0.216495
29 0.560714 0.726804 0.042857 0.546392
18 0.627679 0.618557 0.044643 0.123711
29 0.690179 0.726804 0.037500 0.546392
1 0.727679 0.417526 0.026786 0.195876
9 0.757143 0.639175 0.064286 0.309278
10 0.841964 0.680412 0.048214 0.226804
17 0.950893 0.623711 0.069643 0.484536
