15 0.050000 0.546610 0.078947 0.906780
11 0.035088 0.478814 0.028070 0.618644
9 0.067544 0.508475 0.064912 0.288136
3 0.096491 0.305085 0.049123 0.288136
29 0.139474 0.605932 0.050877 0.449153
1 0.178947 0.334746 0.035088 0.211864
12 0.192982 0.453390 0.049123 0.669492
25 0.226316 0.449153 0.024561 0.135593
3 0.312281 0.461864 0.052632 0.381356
9 0.366667 0.372881 0.049123 0.237288
29 0.406140 0.470339 0.040351 0.483051
16 0.428070 0.436441 0.070175 0.822034
20 0.521930 0.542373 0.047368 0.271186
1 0.575439 0.436441 0.059649 0.398305
9 0.638596 0.500000 0.059649 0.305085
29 0.697368 0.614407 0.071930 0.584746
10 0.779825 0.495763 0.050877 0.194915
4 0.875439 0.415254 0.066667 0.372881
29 0.910526 0.538136 0.038596 0.364407
1 0.946491 0.305085 0.043860 0.237288
