18 0.263699 0.600000 0.029680 0.145455
9 0.332192 0.536364 0.043379 0.345455
18 0.388128 0.536364 0.022831 0.200000
18 0.518265 0.481818 0.027397 0.163636
18 0.631279 0.427273 0.034247 0.163636
10 0.920091 0.436364 0.027397 0.254545
1 0.035388 0.545455 0.052511 0.509091
4 0.087900 0.527273 0.047945 0.472727
5 0.126712 0.436364 0.043379 0.509091
29 0.189498 0.672727 0.045662 0.654545
29 0.444064 0.618182 0.043379 0.581818
22 0.577626 0.436364 0.041096 0.290909
23 0.676941 0.345455 0.029680 0.509091
24 0.759132 0.418182 0.043379 0.400000
25 0.718037 0.390909 0.025114 0.345455
26 0.819635 0.336364 0.045662 0.454545
23 0.864155 0.345455 0.043379 0.472727
17 0.958904 0.290909 0.041096 0.436364
