2 0.120935 0.560440 0.050813 0.351648
1 0.166667 0.521978 0.048780 0.362637
18 0.243902 0.516484 0.044715 0.131868
2 0.308943 0.527473 0.044715 0.307692
11 0.491870 0.516484 0.036585 0.439560
1 0.600610 0.483516 0.042683 0.329670
2 0.653455 0.500000 0.046748 0.318681
18 0.737805 0.500000 0.040650 0.142857
3 0.818089 0.500000 0.042683 0.362637
12 0.933943 0.483516 0.038618 0.527473
15 0.057927 0.554945 0.042683 0.494505
0 0.207317 0.500000 0.020325 0.340659
0 0.345528 0.505495 0.016260 0.263736
1 0.371951 0.510989 0.044715 0.340659
16 0.421748 0.538462 0.046748 0.395604
0 0.550813 0.494505 0.024390 0.263736
29 0.884146 0.637363 0.052846 0.461538
