11 0.013808 0.523148 0.024709 0.490741
1 0.071948 0.462963 0.030523 0.314815
20 0.135901 0.518519 0.024709 0.240741
2 0.307413 0.458333 0.021802 0.305556
20 0.364826 0.370370 0.026163 0.185185
18 0.401163 0.495370 0.034884 0.101852
6 0.507994 0.333333 0.021802 0.222222
18 0.625727 0.500000 0.024709 0.074074
16 0.682413 0.476852 0.021802 0.361111
20 0.843750 0.555556 0.027616 0.222222
2 0.038517 0.495370 0.033430 0.231481
0 0.106105 0.467593 0.017442 0.305556
29 0.187500 0.592593 0.034884 0.388889
6 0.216570 0.300926 0.034884 0.194444
12 0.240552 0.513889 0.030523 0.472222
11 0.277616 0.472222 0.029070 0.518519
29 0.337209 0.601852 0.026163 0.388889
0 0.441860 0.467593 0.023256 0.268519
9 0.476017 0.527778 0.045058 0.203704
15 0.542878 0.467593 0.036337 0.342593
27 0.587936 0.523148 0.053779 0.194444
28 0.655523 0.509259 0.029070 0.166667
12 0.713663 0.462963 0.031977 0.462963
13 0.755814 0.518519 0.034884 0.537037
6 0.812500 0.347222 0.026163 0.212963
6 0.882994 0.509259 0.030523 0.259259
7 0.943314 0.305556 0.026163 0.259259
14 0.976744 0.449074 0.026163 0.509259
