11 0.034050 0.518519 0.025090 0.567901
2 0.076165 0.506173 0.034050 0.395062
1 0.117384 0.475309 0.041219 0.432099
1 0.250896 0.314815 0.028674 0.259259
18 0.310036 0.469136 0.035842 0.148148
9 0.404122 0.475309 0.048387 0.259259
2 0.439068 0.246914 0.032258 0.296296
2 0.635305 0.271605 0.026882 0.345679
18 0.699821 0.407407 0.041219 0.148148
10 0.905018 0.438272 0.032258 0.234568
0 0.161290 0.432099 0.021505 0.395062
0 0.356631 0.395062 0.021505 0.395062
29 0.206093 0.580247 0.039427 0.543210
12 0.478495 0.388889 0.032258 0.456790
15 0.519713 0.444444 0.043011 0.493827
29 0.594086 0.592593 0.034050 0.493827
6 0.763441 0.395062 0.043011 0.469136
29 0.822581 0.567901 0.043011 0.518519
12 0.862903 0.401235 0.030466 0.654321
4 0.965054 0.320988 0.062724 0.518519
