1 0.059853 0.639073 0.049724 0.245033
8 0.360037 0.380795 0.034991 0.218543
10 0.465009 0.572848 0.049724 0.139073
8 0.600368 0.506623 0.033149 0.192053
19 0.700737 0.599338 0.020258 0.139073
4 0.788214 0.456954 0.047882 0.238411
21 0.837017 0.506623 0.020258 0.086093
0 0.890424 0.473510 0.023941 0.205298
4 0.926335 0.460265 0.040516 0.231788
8 0.113260 0.612583 0.038674 0.205298
8 0.155617 0.599338 0.038674 0.231788
6 0.209945 0.586093 0.051565 0.218543
28 0.313076 0.612583 0.062615 0.139073
0 0.573665 0.533113 0.020258 0.178808
8 0.633517 0.483444 0.029466 0.198675
8 0.665746 0.470199 0.034991 0.198675
0 0.744936 0.460265 0.023941 0.178808
29 0.960405 0.572848 0.049724 0.245033
