2 0.072607 0.305556 0.026403 0.211111
20 0.089109 0.527778 0.019802 0.233333
2 0.185644 0.322222 0.024752 0.222222
10 0.245875 0.544444 0.033003 0.200000
20 0.405116 0.516667 0.028053 0.233333
2 0.551155 0.222222 0.033003 0.244444
18 0.603960 0.461111 0.026403 0.122222
2 0.662541 0.483333 0.034653 0.344444
11 0.788779 0.522222 0.029703 0.577778
20 0.891089 0.550000 0.026403 0.211111
22 0.045380 0.533333 0.034653 0.266667
23 0.152640 0.466667 0.031353 0.355556
11 0.336634 0.455556 0.033003 0.622222
22 0.360561 0.527778 0.037954 0.255556
23 0.456271 0.494444 0.031353 0.433333
12 0.500000 0.405556 0.042904 0.544444
22 0.698020 0.572222 0.026403 0.233333
23 0.731023 0.505556 0.033003 0.411111
22 0.833333 0.583333 0.036304 0.277778
23 0.936469 0.516667 0.031353 0.411111
12 0.977723 0.555556 0.041254 0.600000
