18 0.140538 0.286364 0.032475 0.154545
18 0.608063 0.390909 0.024636 0.109091
2 0.696529 0.245455 0.017917 0.200000
18 0.733483 0.395455 0.029115 0.136364
10 0.846585 0.418182 0.026876 0.200000
1 0.950168 0.404545 0.034714 0.336364
27 0.033035 0.322727 0.054871 0.209091
28 0.089586 0.095455 0.029115 0.172727
1 0.202128 0.295455 0.034714 0.336364
19 0.215006 0.404545 0.011198 0.172727
4 0.248600 0.204545 0.029115 0.354545
26 0.296753 0.272727 0.033595 0.381818
2 0.339306 0.295455 0.033595 0.336364
19 0.369541 0.413636 0.013438 0.172727
4 0.402576 0.254545 0.030235 0.345455
20 0.455207 0.304545 0.021277 0.245455
2 0.505599 0.359091 0.027996 0.300000
21 0.533595 0.454545 0.012318 0.145455
29 0.558791 0.495455 0.029115 0.445455
29 0.665174 0.518182 0.029115 0.418182
29 0.784994 0.504545 0.024636 0.409091
0 0.884658 0.386364 0.013438 0.263636
26 0.914334 0.386364 0.019037 0.300000
