18 0.036471 0.464286 0.044706 0.157143
18 0.267059 0.464286 0.072941 0.157143
2 0.271765 0.257143 0.040000 0.285714
2 0.550588 0.400000 0.047059 0.342857
18 0.654118 0.450000 0.061176 0.100000
2 0.654118 0.671429 0.056471 0.342857
8 0.649412 0.221429 0.032941 0.328571
1 0.768235 0.221429 0.035294 0.242857
20 0.818824 0.414286 0.037647 0.285714
0 0.861176 0.371429 0.023529 0.314286
10 0.918824 0.421429 0.030588 0.214286
6 0.094118 0.471429 0.042353 0.314286
4 0.140000 0.457143 0.040000 0.342857
8 0.187059 0.442857 0.040000 0.371429
5 0.269412 0.721429 0.040000 0.271429
29 0.341176 0.614286 0.047059 0.485714
20 0.465882 0.507143 0.032941 0.300000
29 0.728235 0.571429 0.040000 0.485714
17 0.958824 0.364286 0.040000 0.328571
21 0.596471 0.471429 0.021176 0.142857
