18 0.103922 0.561404 0.205229 0.128655
1 0.039216 0.333333 0.054902 0.315789
5 0.055556 0.883041 0.040523 0.233918
4 0.154902 0.201754 0.035294 0.169591
6 0.169281 0.736842 0.040523 0.187135
10 0.260131 0.561404 0.039216 0.187135
11 0.482353 0.470760 0.033987 0.438596
9 0.496732 0.505848 0.047059 0.192982
12 0.658170 0.432749 0.035294 0.374269
2 0.775163 0.418129 0.041830 0.274854
18 0.843791 0.432749 0.032680 0.105263
29 0.105229 0.312865 0.027451 0.309942
27 0.114379 0.885965 0.061438 0.146199
27 0.352288 0.543860 0.058824 0.163743
28 0.400654 0.347953 0.035294 0.181287
26 0.443137 0.461988 0.041830 0.362573
25 0.543137 0.502924 0.024837 0.210526
29 0.593464 0.558480 0.041830 0.391813
13 0.724183 0.438596 0.036601 0.479532
29 0.900000 0.456140 0.040523 0.339181
14 0.960131 0.418129 0.035294 0.520468
