11 0.023881 0.545455 0.029851 0.590909
20 0.125871 0.541667 0.026866 0.219697
15 0.318905 0.511364 0.026866 0.446970
2 0.350249 0.481061 0.023881 0.250000
18 0.435323 0.465909 0.024876 0.113636
0 0.478109 0.424242 0.016915 0.303030
2 0.602488 0.306818 0.020896 0.204545
18 0.637313 0.420455 0.018905 0.083333
20 0.788060 0.367424 0.015920 0.204545
10 0.906965 0.356061 0.032836 0.136364
29 0.074129 0.621212 0.030846 0.393939
6 0.101493 0.321970 0.025871 0.234848
1 0.181095 0.481061 0.031841 0.310606
29 0.226866 0.602273 0.025871 0.401515
18 0.275124 0.465909 0.024876 0.113636
29 0.388060 0.560606 0.029851 0.333333
16 0.502488 0.443182 0.027861 0.431818
21 0.533333 0.477273 0.011940 0.136364
29 0.573632 0.511364 0.030846 0.356061
13 0.683085 0.416667 0.024876 0.560606
29 0.727861 0.477273 0.028856 0.348485
6 0.754726 0.215909 0.022886 0.204545
0 0.821891 0.333333 0.015920 0.272727
14 0.849751 0.363636 0.019900 0.651515
12 0.877114 0.367424 0.024876 0.674242
6 0.966667 0.261364 0.038806 0.295455
