11 0.124726 0.541667 0.035011 0.472222
18 0.272429 0.555556 0.037199 0.111111
1 0.332604 0.493056 0.048140 0.347222
11 0.427790 0.520833 0.037199 0.541667
20 0.540481 0.555556 0.030635 0.250000
0 0.598468 0.479167 0.024070 0.291667
19 0.620350 0.618056 0.024070 0.180556
2 0.663020 0.479167 0.039387 0.319444
12 0.722101 0.493056 0.035011 0.402778
0 0.758206 0.243056 0.015317 0.236111
4 0.820569 0.180556 0.048140 0.277778
10 0.875274 0.555556 0.048140 0.194444
1 0.950766 0.555556 0.045952 0.361111
27 0.055799 0.687500 0.072210 0.263889
28 0.200219 0.590278 0.045952 0.291667
12 0.371991 0.513889 0.043764 0.527778
28 0.483589 0.555556 0.043764 0.194444
19 0.773523 0.340278 0.024070 0.152778
