0 0.065990 0.662791 0.030457 0.325581
8 0.096447 0.627907 0.040609 0.372093
2 0.318528 0.406977 0.043147 0.255814
1 0.550761 0.418605 0.055838 0.232558
18 0.640863 0.558140 0.068528 0.139535
1 0.711929 0.459302 0.068528 0.453488
6 0.156091 0.622093 0.068528 0.430233
29 0.260152 0.715116 0.058376 0.453488
20 0.383249 0.575581 0.040609 0.267442
22 0.496193 0.622093 0.068528 0.313953
23 0.771574 0.430233 0.050761 0.488372
10 0.850254 0.546512 0.045685 0.279070
17 0.925127 0.430233 0.068528 0.418605
