18 0.131737 0.261905 0.035928 0.123810
20 0.246507 0.423810 0.037924 0.200000
1 0.329341 0.414286 0.059880 0.314286
9 0.403194 0.466667 0.059880 0.228571
18 0.475050 0.466667 0.035928 0.114286
2 0.614770 0.333333 0.035928 0.190476
20 0.667665 0.490476 0.033932 0.219048
2 0.795409 0.419048 0.041916 0.304762
10 0.878244 0.490476 0.043912 0.180952
4 0.942116 0.461905 0.051896 0.295238
27 0.058882 0.466667 0.073852 0.209524
28 0.186627 0.266667 0.049900 0.190476
29 0.546906 0.495238 0.039920 0.419048
0 0.747505 0.447619 0.029940 0.323810
