19 0.070815 0.711679 0.011159 0.211679
18 0.162661 0.558394 0.030043 0.138686
2 0.429614 0.525547 0.024893 0.350365
4 0.505579 0.529197 0.048069 0.445255
19 0.534764 0.697080 0.012017 0.211679
9 0.640773 0.226277 0.026609 0.218978
1 0.744635 0.397810 0.028326 0.299270
19 0.768240 0.474453 0.010300 0.189781
10 0.900858 0.408759 0.021459 0.175182
17 0.971245 0.375912 0.024893 0.284672
1 0.035622 0.591241 0.036910 0.350365
1 0.108584 0.554745 0.038627 0.350365
4 0.212446 0.514599 0.030043 0.343066
19 0.232189 0.671533 0.011159 0.160584
7 0.258369 0.514599 0.025751 0.357664
29 0.293991 0.693431 0.030043 0.437956
22 0.326180 0.328467 0.034335 0.204380
18 0.375536 0.583942 0.028326 0.145985
26 0.462232 0.529197 0.024893 0.430657
5 0.571245 0.518248 0.028326 0.364964
29 0.618026 0.667883 0.027468 0.474453
25 0.690558 0.496350 0.012876 0.233577
5 0.800429 0.354015 0.023176 0.328467
29 0.836052 0.536496 0.024034 0.474453
0 0.944206 0.379562 0.015451 0.291971
