11 0.016408 0.272152 0.029361 0.493671
12 0.234024 0.379747 0.022453 0.379747
11 0.316926 0.316456 0.029361 0.455696
9 0.380829 0.430380 0.046632 0.227848
18 0.453368 0.411392 0.036269 0.113924
10 0.622625 0.493671 0.043178 0.227848
2 0.706390 0.449367 0.041451 0.291139
19 0.741796 0.550633 0.025907 0.215190
1 0.786701 0.436709 0.046632 0.392405
1 0.897237 0.443038 0.053541 0.354430
27 0.056131 0.278481 0.060449 0.227848
20 0.120035 0.322785 0.032815 0.265823
28 0.183074 0.367089 0.048359 0.253165
5 0.273748 0.196203 0.029361 0.265823
29 0.509499 0.544304 0.034542 0.455696
12 0.553541 0.329114 0.039724 0.455696
26 0.848014 0.436709 0.027634 0.392405
29 0.957686 0.601266 0.046632 0.544304
