9 0.063841 0.543307 0.029622 0.299213
2 0.103166 0.370079 0.018386 0.188976
18 0.147600 0.472441 0.033708 0.094488
20 0.331461 0.500000 0.021450 0.181102
18 0.390705 0.468504 0.074566 0.102362
1 0.381512 0.673228 0.029622 0.244094
18 0.455567 0.464567 0.022472 0.078740
9 0.638917 0.456693 0.027579 0.188976
20 0.782942 0.417323 0.017365 0.157480
1 0.808989 0.452756 0.026558 0.291339
10 0.905516 0.480315 0.025536 0.157480
11 0.024515 0.484252 0.024515 0.543307
4 0.205822 0.425197 0.033708 0.330709
19 0.229316 0.562992 0.011236 0.133858
5 0.253320 0.421260 0.024515 0.307087
29 0.288560 0.547244 0.021450 0.401575
27 0.389173 0.291339 0.051073 0.220472
27 0.510725 0.440945 0.040858 0.173228
28 0.572523 0.429134 0.029622 0.149606
26 0.546476 0.425197 0.020429 0.267717
13 0.609295 0.437008 0.025536 0.574803
18 0.671093 0.437008 0.020429 0.102362
15 0.698672 0.429134 0.022472 0.307087
29 0.738509 0.511811 0.024515 0.314961
16 0.835036 0.433071 0.023493 0.330709
14 0.862104 0.429134 0.020429 0.527559
1 0.958121 0.405512 0.036772 0.322835
