18 0.224458 0.419725 0.417957 0.096330
1 0.088235 0.571101 0.024768 0.114679
18 0.133127 0.224771 0.030960 0.055046
18 0.133901 0.642202 0.032508 0.036697
1 0.184211 0.633028 0.046440 0.165138
9 0.187307 0.227064 0.052632 0.151376
9 0.225232 0.649083 0.038700 0.114679
12 0.232972 0.215596 0.026316 0.229358
1 0.273220 0.119266 0.035604 0.137615
18 0.314241 0.635321 0.027864 0.059633
2 0.401703 0.591743 0.032508 0.128440
18 0.507740 0.405963 0.046440 0.077982
18 0.760836 0.458716 0.413313 0.073394
1 0.604489 0.268349 0.047988 0.188073
9 0.660217 0.605505 0.038700 0.110092
2 0.688080 0.204128 0.029412 0.133028
18 0.699690 0.596330 0.027864 0.055046
18 0.728328 0.284404 0.035604 0.055046
0 0.740712 0.591743 0.020124 0.155963
9 0.794118 0.284404 0.052632 0.128440
20 0.788700 0.720183 0.035604 0.137615
9 0.841331 0.162844 0.038700 0.114679
1 0.845975 0.690367 0.047988 0.178899
18 0.876161 0.158257 0.021672 0.059633
9 0.055728 0.635321 0.055728 0.160550
29 0.264706 0.715596 0.037152 0.238532
29 0.366099 0.694954 0.044892 0.252294
29 0.092105 0.252294 0.041796 0.183486
29 0.613003 0.745413 0.046440 0.233945
29 0.651703 0.327982 0.037152 0.197248
29 0.902477 0.779817 0.040248 0.247706
29 0.916409 0.192661 0.040248 0.165138
11 0.066563 0.199541 0.037152 0.243119
