2 0.053279 0.572581 0.051913 0.403226
8 0.151639 0.556452 0.035519 0.403226
1 0.271858 0.395161 0.035519 0.209677
19 0.315574 0.661290 0.024590 0.225806
8 0.393443 0.508065 0.038251 0.370968
19 0.461749 0.645161 0.027322 0.225806
2 0.531421 0.491935 0.046448 0.370968
19 0.587432 0.653226 0.021858 0.177419
20 0.737705 0.411290 0.032787 0.306452
4 0.796448 0.419355 0.057377 0.387097
6 0.099727 0.540323 0.046448 0.467742
29 0.224044 0.677419 0.043716 0.451613
6 0.627049 0.451613 0.040984 0.387097
10 0.872951 0.508065 0.057377 0.241935
17 0.928962 0.403226 0.054645 0.451613
