18 0.178178 0.468023 0.342342 0.133721
21 0.079580 0.758721 0.007007 0.087209
18 0.117618 0.229651 0.027027 0.098837
2 0.163163 0.206395 0.028028 0.203488
18 0.171672 0.750000 0.021021 0.081395
2 0.215716 0.732558 0.023023 0.186047
20 0.237738 0.238372 0.021021 0.162791
1 0.283784 0.741279 0.033033 0.226744
10 0.383383 0.456395 0.026026 0.145349
18 0.542042 0.444767 0.275275 0.133721
2 0.451451 0.252907 0.024024 0.226744
1 0.516517 0.255814 0.034034 0.209302
20 0.559059 0.276163 0.017017 0.133721
18 0.615115 0.779070 0.021021 0.093023
7 0.647147 0.718023 0.023023 0.215116
20 0.711712 0.401163 0.018018 0.174419
2 0.811311 0.377907 0.025025 0.197674
18 0.842342 0.360465 0.023023 0.093023
1 0.883884 0.372093 0.038038 0.220930
19 0.913413 0.421512 0.011011 0.110465
4 0.942442 0.348837 0.021021 0.197674
14 0.976476 0.392442 0.025025 0.482558
29 0.042543 0.290698 0.021021 0.290698
29 0.078579 0.151163 0.017017 0.151163
29 0.199700 0.302326 0.021021 0.279070
29 0.121121 0.799419 0.032032 0.261628
1 0.271271 0.218023 0.026026 0.215116
19 0.289289 0.290698 0.010010 0.104651
4 0.319319 0.188953 0.034034 0.250000
4 0.058058 0.712209 0.038038 0.215116
26 0.244745 0.744186 0.031031 0.244186
25 0.476977 0.284884 0.015015 0.127907
24 0.593093 0.296512 0.025025 0.174419
29 0.443443 0.845930 0.024024 0.308140
29 0.471972 0.709302 0.021021 0.209302
29 0.554054 0.843023 0.025025 0.267442
20 0.512513 0.767442 0.020020 0.162791
6 0.584084 0.665698 0.027027 0.191860
13 0.763263 0.430233 0.031031 0.476744
