18 0.125637 0.342949 0.030560 0.070513
8 0.174873 0.285256 0.033956 0.250000
20 0.244482 0.522436 0.044143 0.173077
18 0.412564 0.246795 0.033956 0.070513
6 0.466044 0.214744 0.045840 0.211538
18 0.528014 0.442308 0.047538 0.115385
10 0.780985 0.445513 0.050934 0.173077
1 0.867572 0.368590 0.054329 0.301282
27 0.071307 0.538462 0.071307 0.166667
28 0.361630 0.496795 0.064516 0.173077
28 0.691002 0.243590 0.047538 0.153846
29 0.612903 0.538462 0.061121 0.358974
29 0.930390 0.516026 0.064516 0.391026
