18 0.044355 0.483607 0.037097 0.065574
1 0.103226 0.663934 0.054839 0.327869
0 0.113710 0.311475 0.020968 0.262295
18 0.193548 0.495902 0.045161 0.106557
18 0.284677 0.495902 0.075806 0.106557
2 0.288710 0.713115 0.058065 0.278689
1 0.281452 0.323770 0.040323 0.254098
18 0.358065 0.508197 0.038710 0.098361
18 0.431452 0.495902 0.056452 0.090164
3 0.429839 0.737705 0.040323 0.327869
2 0.433065 0.340164 0.040323 0.237705
18 0.540323 0.508197 0.025806 0.081967
18 0.595968 0.528689 0.059677 0.106557
20 0.672581 0.528689 0.025806 0.204918
10 0.899194 0.516393 0.040323 0.180328
17 0.965323 0.463115 0.043548 0.270492
18 0.101613 0.520492 0.054839 0.122951
29 0.487097 0.598361 0.038710 0.344262
4 0.601613 0.315574 0.048387 0.254098
29 0.599194 0.745902 0.043548 0.311475
29 0.740323 0.553279 0.045161 0.368852
1 0.813710 0.520492 0.059677 0.237705
25 0.781452 0.471311 0.011290 0.155738
