18 0.181380 0.554795 0.032103 0.205479
11 0.847512 0.369863 0.035313 0.630137
9 0.886035 0.404110 0.041734 0.342466
18 0.925361 0.404110 0.020867 0.150685
12 0.980738 0.479452 0.022472 0.520548
1 0.029695 0.500000 0.036918 0.452055
1 0.457464 0.417808 0.041734 0.506849
2 0.505618 0.410959 0.044944 0.438356
29 0.952648 0.561644 0.027287 0.438356
10 0.797753 0.376712 0.038523 0.315068
27 0.741573 0.335616 0.054575 0.287671
20 0.676565 0.349315 0.027287 0.342466
29 0.621990 0.534247 0.043339 0.575342
6 0.556180 0.390411 0.046549 0.452055
20 0.388443 0.520548 0.035313 0.301370
27 0.328250 0.321918 0.040128 0.232877
27 0.077047 0.561644 0.051364 0.273973
28 0.120385 0.363014 0.038523 0.232877
6 0.239968 0.493151 0.033708 0.493151
28 0.282504 0.568493 0.038523 0.260274
