18 0.262295 0.526012 0.459016 0.104046
9 0.170960 0.326590 0.074941 0.121387
18 0.266979 0.696532 0.060890 0.063584
20 0.270492 0.326590 0.039813 0.121387
1 0.361827 0.315029 0.063232 0.190751
10 0.571429 0.546243 0.042155 0.121387
18 0.814988 0.569364 0.299766 0.109827
9 0.738876 0.728324 0.072600 0.138728
9 0.737705 0.378613 0.060890 0.132948
18 0.812646 0.361272 0.042155 0.075145
0 0.101874 0.291908 0.030445 0.190751
9 0.174473 0.699422 0.081967 0.150289
29 0.365340 0.751445 0.074941 0.265896
29 0.425059 0.378613 0.053864 0.248555
29 0.894614 0.381503 0.084309 0.219653
29 0.900468 0.791908 0.072600 0.265896
20 0.831382 0.699422 0.042155 0.127168
