8 0.463805 0.622642 0.028620 0.320755
5 0.615320 0.584906 0.045455 0.396226
1 0.679293 0.556604 0.048822 0.377358
2 0.737374 0.641509 0.037037 0.320755
10 0.884680 0.665094 0.042088 0.216981
17 0.951178 0.542453 0.040404 0.367925
6 0.055556 0.570755 0.040404 0.349057
1 0.103535 0.528302 0.052189 0.358491
0 0.154882 0.528302 0.030303 0.339623
17 0.196970 0.537736 0.040404 0.320755
8 0.266835 0.575472 0.038721 0.320755
6 0.345960 0.594340 0.045455 0.301887
21 0.395623 0.669811 0.020202 0.132075
7 0.504209 0.575472 0.035354 0.320755
6 0.567340 0.589623 0.053872 0.330189
9 0.807239 0.655660 0.069024 0.273585
