15 0.039318 0.522222 0.034125 0.466667
1 0.099407 0.544444 0.041543 0.377778
2 0.288576 0.561111 0.034125 0.366667
1 0.477745 0.555556 0.044510 0.377778
16 0.529674 0.550000 0.020772 0.411111
15 0.566766 0.561111 0.032641 0.388889
2 0.610534 0.555556 0.034125 0.333333
18 0.652077 0.555556 0.031157 0.111111
1 0.785608 0.605556 0.040059 0.322222
16 0.834570 0.583333 0.028190 0.366667
10 0.893175 0.633333 0.020772 0.177778
17 0.948071 0.550000 0.035608 0.300000
6 0.145401 0.544444 0.035608 0.311111
8 0.183976 0.533333 0.035608 0.377778
25 0.228487 0.616667 0.011869 0.233333
6 0.324926 0.566667 0.032641 0.311111
8 0.372404 0.522222 0.032641 0.311111
25 0.427300 0.583333 0.020772 0.211111
0 0.692878 0.583333 0.026706 0.322222
26 0.745549 0.583333 0.037092 0.322222
