18 0.132633 0.401361 0.015015 0.081633
20 0.276276 0.431973 0.022022 0.238095
1 0.333333 0.411565 0.036036 0.265306
9 0.416917 0.459184 0.031031 0.197279
20 0.449449 0.442177 0.020020 0.149660
18 0.552553 0.411565 0.022022 0.102041
1 0.596597 0.401361 0.032032 0.231293
2 0.657157 0.438776 0.025025 0.238095
18 0.854855 0.411565 0.070070 0.088435
8 0.851351 0.608844 0.031031 0.278912
10 0.932933 0.448980 0.026026 0.149660
13 0.034034 0.438776 0.024024 0.455782
14 0.228228 0.469388 0.022022 0.503401
27 0.084585 0.411565 0.039039 0.197279
28 0.179179 0.401361 0.028028 0.163265
13 0.379379 0.421769 0.028028 0.435374
29 0.483984 0.523810 0.025025 0.353741
14 0.507508 0.421769 0.018018 0.476190
26 0.622623 0.431973 0.026026 0.265306
20 0.692192 0.438776 0.017017 0.156463
4 0.741742 0.411565 0.028028 0.238095
19 0.755255 0.534014 0.015015 0.142857
5 0.779279 0.411565 0.029029 0.251701
21 0.809309 0.469388 0.013013 0.095238
6 0.851351 0.224490 0.033033 0.217687
29 0.975976 0.517007 0.022022 0.380952
