2 0.070191 0.427835 0.025997 0.216495
18 0.093588 0.587629 0.031196 0.103093
2 0.182842 0.402062 0.029463 0.268041
10 0.246101 0.597938 0.038128 0.226804
11 0.331023 0.520619 0.034662 0.587629
18 0.412478 0.603093 0.034662 0.134021
2 0.523397 0.376289 0.020797 0.278351
20 0.558925 0.592784 0.036395 0.319588
2 0.628250 0.561856 0.036395 0.319588
1 0.702773 0.494845 0.022530 0.185567
18 0.792894 0.592784 0.029463 0.154639
2 0.848354 0.592784 0.039861 0.340206
1 0.975737 0.448454 0.045061 0.237113
22 0.043328 0.623711 0.038128 0.216495
22 0.373484 0.613402 0.039861 0.216495
23 0.461872 0.520619 0.032929 0.402062
23 0.149047 0.530928 0.031196 0.340206
22 0.662045 0.623711 0.038128 0.216495
23 0.742634 0.546392 0.036395 0.412371
22 0.891681 0.613402 0.039861 0.257732
23 0.937608 0.525773 0.034662 0.474227
12 0.487868 0.530928 0.032929 0.484536
