11 0.064815 0.535000 0.021886 0.370000
1 0.117845 0.535000 0.037037 0.350000
20 0.219697 0.545000 0.025253 0.230000
12 0.293771 0.480000 0.025253 0.460000
1 0.444444 0.425000 0.043771 0.330000
9 0.495791 0.480000 0.042088 0.260000
2 0.526936 0.265000 0.030303 0.270000
18 0.582492 0.410000 0.040404 0.120000
1 0.637205 0.330000 0.042088 0.400000
10 0.760943 0.480000 0.040404 0.240000
15 0.031987 0.515000 0.037037 0.470000
29 0.169192 0.650000 0.035354 0.400000
0 0.262626 0.515000 0.026936 0.290000
16 0.331650 0.450000 0.040404 0.480000
13 0.399832 0.475000 0.031987 0.610000
14 0.697811 0.410000 0.042088 0.680000
1 0.835017 0.405000 0.053872 0.450000
29 0.902357 0.560000 0.050505 0.560000
9 0.957912 0.245000 0.053872 0.290000
