11 0.010204 0.370079 0.018465 0.377953
9 0.034014 0.374016 0.029155 0.165354
20 0.065598 0.350394 0.016521 0.165354
12 0.119534 0.350394 0.017493 0.338583
10 0.165209 0.405512 0.021380 0.149606
3 0.350340 0.413386 0.012634 0.165354
20 0.419339 0.500000 0.012634 0.133858
17 0.464529 0.492126 0.019436 0.212598
2 0.505831 0.421260 0.010690 0.149606
2 0.557337 0.429134 0.020408 0.165354
20 0.599611 0.507874 0.013605 0.133858
2 0.688047 0.405512 0.011662 0.165354
2 0.731778 0.417323 0.019436 0.157480
20 0.762877 0.515748 0.015549 0.133858
29 0.092323 0.425197 0.019436 0.362205
4 0.147716 0.153543 0.019436 0.165354
4 0.241983 0.287402 0.015549 0.181102
9 0.218659 0.393701 0.031098 0.204724
20 0.268222 0.437008 0.017493 0.133858
4 0.309524 0.440945 0.028183 0.236220
9 0.336735 0.500000 0.024295 0.149606
29 0.378523 0.598425 0.016521 0.346457
0 0.449466 0.492126 0.006803 0.196850
9 0.491740 0.519685 0.021380 0.173228
29 0.533042 0.586614 0.020408 0.322835
0 0.622935 0.507874 0.015549 0.165354
17 0.637512 0.480315 0.019436 0.204724
9 0.662779 0.543307 0.023324 0.141732
29 0.709427 0.586614 0.021380 0.322835
4 0.799806 0.464567 0.027211 0.220472
9 0.826531 0.484252 0.022352 0.149606
29 0.850340 0.566929 0.019436 0.377953
29 0.944121 0.531496 0.022352 0.370079
3 0.874150 0.385827 0.014577 0.173228
20 0.911565 0.433071 0.015549 0.157480
4 0.974733 0.330709 0.027211 0.220472
