2 0.030732 0.527273 0.028293 0.345455
20 0.151707 0.527273 0.022439 0.236364
10 0.332195 0.540909 0.026341 0.190909
6 0.380976 0.450000 0.030244 0.372727
18 0.494634 0.472727 0.033171 0.181818
20 0.640488 0.495455 0.018537 0.227273
18 0.726829 0.427273 0.027317 0.145455
20 0.800976 0.436364 0.023415 0.200000
18 0.913171 0.395455 0.019512 0.136364
26 0.062927 0.518182 0.024390 0.345455
1 0.095610 0.504545 0.031220 0.336364
4 0.211220 0.472727 0.032195 0.290909
25 0.243415 0.522727 0.018537 0.245455
5 0.291707 0.440909 0.031220 0.372727
9 0.420976 0.500000 0.041951 0.290909
7 0.453171 0.281818 0.022439 0.236364
1 0.540976 0.440909 0.030244 0.354545
29 0.576098 0.568182 0.028293 0.409091
7 0.602439 0.281818 0.020488 0.272727
22 0.685854 0.463636 0.027317 0.218182
23 0.759512 0.409091 0.024390 0.345455
13 0.843415 0.445455 0.026341 0.600000
9 0.877073 0.418182 0.029268 0.236364
29 0.949756 0.527273 0.024390 0.436364
14 0.980000 0.404545 0.022439 0.645455
