15 0.052950 0.544118 0.036309 0.460784
1 0.106657 0.514706 0.037821 0.323529
18 0.199697 0.558824 0.033283 0.117647
9 0.252648 0.568627 0.036309 0.235294
1 0.468230 0.392157 0.031770 0.215686
18 0.524206 0.558824 0.040847 0.098039
2 0.611952 0.392157 0.034796 0.254902
12 0.659607 0.563725 0.036309 0.500000
10 0.740545 0.632353 0.049924 0.245098
18 0.893343 0.642157 0.037821 0.107843
12 0.958396 0.578431 0.022693 0.490196
29 0.149017 0.593137 0.031770 0.343137
29 0.297277 0.357843 0.034796 0.284314
16 0.335098 0.450980 0.028744 0.411765
11 0.381241 0.519608 0.039334 0.411765
24 0.439486 0.553922 0.034796 0.225490
22 0.578669 0.573529 0.037821 0.225490
11 0.800303 0.602941 0.036309 0.441176
24 0.847958 0.656863 0.031770 0.215686
23 0.928896 0.593137 0.027231 0.343137
2 0.979576 0.406863 0.025719 0.225490
