20 0.265411 0.559211 0.030822 0.328947
20 0.431507 0.480263 0.030822 0.302632
18 0.588185 0.355263 0.035959 0.184211
8 0.676370 0.309211 0.041096 0.539474
20 0.775685 0.342105 0.030822 0.447368
1 0.827055 0.269737 0.037671 0.513158
25 0.874144 0.250000 0.022260 0.447368
27 0.051370 0.677632 0.061644 0.328947
28 0.202055 0.559211 0.051370 0.302632
2 0.920377 0.197368 0.032534 0.368421
10 0.957192 0.197368 0.030822 0.236842
17 0.982877 0.184211 0.034247 0.342105
24 0.508562 0.401316 0.041096 0.381579
20 0.122432 0.664474 0.025685 0.328947
22 0.357021 0.532895 0.039384 0.381579
