18 0.377184 0.482517 0.024272 0.111888
20 0.488350 0.426573 0.017476 0.195804
18 0.660194 0.391608 0.060194 0.069930
1 0.655825 0.590909 0.033981 0.300699
0 0.661650 0.199301 0.016505 0.258741
21 0.697087 0.426573 0.011650 0.111888
18 0.798544 0.402098 0.028155 0.076923
1 0.855340 0.307692 0.040777 0.293706
10 0.904369 0.374126 0.028155 0.160839
13 0.033010 0.590909 0.033010 0.594406
9 0.079126 0.541958 0.032039 0.230769
18 0.135922 0.513986 0.023301 0.118881
29 0.183495 0.611888 0.029126 0.426573
14 0.218932 0.531469 0.024272 0.615385
21 0.244175 0.545455 0.016505 0.139860
15 0.288835 0.506993 0.035922 0.370629
29 0.332039 0.590909 0.029126 0.356643
22 0.418932 0.486014 0.030097 0.216783
6 0.451942 0.279720 0.035922 0.209790
7 0.531068 0.395105 0.025243 0.300699
16 0.561165 0.433566 0.033010 0.377622
21 0.605825 0.451049 0.015534 0.146853
29 0.729126 0.486014 0.038835 0.384615
4 0.965049 0.356643 0.036893 0.349650
