2 0.090090 0.350467 0.043243 0.327103
18 0.247748 0.331776 0.048649 0.140187
2 0.371171 0.186916 0.032432 0.242991
18 0.549550 0.271028 0.039640 0.112150
12 0.631532 0.308411 0.030631 0.429907
10 0.757658 0.369159 0.055856 0.196262
13 0.036937 0.383178 0.041441 0.598131
1 0.140541 0.378505 0.046847 0.308411
0 0.192793 0.336449 0.028829 0.299065
29 0.328829 0.457944 0.037838 0.411215
11 0.430631 0.271028 0.039640 0.336449
9 0.494595 0.308411 0.063063 0.205607
0 0.603604 0.294393 0.025225 0.289720
14 0.675676 0.331776 0.039640 0.626168
4 0.865766 0.294393 0.066667 0.364486
29 0.947748 0.439252 0.061261 0.485981
