21 0.075540 0.713483 0.011990 0.168539
1 0.124700 0.595506 0.035971 0.359551
21 0.172662 0.679775 0.014388 0.146067
2 0.209832 0.589888 0.035971 0.348315
21 0.262590 0.713483 0.011990 0.123596
3 0.307554 0.578652 0.027578 0.348315
7 0.464628 0.500000 0.025180 0.370787
8 0.546763 0.505618 0.023981 0.382022
10 0.604317 0.578652 0.026379 0.168539
2 0.660072 0.471910 0.029976 0.382022
1 0.800959 0.275281 0.021583 0.235955
20 0.913070 0.404494 0.025180 0.269663
6 0.038369 0.606742 0.038369 0.426966
21 0.342926 0.691011 0.014388 0.146067
6 0.392686 0.550562 0.032374 0.404494
21 0.437050 0.702247 0.017986 0.146067
21 0.509592 0.623596 0.016787 0.123596
5 0.690647 0.443820 0.028777 0.348315
4 0.720624 0.443820 0.031175 0.393258
29 0.767986 0.617978 0.029976 0.404494
20 0.830935 0.516854 0.023981 0.269663
0 0.859712 0.410112 0.011990 0.348315
4 0.960432 0.421348 0.055156 0.370787
