11 0.035000 0.646067 0.034000 0.528090
18 0.231000 0.617978 0.050000 0.112360
2 0.289000 0.589888 0.054000 0.438202
0 0.389000 0.556180 0.022000 0.325843
1 0.642000 0.460674 0.060000 0.382022
12 0.843000 0.415730 0.030000 0.539326
10 0.914000 0.500000 0.040000 0.213483
17 0.967000 0.382022 0.030000 0.337079
1 0.344000 0.561798 0.064000 0.382022
27 0.114000 0.713483 0.068000 0.235955
28 0.170000 0.477528 0.036000 0.235955
9 0.455000 0.584270 0.062000 0.269663
27 0.516000 0.303371 0.064000 0.157303
18 0.590000 0.477528 0.032000 0.191011
10 0.717000 0.522472 0.046000 0.235955
17 0.789000 0.432584 0.042000 0.325843
