1 0.099338 0.463158 0.036424 0.231579
20 0.161424 0.626316 0.031457 0.263158
1 0.301325 0.426316 0.026490 0.200000
4 0.500828 0.294737 0.048013 0.273684
19 0.648179 0.684211 0.014901 0.189474
4 0.688742 0.526316 0.036424 0.400000
5 0.720199 0.552632 0.046358 0.347368
10 0.889901 0.652632 0.041391 0.189474
17 0.956954 0.563158 0.039735 0.305263
24 0.054636 0.694737 0.043046 0.273684
23 0.254967 0.563158 0.036424 0.368421
20 0.353477 0.594737 0.028146 0.242105
24 0.447020 0.584211 0.039735 0.242105
18 0.558775 0.526316 0.028146 0.105263
1 0.617550 0.526316 0.052980 0.336842
6 0.764901 0.552632 0.039735 0.305263
24 0.828642 0.605263 0.048013 0.284211
