18 0.264516 0.531646 0.455914 0.139241
9 0.162366 0.281646 0.075269 0.208861
20 0.264516 0.278481 0.038710 0.151899
18 0.265591 0.718354 0.058065 0.082278
1 0.359140 0.253165 0.055914 0.215190
10 0.573118 0.496835 0.049462 0.132911
18 0.801075 0.458861 0.286022 0.183544
9 0.735484 0.670886 0.073118 0.164557
18 0.800000 0.212025 0.038710 0.094937
0 0.097849 0.265823 0.036559 0.215190
9 0.172043 0.746835 0.081720 0.202532
29 0.369892 0.778481 0.073118 0.329114
29 0.419355 0.316456 0.064516 0.278481
9 0.724731 0.259494 0.064516 0.151899
20 0.821505 0.617089 0.043011 0.158228
29 0.889247 0.693038 0.066667 0.310127
29 0.875269 0.224684 0.081720 0.246835
