11 0.038143 0.500000 0.029851 0.558140
1 0.087894 0.482558 0.043118 0.430233
0 0.131841 0.453488 0.018242 0.302326
1 0.275290 0.313953 0.029851 0.232558
20 0.330846 0.494186 0.031509 0.220930
2 0.720564 0.302326 0.021559 0.232558
20 0.764511 0.482558 0.026534 0.290698
8 0.821725 0.430233 0.034826 0.395349
12 0.866501 0.453488 0.034826 0.558140
10 0.906302 0.558140 0.031509 0.232558
6 0.175788 0.430233 0.039801 0.325581
29 0.229685 0.604651 0.034826 0.441860
4 0.393035 0.436047 0.049751 0.337209
12 0.446103 0.406977 0.039801 0.581395
11 0.490879 0.377907 0.026534 0.569767
0 0.529851 0.430233 0.018242 0.325581
8 0.557214 0.430233 0.026534 0.325581
19 0.582919 0.587209 0.021559 0.174419
6 0.627695 0.436047 0.044776 0.313953
29 0.680763 0.633721 0.034826 0.500000
8 0.946103 0.465116 0.031509 0.395349
