18 0.173239 0.118182 0.042254 0.127273
20 0.292958 0.436364 0.045070 0.363636
1 0.380282 0.345455 0.061972 0.436364
2 0.495775 0.254545 0.050704 0.290909
20 0.554930 0.400000 0.039437 0.363636
1 0.719718 0.463636 0.059155 0.418182
10 0.814085 0.454545 0.061972 0.290909
27 0.045070 0.445455 0.073239 0.272727
28 0.118310 0.154545 0.050704 0.272727
27 0.221127 0.136364 0.070423 0.236364
29 0.438028 0.554545 0.053521 0.563636
0 0.618310 0.345455 0.025352 0.436364
26 0.663380 0.354545 0.064789 0.490909
4 0.901408 0.336364 0.067606 0.527273
