10 0.823049 0.458333 0.045372 0.305556
22 0.042650 0.736111 0.045372 0.361111
1 0.107985 0.645833 0.052632 0.458333
22 0.197822 0.618056 0.047187 0.291667
2 0.258621 0.541667 0.049002 0.444444
22 0.325771 0.597222 0.045372 0.361111
3 0.391107 0.500000 0.038113 0.444444
22 0.456443 0.562500 0.045372 0.263889
4 0.521779 0.423611 0.059891 0.541667
22 0.571688 0.506944 0.043557 0.319444
5 0.622505 0.388889 0.039927 0.527778
22 0.682396 0.479167 0.039927 0.319444
6 0.737750 0.368056 0.059891 0.513889
22 0.895644 0.395833 0.049002 0.375000
7 0.950091 0.298611 0.041742 0.513889
