0 0.041276 0.500000 0.026266 0.302752
1 0.254221 0.307339 0.031895 0.229358
20 0.325516 0.495413 0.043152 0.238532
2 0.423077 0.467890 0.054409 0.385321
1 0.469981 0.458716 0.050657 0.366972
1 0.638837 0.288991 0.046904 0.229358
10 0.706379 0.522936 0.054409 0.238532
4 0.794559 0.403670 0.054409 0.348624
8 0.879925 0.444954 0.045028 0.357798
19 0.902439 0.610092 0.022514 0.192661
1 0.955910 0.435780 0.065666 0.412844
4 0.088180 0.486239 0.048780 0.311927
8 0.136023 0.463303 0.043152 0.357798
29 0.194184 0.614679 0.054409 0.495413
0 0.515009 0.463303 0.016886 0.302752
29 0.576923 0.628440 0.043152 0.412844
5 0.835835 0.408257 0.043152 0.376147
