1 0.034602 0.486842 0.044983 0.447368
9 0.095156 0.552632 0.044983 0.394737
11 0.151384 0.493421 0.032872 0.802632
18 0.313149 0.519737 0.031142 0.144737
2 0.400519 0.486842 0.036332 0.447368
20 0.494810 0.532895 0.024221 0.197368
8 0.531142 0.519737 0.031142 0.381579
1 0.692907 0.381579 0.029412 0.236842
20 0.727509 0.506579 0.025952 0.250000
10 0.912630 0.559211 0.036332 0.223684
17 0.965398 0.486842 0.034602 0.394737
2 0.197232 0.467105 0.038062 0.434211
2 0.615052 0.486842 0.036332 0.342105
29 0.248270 0.684211 0.046713 0.500000
29 0.653979 0.605263 0.031142 0.447368
22 0.445502 0.552632 0.036332 0.236842
0 0.754325 0.447368 0.017301 0.289474
15 0.361592 0.480263 0.031142 0.460526
13 0.576125 0.519737 0.031142 0.618421
14 0.793253 0.480263 0.029412 0.697368
16 0.820934 0.467105 0.029412 0.486842
12 0.861592 0.440789 0.034602 0.802632
