2 0.051331 0.531250 0.053232 0.437500
19 0.091255 0.743750 0.022814 0.237500
3 0.138783 0.531250 0.041825 0.387500
20 0.281369 0.587500 0.030418 0.325000
19 0.428707 0.662500 0.024715 0.250000
10 0.642586 0.468750 0.030418 0.212500
1 0.855513 0.343750 0.064639 0.362500
1 0.959125 0.306250 0.039924 0.237500
29 0.197719 0.750000 0.041825 0.500000
4 0.374525 0.481250 0.060837 0.437500
5 0.476236 0.437500 0.047529 0.450000
9 0.560837 0.481250 0.076046 0.337500
4 0.722433 0.356250 0.053232 0.387500
25 0.780418 0.425000 0.024715 0.300000
9 0.915399 0.437500 0.058935 0.350000
