0 0.056367 0.687500 0.025052 0.375000
1 0.100209 0.680556 0.050104 0.444444
2 0.153445 0.666667 0.039666 0.388889
1 0.278706 0.430556 0.022965 0.222222
20 0.356994 0.618056 0.029228 0.347222
2 0.482255 0.368056 0.033403 0.263889
18 0.543841 0.576389 0.031315 0.152778
10 0.718163 0.555556 0.033403 0.222222
2 0.791232 0.465278 0.050104 0.347222
1 0.968685 0.145833 0.033403 0.263889
29 0.232777 0.743056 0.052192 0.458333
29 0.436326 0.715278 0.045929 0.569444
29 0.606472 0.680556 0.043841 0.555556
6 0.646138 0.277778 0.043841 0.305556
8 0.837161 0.423611 0.033403 0.430556
6 0.877871 0.388889 0.039666 0.388889
9 0.937370 0.416667 0.050104 0.305556
