1 0.111542 0.625000 0.034918 0.430000
20 0.174103 0.625000 0.024248 0.330000
3 0.292919 0.615000 0.025218 0.430000
10 0.352570 0.660000 0.024248 0.180000
2 0.494665 0.560000 0.029098 0.380000
9 0.538797 0.680000 0.032008 0.340000
3 0.602328 0.615000 0.032978 0.490000
10 0.677983 0.630000 0.031038 0.260000
20 0.814258 0.415000 0.022308 0.350000
10 0.908341 0.460000 0.028128 0.300000
28 0.023278 0.735000 0.032978 0.310000
25 0.068865 0.685000 0.017459 0.310000
2 0.221145 0.605000 0.027158 0.370000
25 0.254122 0.660000 0.015519 0.300000
1 0.410281 0.595000 0.032978 0.390000
21 0.451018 0.685000 0.015519 0.210000
29 0.762852 0.535000 0.032008 0.570000
4 0.861300 0.295000 0.032978 0.550000
5 0.964113 0.285000 0.032978 0.530000
