0 0.032231 0.474684 0.021488 0.392405
1 0.068595 0.487342 0.044628 0.443038
2 0.126446 0.443038 0.041322 0.405063
20 0.275207 0.512658 0.024793 0.316456
2 0.362810 0.474684 0.041322 0.367089
9 0.504959 0.455696 0.051240 0.303797
10 0.570248 0.481013 0.033058 0.253165
4 0.669421 0.417722 0.039669 0.455696
9 0.826446 0.417722 0.042975 0.329114
20 0.875207 0.430380 0.024793 0.354430
29 0.179339 0.645570 0.038017 0.556962
1 0.404132 0.436709 0.041322 0.392405
0 0.452893 0.386076 0.016529 0.417722
5 0.711570 0.367089 0.034711 0.405063
6 0.755372 0.379747 0.029752 0.430380
4 0.936364 0.348101 0.041322 0.443038
