0 0.032075 0.563291 0.026415 0.392405
19 0.203774 0.778481 0.022642 0.265823
1 0.275472 0.500000 0.052830 0.392405
19 0.446226 0.740506 0.028302 0.291139
2 0.522642 0.487342 0.045283 0.392405
19 0.650943 0.607595 0.026415 0.278481
2 0.783019 0.392405 0.037736 0.354430
10 0.899057 0.379747 0.032075 0.227848
8 0.072642 0.569620 0.035849 0.379747
8 0.111321 0.556962 0.030189 0.379747
7 0.153774 0.550633 0.043396 0.443038
17 0.325472 0.481013 0.035849 0.329114
0 0.358491 0.436709 0.022642 0.392405
8 0.386792 0.474684 0.041509 0.468354
1 0.575472 0.430380 0.045283 0.379747
0 0.615094 0.386076 0.026415 0.392405
13 0.730189 0.398734 0.045283 0.696203
14 0.832075 0.392405 0.041509 0.734177
17 0.958491 0.265823 0.041509 0.430380
