18 0.038136 0.297521 0.042373 0.082645
1 0.028602 0.504132 0.042373 0.280992
2 0.194915 0.190083 0.023305 0.198347
20 0.243644 0.351240 0.023305 0.206612
18 0.384534 0.388430 0.226695 0.148760
2 0.311441 0.173554 0.027542 0.280992
18 0.344280 0.177686 0.019068 0.107438
24 0.423729 0.173554 0.023305 0.214876
18 0.429555 0.690083 0.026483 0.107438
15 0.816208 0.404959 0.028602 0.429752
18 0.904661 0.404959 0.029661 0.099174
0 0.039725 0.136364 0.015890 0.239669
24 0.093750 0.330579 0.028602 0.214876
26 0.129237 0.297521 0.029661 0.363636
24 0.165784 0.367769 0.026483 0.239669
1 0.387712 0.157025 0.042373 0.280992
2 0.301907 0.694215 0.029661 0.264463
19 0.319386 0.834711 0.013771 0.132231
1 0.345339 0.673554 0.027542 0.256198
27 0.388242 0.710744 0.037076 0.181818
28 0.464513 0.694215 0.026483 0.181818
20 0.539195 0.371901 0.021186 0.198347
13 0.591631 0.442149 0.032839 0.504132
27 0.634534 0.404959 0.040254 0.198347
28 0.716631 0.409091 0.037076 0.140496
26 0.682203 0.367769 0.019068 0.256198
14 0.760064 0.446281 0.024364 0.545455
21 0.788665 0.425620 0.009534 0.107438
27 0.860699 0.404959 0.039195 0.198347
28 0.947564 0.404959 0.030720 0.165289
16 0.976695 0.425620 0.029661 0.388430
