18 0.149007 0.431507 0.293598 0.109589
20 0.134658 0.712329 0.039735 0.150685
18 0.178808 0.164384 0.030905 0.054795
18 0.389625 0.404110 0.046358 0.095890
18 0.581678 0.400685 0.320088 0.130137
1 0.492274 0.263699 0.066225 0.226027
18 0.567329 0.702055 0.044150 0.089041
20 0.609272 0.222603 0.030905 0.157534
2 0.653422 0.219178 0.035320 0.232877
6 0.693157 0.582192 0.052980 0.150685
2 0.733996 0.154110 0.037528 0.130137
10 0.791391 0.410959 0.037528 0.150685
1 0.863135 0.393836 0.044150 0.212329
2 0.962472 0.311644 0.035320 0.171233
9 0.037528 0.743151 0.061810 0.171233
9 0.221854 0.181507 0.046358 0.102740
27 0.086093 0.613014 0.048565 0.116438
27 0.077263 0.291096 0.061810 0.130137
28 0.260486 0.613014 0.048565 0.130137
29 0.206402 0.770548 0.050773 0.280822
28 0.143488 0.174658 0.039735 0.089041
27 0.483444 0.736301 0.070640 0.157534
29 0.640177 0.773973 0.061810 0.246575
29 0.693157 0.311644 0.030905 0.212329
29 0.559603 0.260274 0.037528 0.219178
29 0.920530 0.482877 0.039735 0.267123
