2 0.298831 0.543269 0.056761 0.375000
18 0.397329 0.288462 0.026711 0.134615
2 0.433222 0.302885 0.031720 0.298077
10 0.572621 0.610577 0.053422 0.221154
2 0.951586 0.201923 0.033389 0.269231
28 0.071786 0.625000 0.063439 0.250000
7 0.143573 0.302885 0.056761 0.298077
18 0.196160 0.528846 0.048414 0.153846
7 0.360601 0.293269 0.040067 0.240385
29 0.490818 0.375000 0.070117 0.326923
6 0.702838 0.509615 0.056761 0.365385
7 0.753756 0.490385 0.035058 0.346154
8 0.805509 0.451923 0.045075 0.326923
29 0.888147 0.538462 0.050083 0.519231
