2 0.160000 0.606667 0.044000 0.226667
19 0.201000 0.743333 0.030000 0.126667
1 0.273000 0.610000 0.062000 0.300000
5 0.409000 0.423333 0.034000 0.220000
18 0.482000 0.566667 0.048000 0.093333
4 0.574000 0.506667 0.060000 0.280000
10 0.750000 0.570000 0.044000 0.140000
11 0.805000 0.533333 0.042000 0.600000
18 0.857000 0.493333 0.078000 0.080000
1 0.866000 0.693333 0.076000 0.306667
12 0.938000 0.530000 0.048000 0.660000
0 0.858000 0.340000 0.028000 0.186667
8 0.979000 0.180000 0.042000 0.280000
14 0.649000 0.553333 0.050000 0.586667
29 0.368000 0.666667 0.048000 0.306667
13 0.051000 0.643333 0.058000 0.660000
