1 0.081978 0.672973 0.055556 0.275676
9 0.140921 0.467568 0.046070 0.156757
6 0.189024 0.243243 0.039295 0.151351
20 0.363144 0.210811 0.027100 0.118919
18 0.489160 0.613514 0.059621 0.081081
2 0.576558 0.529730 0.044715 0.281081
20 0.693089 0.548649 0.031165 0.156757
0 0.766260 0.483784 0.023035 0.221622
10 0.842818 0.535135 0.037940 0.140541
4 0.915989 0.462162 0.048780 0.297297
18 0.229675 0.229730 0.023035 0.070270
1 0.265583 0.218919 0.040650 0.189189
9 0.312331 0.240541 0.039295 0.135135
4 0.405827 0.178378 0.042005 0.183784
29 0.628049 0.675676 0.050136 0.367568
