18 0.100511 0.500000 0.023850 0.195876
2 0.327939 0.252577 0.032368 0.257732
9 0.574106 0.479381 0.051107 0.298969
2 0.611584 0.288660 0.027257 0.288660
18 0.650767 0.463918 0.034072 0.082474
2 0.811755 0.448454 0.045997 0.360825
10 0.879898 0.489691 0.039182 0.237113
27 0.045997 0.530928 0.057922 0.216495
28 0.166099 0.530928 0.042589 0.216495
27 0.286201 0.510309 0.068143 0.257732
26 0.228279 0.469072 0.040886 0.360825
20 0.387564 0.505155 0.028961 0.350515
28 0.452300 0.484536 0.045997 0.206186
25 0.505963 0.474227 0.023850 0.185567
29 0.703578 0.572165 0.044293 0.567010
25 0.747871 0.469072 0.023850 0.237113
17 0.948893 0.381443 0.064736 0.474227
