11 0.049020 0.598684 0.035294 0.697368
1 0.344118 0.342105 0.033333 0.315789
20 0.403922 0.546053 0.031373 0.276316
2 0.661765 0.276316 0.041176 0.342105
18 0.711765 0.434211 0.027451 0.157895
17 0.876471 0.421053 0.047059 0.421053
12 0.934314 0.407895 0.041176 0.684211
2 0.124510 0.559211 0.060784 0.434211
5 0.179412 0.559211 0.049020 0.434211
6 0.229412 0.506579 0.047059 0.381579
9 0.289216 0.559211 0.060784 0.302632
6 0.466667 0.473684 0.043137 0.315789
4 0.508824 0.434211 0.041176 0.342105
5 0.547059 0.427632 0.043137 0.407895
29 0.620588 0.592105 0.052941 0.447368
8 0.756863 0.460526 0.039216 0.473684
10 0.816667 0.513158 0.041176 0.236842
