1 0.088537 0.462963 0.033551 0.259259
20 0.142591 0.674074 0.027959 0.251852
18 0.266542 0.637037 0.029823 0.118519
2 0.316403 0.540741 0.028891 0.340741
1 0.431034 0.559259 0.038211 0.392593
19 0.462721 0.711111 0.017707 0.251852
2 0.495806 0.537037 0.029823 0.303704
20 0.543802 0.592593 0.021435 0.266667
2 0.589935 0.562963 0.029823 0.311111
19 0.610438 0.692593 0.013048 0.229630
1 0.639329 0.551852 0.031687 0.318519
18 0.689189 0.511111 0.023299 0.148148
2 0.732526 0.522222 0.026095 0.333333
1 0.786580 0.474074 0.033551 0.340741
18 0.870923 0.437037 0.028891 0.133333
1 0.970643 0.377778 0.028891 0.325926
27 0.042404 0.711111 0.051258 0.251852
27 0.208295 0.681481 0.047530 0.266667
29 0.357875 0.707407 0.031687 0.422222
26 0.395154 0.577778 0.026095 0.414815
21 0.759087 0.596296 0.012116 0.140741
9 0.818267 0.507407 0.035415 0.274074
28 0.913793 0.459259 0.032619 0.222222
26 0.944548 0.392593 0.025163 0.370370
