1 0.014625 0.425258 0.027422 0.231959
18 0.093693 0.463918 0.022852 0.072165
2 0.192870 0.360825 0.023766 0.144330
18 0.244516 0.425258 0.022852 0.087629
24 0.287477 0.417526 0.028336 0.164948
1 0.333638 0.458763 0.032907 0.216495
20 0.382084 0.474227 0.025594 0.164948
18 0.552102 0.474227 0.018282 0.061856
18 0.739945 0.497423 0.317185 0.170103
2 0.606947 0.288660 0.027422 0.237113
18 0.664077 0.762887 0.021024 0.072165
1 0.667733 0.190722 0.021024 0.123711
1 0.700640 0.731959 0.031993 0.206186
20 0.702011 0.278351 0.014625 0.123711
2 0.762797 0.231959 0.013711 0.123711
21 0.768739 0.778351 0.010969 0.082474
18 0.794790 0.296392 0.017367 0.067010
2 0.806216 0.724227 0.029250 0.180412
1 0.840494 0.296392 0.030165 0.190722
10 0.920475 0.474227 0.025594 0.103093
2 0.987660 0.458763 0.019196 0.216495
2 0.954753 0.474227 0.022852 0.164948
25 0.970750 0.471649 0.010969 0.128866
29 0.058501 0.520619 0.034735 0.257732
4 0.137112 0.440722 0.027422 0.201031
29 0.168190 0.505155 0.020110 0.247423
26 0.307587 0.474227 0.024680 0.257732
27 0.432358 0.471649 0.031079 0.128866
28 0.503656 0.481959 0.021938 0.097938
25 0.463894 0.448454 0.011883 0.123711
29 0.642139 0.327320 0.022852 0.231959
13 0.604662 0.755155 0.024680 0.335052
29 0.634826 0.819588 0.019196 0.247423
29 0.739031 0.811856 0.024680 0.252577
14 0.840951 0.762887 0.023766 0.360825
29 0.741773 0.355670 0.024680 0.237113
