4 0.106631 0.471963 0.066308 0.401869
9 0.195341 0.532710 0.078853 0.280374
4 0.269713 0.247664 0.062724 0.289720
18 0.342294 0.532710 0.053763 0.149533
2 0.526882 0.327103 0.039427 0.280374
18 0.565412 0.518692 0.030466 0.084112
1 0.934588 0.471963 0.059140 0.345794
13 0.029570 0.471963 0.044803 0.607477
6 0.405018 0.476636 0.050179 0.392523
29 0.471326 0.654206 0.057348 0.523364
27 0.642473 0.514019 0.087814 0.242991
13 0.732079 0.504673 0.048387 0.542056
14 0.844086 0.518692 0.050179 0.551402
28 0.783154 0.476636 0.053763 0.224299
25 0.898746 0.514019 0.019713 0.261682
