1 0.251938 0.182432 0.046512 0.283784
1 0.458333 0.168919 0.032946 0.310811
20 0.500000 0.310811 0.034884 0.216216
0 0.531008 0.229730 0.019380 0.351351
11 0.629845 0.256757 0.034884 0.486486
9 0.686047 0.310811 0.050388 0.297297
2 0.721899 0.195946 0.029070 0.229730
20 0.758721 0.310811 0.029070 0.216216
0 0.800388 0.229730 0.023256 0.405405
12 0.839147 0.229730 0.034884 0.432432
10 0.920543 0.310811 0.034884 0.189189
17 0.972868 0.175676 0.038760 0.324324
13 0.030039 0.587838 0.036822 0.716216
0 0.071705 0.479730 0.027132 0.310811
6 0.106589 0.452703 0.038760 0.364865
4 0.155039 0.398649 0.046512 0.391892
29 0.210271 0.560811 0.040698 0.500000
20 0.296512 0.337838 0.027132 0.297297
15 0.357558 0.344595 0.048450 0.472973
29 0.413760 0.479730 0.048450 0.554054
16 0.575581 0.290541 0.031008 0.472973
14 0.870155 0.324324 0.034884 0.621622
