8 0.167482 0.518519 0.041565 0.555556
9 0.240831 0.583333 0.056235 0.388889
2 0.276284 0.333333 0.044010 0.370370
20 0.348411 0.462963 0.046455 0.296296
8 0.436430 0.351852 0.046455 0.407407
2 0.547677 0.296296 0.044010 0.370370
6 0.041565 0.527778 0.058680 0.648148
6 0.116137 0.500000 0.061125 0.629630
29 0.497555 0.611111 0.046455 0.666667
10 0.636919 0.500000 0.051345 0.296296
6 0.721271 0.379630 0.068460 0.462963
6 0.790954 0.351852 0.061125 0.444444
29 0.863081 0.611111 0.063570 0.629630
0 0.909535 0.166667 0.024450 0.296296
6 0.947433 0.175926 0.046455 0.314815
