1 0.040468 0.771429 0.032374 0.457143
21 0.434353 0.676190 0.014388 0.228571
1 0.553058 0.471429 0.035971 0.447619
21 0.599371 0.600000 0.009892 0.133333
21 0.884442 0.461905 0.009892 0.123810
21 0.958183 0.366667 0.009892 0.123810
4 0.100270 0.752381 0.035072 0.419048
5 0.168165 0.690476 0.032374 0.523810
6 0.241007 0.666667 0.032374 0.533333
7 0.316097 0.576190 0.029676 0.523810
8 0.396133 0.557143 0.027878 0.485714
0 0.469874 0.504762 0.015288 0.419048
21 0.503597 0.680952 0.014388 0.161905
2 0.641187 0.457143 0.034173 0.400000
21 0.668165 0.614286 0.012590 0.123810
3 0.709532 0.447619 0.028777 0.380952
21 0.740558 0.561905 0.009892 0.114286
4 0.799910 0.333333 0.040468 0.495238
21 0.825540 0.466667 0.010791 0.152381
5 0.852968 0.338095 0.022482 0.466667
7 0.916367 0.261905 0.021583 0.371429
8 0.981115 0.228571 0.025180 0.438095
19 0.066097 0.923810 0.013489 0.133333
19 0.133094 0.871429 0.014388 0.238095
19 0.206385 0.900000 0.015288 0.200000
19 0.280126 0.866667 0.018885 0.266667
19 0.365558 0.871429 0.017086 0.257143
