1 0.095922 0.620192 0.032437 0.355769
4 0.291474 0.346154 0.025023 0.365385
20 0.335496 0.576923 0.020389 0.269231
18 0.505097 0.408654 0.025950 0.221154
20 0.637164 0.480769 0.021316 0.307692
20 0.784523 0.413462 0.021316 0.250000
18 0.891103 0.326923 0.025023 0.153846
10 0.965709 0.307692 0.020389 0.192308
2 0.039388 0.649038 0.026877 0.394231
26 0.065338 0.615385 0.023170 0.403846
19 0.133457 0.774038 0.012975 0.182692
4 0.162651 0.581731 0.032437 0.394231
18 0.210380 0.596154 0.018536 0.153846
29 0.259500 0.730769 0.024096 0.538462
1 0.398981 0.451923 0.036145 0.403846
6 0.457368 0.423077 0.037998 0.384615
19 0.426321 0.634615 0.014829 0.211538
7 0.545876 0.350962 0.020389 0.413462
8 0.600556 0.408654 0.018536 0.413462
26 0.571826 0.389423 0.022243 0.413462
8 0.678406 0.394231 0.022243 0.384615
8 0.716404 0.399038 0.018536 0.336538
19 0.694625 0.557692 0.013902 0.192308
24 0.744208 0.427885 0.029657 0.278846
24 0.832252 0.379808 0.025950 0.240385
8 0.852178 0.173077 0.015755 0.269231
29 0.929101 0.418269 0.026877 0.509615
17 0.986562 0.254808 0.019462 0.317308
