18 0.216102 0.473171 0.407721 0.175610
18 0.109699 0.782927 0.021657 0.073171
18 0.114878 0.280488 0.026365 0.082927
20 0.236347 0.263415 0.020716 0.146341
2 0.286723 0.704878 0.023540 0.200000
9 0.317326 0.119512 0.033898 0.160976
10 0.469397 0.395122 0.025424 0.126829
0 0.530603 0.343902 0.016008 0.229268
4 0.575330 0.329268 0.028249 0.209756
18 0.699153 0.270732 0.021657 0.053659
18 0.896893 0.219512 0.023540 0.058537
29 0.050847 0.334146 0.022599 0.258537
29 0.049906 0.846341 0.028249 0.248780
29 0.192561 0.812195 0.023540 0.248780
29 0.364878 0.787805 0.032957 0.278049
6 0.081450 0.675610 0.027307 0.151220
29 0.726460 0.326829 0.029190 0.273171
29 0.855932 0.319512 0.041431 0.287805
22 0.935970 0.219512 0.024482 0.156098
16 0.968927 0.197561 0.030132 0.287805
15 0.811676 0.234146 0.030132 0.312195
21 0.787665 0.297561 0.010358 0.078049
14 0.765537 0.282927 0.028249 0.439024
9 0.659605 0.302439 0.042373 0.146341
13 0.619586 0.341463 0.032015 0.468293
21 0.594633 0.387805 0.012241 0.073171
19 0.546139 0.417073 0.011299 0.102439
8 0.397363 0.600000 0.016949 0.146341
4 0.334275 0.668293 0.028249 0.214634
19 0.303202 0.773171 0.013183 0.092683
18 0.254708 0.726829 0.023540 0.068293
1 0.156309 0.734146 0.035782 0.219512
7 0.218456 0.653659 0.020716 0.175610
5 0.081921 0.200000 0.022599 0.146341
6 0.165725 0.253659 0.030132 0.185366
29 0.195386 0.160976 0.025424 0.175610
7 0.283427 0.236585 0.022599 0.209756
