2 0.050186 0.546392 0.040892 0.371134
6 0.087361 0.515464 0.033457 0.329897
5 0.131041 0.525773 0.053903 0.350515
2 0.247212 0.376289 0.040892 0.278351
20 0.325279 0.541237 0.037175 0.257732
1 0.501859 0.515464 0.059480 0.371134
10 0.653346 0.551546 0.039033 0.216495
4 0.855019 0.417526 0.044610 0.360825
9 0.907993 0.438144 0.046468 0.257732
1 0.953532 0.278351 0.037175 0.226804
29 0.203532 0.706186 0.053903 0.443299
29 0.582714 0.659794 0.042751 0.453608
0 0.405204 0.500000 0.037175 0.319588
26 0.453532 0.484536 0.040892 0.371134
5 0.728625 0.443299 0.040892 0.371134
25 0.781599 0.479381 0.027881 0.216495
