11 0.045547 0.555046 0.034413 0.412844
18 0.158907 0.577982 0.042510 0.110092
12 0.317814 0.509174 0.036437 0.467890
11 0.360324 0.321101 0.028340 0.238532
18 0.498988 0.316514 0.034413 0.082569
12 0.582996 0.261468 0.028340 0.321101
10 0.650810 0.614679 0.046559 0.201835
2 0.755061 0.527523 0.048583 0.321101
18 0.860324 0.555046 0.040486 0.119266
0 0.901822 0.495413 0.022267 0.330275
29 0.103239 0.669725 0.048583 0.348624
27 0.248988 0.577982 0.076923 0.183486
9 0.408907 0.348624 0.056680 0.183486
28 0.456478 0.229358 0.034413 0.146789
29 0.540486 0.348624 0.032389 0.238532
29 0.804656 0.642202 0.034413 0.385321
