1 0.074037 0.800971 0.079108 0.300971
18 0.080122 0.548544 0.070994 0.126214
6 0.247465 0.296117 0.040568 0.281553
18 0.320487 0.432039 0.052738 0.106796
20 0.523327 0.456311 0.036511 0.233010
6 0.693712 0.296117 0.040568 0.281553
10 0.764706 0.509709 0.056795 0.203883
18 0.911765 0.456311 0.026369 0.097087
0 0.086207 0.354369 0.030426 0.300971
27 0.177485 0.509709 0.083164 0.223301
29 0.407708 0.548544 0.040568 0.417476
7 0.462475 0.228155 0.040568 0.281553
29 0.631846 0.572816 0.050710 0.407767
27 0.854970 0.480583 0.079108 0.223301
28 0.962475 0.456311 0.050710 0.213592
