2 0.046914 0.555000 0.059259 0.310000
1 0.109877 0.540000 0.066667 0.360000
6 0.288889 0.355000 0.054321 0.230000
20 0.380247 0.540000 0.039506 0.240000
4 0.472840 0.470000 0.071605 0.340000
5 0.522222 0.465000 0.041975 0.350000
1 0.579012 0.325000 0.051852 0.190000
0 0.586420 0.095000 0.022222 0.170000
10 0.808642 0.480000 0.056790 0.180000
8 0.166667 0.540000 0.041975 0.340000
29 0.238272 0.630000 0.061728 0.360000
18 0.586420 0.225000 0.051852 0.090000
29 0.683951 0.545000 0.064198 0.390000
17 0.920988 0.420000 0.064198 0.320000
