2 0.077570 0.346591 0.035514 0.284091
20 0.116822 0.551136 0.035514 0.238636
2 0.218692 0.375000 0.022430 0.250000
10 0.271963 0.573864 0.039252 0.238636
1 0.612150 0.357955 0.024299 0.215909
18 0.647664 0.562500 0.031776 0.125000
1 0.922430 0.409091 0.035514 0.250000
12 0.951402 0.545455 0.056075 0.727273
22 0.040187 0.528409 0.035514 0.261364
23 0.178505 0.505682 0.035514 0.397727
11 0.347664 0.482955 0.029907 0.534091
22 0.364486 0.568182 0.044860 0.227273
20 0.412150 0.539773 0.024299 0.193182
23 0.446729 0.539773 0.044860 0.352273
12 0.486916 0.482955 0.035514 0.534091
11 0.521495 0.448864 0.033645 0.602273
22 0.569159 0.545455 0.035514 0.227273
22 0.711215 0.568182 0.035514 0.250000
23 0.746729 0.511364 0.035514 0.409091
20 0.806542 0.636364 0.035514 0.227273
23 0.870093 0.562500 0.035514 0.375000
