19 0.082564 0.673367 0.017321 0.160804
1 0.129908 0.527638 0.040416 0.261307
20 0.211894 0.560302 0.033487 0.165829
5 0.290416 0.505025 0.035797 0.246231
1 0.403580 0.479899 0.065820 0.276382
18 0.497691 0.469849 0.034642 0.085427
19 0.588915 0.590452 0.016166 0.145729
7 0.628176 0.477387 0.030023 0.281407
10 0.692841 0.477387 0.034642 0.160804
1 0.745958 0.746231 0.034642 0.246231
18 0.856236 0.469849 0.262125 0.165829
4 0.807737 0.718593 0.038106 0.281407
19 0.811201 0.291457 0.012702 0.110553
2 0.895497 0.743719 0.033487 0.221106
4 0.046767 0.555276 0.040416 0.266332
21 0.338915 0.570352 0.024249 0.115578
6 0.565242 0.482412 0.040416 0.241206
6 0.786952 0.211055 0.031178 0.251256
8 0.845266 0.195980 0.027714 0.241206
19 0.775982 0.834171 0.018476 0.130653
9 0.941109 0.753769 0.053118 0.170854
21 0.845266 0.806533 0.016166 0.115578
