2 0.058036 0.308333 0.035714 0.200000
18 0.159598 0.458333 0.292411 0.150000
2 0.088170 0.766667 0.042411 0.233333
1 0.093750 0.283333 0.031250 0.216667
1 0.140625 0.750000 0.049107 0.250000
9 0.212054 0.791667 0.062500 0.200000
1 0.233259 0.170833 0.029018 0.158333
2 0.250000 0.662500 0.031250 0.175000
18 0.388393 0.441667 0.058036 0.116667
18 0.546875 0.475000 0.187500 0.100000
4 0.501116 0.287500 0.051339 0.225000
1 0.547991 0.304167 0.051339 0.241667
2 0.572545 0.650000 0.037946 0.200000
20 0.696429 0.487500 0.035714 0.175000
4 0.774554 0.437500 0.058036 0.275000
10 0.842634 0.487500 0.046875 0.125000
5 0.044643 0.754167 0.035714 0.241667
0 0.141741 0.279167 0.029018 0.208333
29 0.190848 0.333333 0.042411 0.250000
0 0.606027 0.258333 0.029018 0.250000
29 0.525670 0.829167 0.051339 0.275000
27 0.948661 0.450000 0.089286 0.150000
