18 0.320158 0.479290 0.636364 0.224852
2 0.137352 0.245562 0.049407 0.147929
17 0.200593 0.775148 0.033597 0.189349
18 0.213439 0.325444 0.047431 0.082840
1 0.290514 0.269231 0.063241 0.218935
2 0.305336 0.707101 0.041502 0.147929
20 0.357708 0.781065 0.035573 0.142012
9 0.373518 0.278107 0.067194 0.153846
1 0.415020 0.707101 0.047431 0.195266
0 0.416008 0.127219 0.021739 0.147929
4 0.464427 0.692308 0.047431 0.201183
18 0.540514 0.242604 0.061265 0.071006
5 0.609684 0.186391 0.041502 0.218935
10 0.706522 0.390533 0.061265 0.142012
2 0.782609 0.162722 0.047431 0.183432
18 0.867589 0.322485 0.229249 0.147929
1 0.888340 0.547337 0.096838 0.266272
17 0.874506 0.130178 0.041502 0.224852
9 0.081028 0.349112 0.075099 0.189349
0 0.129447 0.816568 0.021739 0.153846
5 0.158103 0.798817 0.039526 0.213018
5 0.832016 0.150888 0.035573 0.207101
4 0.450593 0.127219 0.047431 0.183432
29 0.261858 0.855030 0.049407 0.230769
29 0.940711 0.213018 0.051383 0.224852
