2 0.187345 0.543011 0.057072 0.333333
11 0.358561 0.478495 0.032258 0.505376
2 0.435484 0.494624 0.052109 0.344086
10 0.765509 0.403226 0.057072 0.182796
2 0.935484 0.134409 0.049628 0.247312
13 0.074442 0.650538 0.064516 0.677419
0 0.129032 0.591398 0.029777 0.301075
4 0.272953 0.494624 0.084367 0.365591
5 0.493797 0.451613 0.044665 0.322581
17 0.537221 0.419355 0.052109 0.279570
12 0.594293 0.419355 0.052109 0.451613
14 0.663772 0.387097 0.057072 0.731183
29 0.867246 0.494624 0.066998 0.494624
