19 0.048677 0.672222 0.012287 0.233333
4 0.088374 0.472222 0.027410 0.433333
20 0.202741 0.538889 0.017958 0.300000
18 0.359168 0.538889 0.022684 0.211111
6 0.504726 0.316667 0.024575 0.322222
18 0.549622 0.477778 0.025520 0.133333
4 0.621456 0.422222 0.017958 0.355556
1 0.868147 0.377778 0.027410 0.400000
18 0.934783 0.350000 0.018904 0.122222
0 0.029773 0.527778 0.014178 0.322222
26 0.121928 0.494444 0.028355 0.411111
2 0.160681 0.527778 0.032136 0.411111
2 0.250000 0.533333 0.023629 0.377778
25 0.274575 0.544444 0.014178 0.288889
1 0.315217 0.516667 0.029301 0.411111
8 0.394612 0.483333 0.021739 0.411111
19 0.413043 0.583333 0.011342 0.211111
4 0.439509 0.477778 0.045369 0.400000
29 0.474480 0.672222 0.024575 0.522222
0 0.588847 0.427778 0.015123 0.344444
19 0.599716 0.588889 0.014178 0.155556
21 0.636578 0.538889 0.012287 0.188889
13 0.661626 0.483333 0.030246 0.744444
9 0.706049 0.427778 0.039698 0.300000
20 0.749527 0.427778 0.018904 0.300000
0 0.778355 0.416667 0.010397 0.300000
14 0.802457 0.422222 0.020794 0.777778
21 0.821361 0.516667 0.011342 0.211111
9 0.902174 0.388889 0.033081 0.266667
6 0.956522 0.327778 0.018904 0.344444
16 0.975898 0.400000 0.021739 0.555556
