20 0.251240 0.722772 0.033058 0.237624
9 0.383471 0.490099 0.042975 0.207921
20 0.417355 0.450495 0.028099 0.227723
10 0.526446 0.688119 0.038017 0.207921
11 0.596694 0.579208 0.033058 0.465347
12 0.779339 0.534653 0.041322 0.435644
1 0.818182 0.212871 0.036364 0.227723
18 0.857851 0.183168 0.036364 0.148515
1 0.899174 0.188119 0.029752 0.257426
27 0.057025 0.747525 0.074380 0.207921
28 0.109917 0.509901 0.038017 0.207921
29 0.201653 0.495050 0.036364 0.297030
18 0.154545 0.460396 0.028099 0.108911
28 0.333058 0.698020 0.047934 0.207921
29 0.466942 0.485149 0.041322 0.336634
9 0.631405 0.603960 0.046281 0.217822
20 0.676860 0.579208 0.038017 0.188119
29 0.727273 0.688119 0.046281 0.524752
29 0.941322 0.292079 0.044628 0.366337
