2 0.044143 0.646341 0.044143 0.390244
2 0.220713 0.597561 0.047538 0.463415
18 0.263158 0.262195 0.030560 0.158537
10 0.385399 0.634146 0.044143 0.243902
20 0.899830 0.524390 0.027165 0.268293
29 0.089134 0.384146 0.035654 0.426829
26 0.156197 0.603659 0.040747 0.426829
29 0.301358 0.347561 0.045840 0.378049
1 0.475382 0.506098 0.047538 0.426829
19 0.512733 0.682927 0.020374 0.243902
4 0.565365 0.439024 0.067912 0.512195
26 0.625637 0.445122 0.035654 0.426829
2 0.689304 0.475610 0.047538 0.439024
25 0.754669 0.500000 0.022071 0.268293
6 0.828523 0.469512 0.044143 0.426829
0 0.966893 0.469512 0.028862 0.402439
