1 0.060134 0.528409 0.071269 0.443182
1 0.171492 0.505682 0.048998 0.465909
2 0.288419 0.528409 0.051225 0.443182
1 0.547884 0.289773 0.053452 0.284091
10 0.620267 0.539773 0.046771 0.238636
1 0.709354 0.414773 0.060134 0.375000
4 0.773942 0.414773 0.042316 0.375000
5 0.831849 0.386364 0.042316 0.386364
9 0.905345 0.448864 0.073497 0.306818
1 0.116927 0.522727 0.055679 0.431818
19 0.227171 0.761364 0.035635 0.250000
5 0.334076 0.477273 0.044543 0.409091
6 0.405345 0.443182 0.071269 0.409091
29 0.486637 0.636364 0.051225 0.500000
