11 0.024376 0.510000 0.032880 0.620000
20 0.102608 0.565000 0.021542 0.290000
12 0.191043 0.405000 0.019274 0.550000
2 0.220522 0.210000 0.021542 0.280000
10 0.278345 0.525000 0.030612 0.230000
2 0.411565 0.295000 0.022676 0.290000
20 0.469388 0.460000 0.020408 0.220000
2 0.517007 0.375000 0.027211 0.390000
1 0.582200 0.205000 0.017007 0.210000
2 0.722789 0.350000 0.028345 0.360000
1 0.837302 0.165000 0.021542 0.210000
2 0.962585 0.165000 0.029478 0.250000
9 0.054989 0.585000 0.039683 0.310000
29 0.153628 0.675000 0.035147 0.510000
9 0.374717 0.465000 0.039683 0.310000
29 0.921202 0.460000 0.026077 0.420000
29 0.800454 0.465000 0.029478 0.490000
29 0.624150 0.490000 0.037415 0.500000
9 0.560658 0.395000 0.030612 0.270000
9 0.762472 0.375000 0.035147 0.230000
20 0.869048 0.370000 0.021542 0.220000
20 0.675737 0.375000 0.018141 0.190000
