18 0.209544 0.492908 0.414938 0.120567
0 0.062241 0.748227 0.029046 0.177305
4 0.104772 0.737589 0.051867 0.212766
19 0.141079 0.847518 0.024896 0.148936
0 0.158714 0.219858 0.022822 0.184397
1 0.201245 0.212766 0.058091 0.212766
8 0.193983 0.741135 0.039419 0.276596
19 0.264523 0.322695 0.026971 0.163121
3 0.336100 0.244681 0.049793 0.248227
10 0.505187 0.521277 0.068465 0.177305
1 0.788382 0.397163 0.045643 0.212766
18 0.089212 0.244681 0.045643 0.078014
1 0.649378 0.421986 0.066390 0.248227
21 0.721992 0.485816 0.029046 0.120567
29 0.857884 0.521277 0.047718 0.361702
10 0.918050 0.429078 0.047718 0.148936
17 0.962656 0.390071 0.041494 0.283688
9 0.273859 0.755319 0.074689 0.219858
