18 0.185798 0.553922 0.052529 0.107843
20 0.393969 0.534314 0.040856 0.245098
1 0.467899 0.696078 0.060311 0.294118
18 0.471790 0.509804 0.056420 0.117647
0 0.472763 0.328431 0.019455 0.264706
2 0.590467 0.303922 0.033074 0.196078
18 0.652724 0.465686 0.040856 0.147059
18 0.747082 0.431373 0.101167 0.117647
1 0.743191 0.676471 0.062257 0.313725
2 0.739300 0.269608 0.038911 0.264706
6 0.857977 0.161765 0.038911 0.186275
10 0.893969 0.397059 0.040856 0.205882
27 0.068093 0.568627 0.062257 0.196078
28 0.132296 0.426471 0.042802 0.166667
28 0.255837 0.563725 0.044747 0.186275
27 0.324903 0.377451 0.054475 0.186275
29 0.553502 0.563725 0.040856 0.441176
9 0.828794 0.421569 0.054475 0.215686
6 0.976654 0.308824 0.046693 0.323529
