24 0.037294 0.643836 0.027754 0.246575
18 0.088031 0.397260 0.016479 0.095890
24 0.230703 0.558219 0.024284 0.198630
8 0.255854 0.373288 0.015611 0.226027
18 0.287511 0.465753 0.019948 0.123288
20 0.357762 0.496575 0.016479 0.198630
18 0.626626 0.383562 0.018213 0.095890
24 0.672160 0.386986 0.029488 0.212329
2 0.740676 0.325342 0.024284 0.267123
10 0.806592 0.352740 0.015611 0.171233
18 0.888985 0.356164 0.131830 0.136986
1 0.846487 0.191781 0.027754 0.301370
5 0.850390 0.578767 0.018213 0.212329
4 0.891587 0.164384 0.019081 0.287671
7 0.893322 0.486301 0.013877 0.205479
7 0.066782 0.407534 0.017346 0.184932
29 0.122723 0.428082 0.026886 0.267123
26 0.163920 0.537671 0.031223 0.472603
13 0.197745 0.571918 0.026019 0.582192
29 0.323938 0.575342 0.026886 0.369863
4 0.393755 0.428082 0.029488 0.267123
29 0.418907 0.294521 0.017346 0.219178
14 0.440590 0.424658 0.024284 0.561644
21 0.468343 0.520548 0.015611 0.123288
9 0.496531 0.431507 0.028621 0.219178
21 0.523851 0.472603 0.010408 0.109589
15 0.545967 0.407534 0.030356 0.431507
29 0.586730 0.458904 0.032090 0.342466
25 0.707719 0.369863 0.013877 0.205479
16 0.769731 0.315068 0.019948 0.342466
19 0.867303 0.280822 0.010408 0.123288
29 0.880746 0.660959 0.021683 0.267123
29 0.940156 0.630137 0.015611 0.273973
18 0.918907 0.565068 0.014744 0.102740
10 0.970512 0.328767 0.020815 0.136986
17 0.987858 0.270548 0.015611 0.226027
