18 0.251934 0.394928 0.475138 0.072464
9 0.074586 0.268116 0.047514 0.115942
11 0.091713 0.643116 0.022099 0.250000
18 0.128177 0.643116 0.070718 0.039855
2 0.113812 0.570652 0.024309 0.076087
1 0.115470 0.206522 0.032044 0.101449
1 0.129282 0.710145 0.046409 0.094203
18 0.154144 0.153986 0.020994 0.047101
1 0.159669 0.528986 0.016575 0.072464
20 0.199448 0.653986 0.020994 0.076087
20 0.249724 0.153986 0.017680 0.090580
18 0.295028 0.606884 0.019890 0.054348
12 0.346961 0.588768 0.033149 0.278986
10 0.554144 0.398551 0.034254 0.079710
1 0.682873 0.367754 0.037569 0.148551
18 0.739227 0.369565 0.030939 0.057971
4 0.834254 0.280797 0.033149 0.126812
18 0.882320 0.407609 0.029834 0.039855
29 0.068508 0.750000 0.030939 0.210145
0 0.119890 0.088768 0.018785 0.076087
18 0.119890 0.148551 0.020994 0.036232
1 0.184530 0.144928 0.022099 0.101449
29 0.215470 0.181159 0.019890 0.137681
4 0.300552 0.134058 0.046409 0.137681
29 0.137017 0.590580 0.019890 0.108696
29 0.249171 0.639493 0.036464 0.155797
4 0.326519 0.586957 0.034254 0.130435
20 0.400552 0.721014 0.025414 0.101449
29 0.457459 0.795290 0.030939 0.228261
5 0.616575 0.355072 0.030939 0.173913
21 0.645856 0.405797 0.014365 0.050725
29 0.787845 0.431159 0.028729 0.210145
6 0.939227 0.389493 0.039779 0.141304
