1 0.038644 0.482955 0.048896 0.443182
2 0.138013 0.511364 0.042587 0.363636
20 0.197950 0.573864 0.026814 0.284091
2 0.302839 0.482955 0.044164 0.352273
25 0.342271 0.534091 0.022082 0.250000
1 0.388801 0.482955 0.048896 0.352273
20 0.458991 0.477273 0.028391 0.272727
4 0.534700 0.443182 0.044164 0.386364
1 0.624606 0.414773 0.044164 0.375000
20 0.759464 0.409091 0.029968 0.250000
2 0.820189 0.414773 0.037855 0.352273
9 0.852524 0.465909 0.033123 0.227273
10 0.891167 0.505682 0.028391 0.193182
26 0.086751 0.500000 0.031546 0.431818
26 0.574132 0.477273 0.028391 0.340909
29 0.676656 0.596591 0.041009 0.534091
4 0.958991 0.386364 0.050473 0.431818
