11 0.048900 0.679487 0.039120 0.487179
9 0.101467 0.705128 0.056235 0.307692
18 0.160147 0.647436 0.046455 0.089744
0 0.212714 0.647436 0.029340 0.294872
12 0.245721 0.628205 0.031785 0.564103
11 0.336186 0.608974 0.041565 0.423077
1 0.403423 0.532051 0.048900 0.371795
9 0.460880 0.608974 0.056235 0.294872
1 0.518337 0.378205 0.048900 0.269231
18 0.574572 0.596154 0.048900 0.115385
3 0.656479 0.525641 0.051345 0.307692
12 0.704156 0.480769 0.024450 0.448718
10 0.797066 0.474359 0.048900 0.205128
17 0.936430 0.384615 0.053790 0.333333
