11 0.034582 0.576389 0.040346 0.652778
5 0.100865 0.520833 0.057637 0.430556
9 0.175793 0.597222 0.074928 0.222222
18 0.272334 0.493056 0.043228 0.097222
2 0.360231 0.444444 0.069164 0.416667
12 0.427954 0.402778 0.031700 0.527778
11 0.523055 0.381944 0.043228 0.513889
3 0.599424 0.381944 0.057637 0.430556
9 0.664265 0.416667 0.066282 0.250000
1 0.724784 0.145833 0.060519 0.236111
20 0.778098 0.340278 0.051873 0.291667
2 0.857349 0.277778 0.060519 0.416667
12 0.932277 0.250000 0.037464 0.472222
