11 0.054140 0.552326 0.025478 0.546512
3 0.092357 0.604651 0.044586 0.325581
9 0.152866 0.645349 0.050955 0.197674
1 0.203822 0.476744 0.050955 0.162791
18 0.253185 0.598837 0.060510 0.058140
2 0.329618 0.534884 0.066879 0.279070
12 0.398089 0.505814 0.038217 0.383721
11 0.488854 0.505814 0.047771 0.406977
1 0.574841 0.523256 0.054140 0.325581
9 0.638535 0.581395 0.060510 0.232558
1 0.699045 0.348837 0.060510 0.232558
20 0.773885 0.534884 0.050955 0.186047
3 0.850318 0.523256 0.057325 0.325581
12 0.939490 0.447674 0.050955 0.453488
