18 0.093290 0.623832 0.024816 0.079439
19 0.179228 0.647196 0.009191 0.070093
21 0.234375 0.584112 0.011029 0.065421
24 0.271599 0.544393 0.022978 0.182243
18 0.325827 0.539720 0.022978 0.060748
11 0.392923 0.768692 0.017463 0.415888
2 0.413603 0.205607 0.020221 0.177570
1 0.426930 0.887850 0.037684 0.158879
18 0.445772 0.191589 0.022059 0.093458
12 0.468750 0.747664 0.022059 0.392523
20 0.546415 0.172897 0.019301 0.149533
8 0.592371 0.567757 0.013787 0.144860
18 0.616728 0.635514 0.018382 0.074766
20 0.698529 0.371495 0.020221 0.135514
26 0.784007 0.369159 0.022059 0.242991
2 0.818934 0.366822 0.025735 0.182243
18 0.869945 0.310748 0.022978 0.060748
2 0.909467 0.310748 0.022978 0.163551
1 0.973346 0.264019 0.027574 0.154206
24 0.020680 0.689252 0.034007 0.200935
7 0.054688 0.528037 0.021140 0.205607
1 0.147978 0.593458 0.038603 0.224299
4 0.210478 0.546729 0.038603 0.205607
8 0.294118 0.404206 0.018382 0.154206
18 0.426011 0.754673 0.063419 0.088785
2 0.424632 0.658879 0.022059 0.140187
29 0.499540 0.600467 0.021140 0.182243
18 0.524357 0.707944 0.021140 0.070093
29 0.565257 0.750000 0.023897 0.266355
24 0.647059 0.630841 0.031250 0.168224
29 0.491728 0.254673 0.025735 0.238318
29 0.520221 0.088785 0.020221 0.149533
4 0.584559 0.133178 0.040441 0.200935
29 0.613971 0.067757 0.022059 0.126168
18 0.517463 0.434579 0.281250 0.205607
24 0.758732 0.334112 0.028493 0.154206
25 0.940257 0.308411 0.012868 0.112150
