18 0.054783 0.454167 0.071304 0.141667
1 0.051304 0.679167 0.057391 0.275000
11 0.120000 0.454167 0.027826 0.475000
18 0.154783 0.450000 0.031304 0.150000
9 0.200870 0.450000 0.043478 0.300000
18 0.460870 0.425000 0.156522 0.166667
2 0.421739 0.262500 0.033043 0.225000
1 0.442609 0.670833 0.057391 0.275000
9 0.468696 0.275000 0.040000 0.200000
2 0.500870 0.162500 0.031304 0.175000
18 0.616522 0.395833 0.043478 0.075000
5 0.685217 0.341667 0.041739 0.266667
20 0.796522 0.387500 0.034783 0.208333
0 0.856522 0.325000 0.022609 0.266667
10 0.898261 0.362500 0.040000 0.141667
17 0.947826 0.345833 0.041739 0.275000
12 0.253913 0.433333 0.048696 0.450000
20 0.325217 0.425000 0.027826 0.183333
29 0.494783 0.745833 0.036522 0.325000
29 0.742609 0.462500 0.041739 0.341667
6 0.063478 0.295833 0.050435 0.241667
