8 0.038058 0.721053 0.049869 0.305263
18 0.150919 0.426316 0.296588 0.136842
2 0.068241 0.221053 0.057743 0.294737
8 0.120735 0.694737 0.047244 0.336842
8 0.174541 0.184211 0.049869 0.347368
18 0.377953 0.421053 0.068241 0.105263
1 0.471129 0.331579 0.081365 0.347368
10 0.799213 0.331579 0.065617 0.200000
17 0.902887 0.273684 0.062992 0.315789
8 0.080052 0.721053 0.034121 0.305263
6 0.131234 0.189474 0.052493 0.336842
28 0.245407 0.226316 0.065617 0.200000
27 0.569554 0.363158 0.094488 0.242105
28 0.670604 0.336842 0.076115 0.231579
27 0.216535 0.736842 0.097113 0.210526
