9 0.061141 0.590164 0.026268 0.262295
18 0.211051 0.565574 0.028986 0.098361
20 0.472826 0.483607 0.025362 0.278689
26 0.636775 0.418033 0.018116 0.327869
18 0.829710 0.401639 0.019928 0.114754
10 0.931159 0.348361 0.025362 0.204918
17 0.964221 0.290984 0.020833 0.336066
13 0.028080 0.610656 0.025362 0.647541
14 0.095109 0.610656 0.023551 0.614754
21 0.121377 0.610656 0.014493 0.172131
29 0.153533 0.688525 0.029891 0.508197
15 0.256341 0.610656 0.023551 0.532787
29 0.288949 0.655738 0.027174 0.393443
16 0.318841 0.553279 0.030797 0.483607
18 0.368207 0.508197 0.024457 0.131148
9 0.417572 0.516393 0.036232 0.262295
2 0.524004 0.483607 0.026268 0.327869
25 0.555707 0.463115 0.011775 0.237705
2 0.594656 0.438525 0.028080 0.286885
4 0.688859 0.381148 0.031703 0.368852
20 0.738678 0.393443 0.020833 0.262295
24 0.774457 0.405738 0.030797 0.270492
22 0.876812 0.315574 0.038043 0.385246
