18 0.127334 0.342949 0.030560 0.070513
8 0.172326 0.275641 0.028862 0.230769
20 0.245331 0.522436 0.045840 0.173077
18 0.412564 0.246795 0.033956 0.070513
6 0.466893 0.214744 0.044143 0.211538
18 0.532258 0.429487 0.052632 0.076923
10 0.780985 0.445513 0.050934 0.173077
1 0.868421 0.368590 0.052632 0.301282
27 0.072156 0.538462 0.069610 0.166667
28 0.361630 0.496795 0.064516 0.173077
28 0.691002 0.243590 0.047538 0.153846
29 0.613752 0.538462 0.062818 0.358974
29 0.932088 0.516026 0.064516 0.391026
