18 0.144112 0.353659 0.042179 0.060976
8 0.191564 0.304878 0.042179 0.256098
18 0.276801 0.509146 0.057996 0.079268
8 0.479789 0.310976 0.038664 0.219512
20 0.571178 0.487805 0.045694 0.195122
18 0.702988 0.472561 0.133568 0.091463
8 0.752197 0.585366 0.031634 0.170732
10 0.842707 0.466463 0.061511 0.140244
17 0.948155 0.411585 0.047452 0.286585
27 0.075571 0.503049 0.080844 0.164634
27 0.692443 0.728659 0.070299 0.176829
28 0.413005 0.506098 0.059754 0.170732
28 0.705624 0.289634 0.079086 0.176829
