20 0.134028 0.721239 0.037500 0.292035
12 0.255556 0.588496 0.030556 0.663717
1 0.294444 0.269912 0.044444 0.327434
10 0.372917 0.646018 0.037500 0.247788
1 0.538194 0.362832 0.051389 0.353982
20 0.608333 0.575221 0.033333 0.336283
1 0.693056 0.495575 0.077778 0.513274
20 0.860417 0.566372 0.031944 0.283186
1 0.972917 0.287611 0.031944 0.362832
22 0.072917 0.725664 0.045833 0.336283
11 0.036806 0.566372 0.031944 0.584071
23 0.206944 0.601770 0.050000 0.460177
22 0.487500 0.646018 0.050000 0.336283
22 0.750694 0.597345 0.043056 0.274336
23 0.793056 0.446903 0.041667 0.592920
23 0.916667 0.455752 0.050000 0.610619
