2 0.058197 0.790541 0.040984 0.243243
18 0.163115 0.503378 0.250820 0.141892
2 0.112295 0.766892 0.047541 0.209459
1 0.128689 0.270270 0.044262 0.310811
20 0.177869 0.753378 0.031148 0.155405
18 0.186066 0.277027 0.031148 0.081081
9 0.230328 0.793919 0.057377 0.182432
18 0.363934 0.510135 0.039344 0.087838
18 0.579508 0.412162 0.336066 0.189189
4 0.467213 0.246622 0.032787 0.222973
2 0.477049 0.712838 0.045902 0.236486
4 0.511475 0.202703 0.052459 0.283784
1 0.530328 0.695946 0.054098 0.229730
9 0.571311 0.256757 0.060656 0.175676
21 0.631148 0.256757 0.016393 0.081081
18 0.660656 0.668919 0.039344 0.094595
6 0.686066 0.206081 0.047541 0.277027
2 0.707377 0.631757 0.044262 0.250000
10 0.818033 0.347973 0.045902 0.141892
1 0.885246 0.472973 0.065574 0.256757
18 0.890984 0.304054 0.060656 0.054054
2 0.890164 0.165541 0.042623 0.250000
1 0.980328 0.266892 0.039344 0.222973
0 0.441803 0.239865 0.021311 0.195946
26 0.942623 0.280405 0.036066 0.236486
29 0.606557 0.783784 0.039344 0.337838
29 0.248361 0.320946 0.047541 0.304054
0 0.093443 0.277027 0.019672 0.175676
