1 0.074037 0.800971 0.079108 0.300971
18 0.081136 0.548544 0.073022 0.126214
1 0.246450 0.296117 0.042596 0.300971
6 0.247465 0.296117 0.040568 0.281553
18 0.323529 0.432039 0.050710 0.106796
20 0.523327 0.475728 0.036511 0.233010
6 0.694726 0.300971 0.042596 0.271845
10 0.765720 0.514563 0.054767 0.213592
18 0.914807 0.461165 0.024341 0.087379
0 0.089249 0.354369 0.028398 0.300971
27 0.179513 0.529126 0.079108 0.223301
29 0.408722 0.553398 0.042596 0.427184
7 0.463489 0.199029 0.038540 0.262136
29 0.631846 0.572816 0.050710 0.407767
27 0.854970 0.490291 0.079108 0.223301
28 0.962475 0.466019 0.050710 0.213592
