18 0.142615 0.500000 0.033956 0.166667
9 0.341256 0.590278 0.047538 0.347222
18 0.470289 0.541667 0.037351 0.194444
1 0.545840 0.763889 0.045840 0.333333
2 0.545840 0.326389 0.032258 0.402778
10 0.854839 0.576389 0.035654 0.291667
2 0.906621 0.479167 0.030560 0.375000
1 0.968591 0.506944 0.042445 0.430556
27 0.038200 0.513889 0.062818 0.277778
28 0.099321 0.326389 0.039049 0.236111
1 0.199491 0.479167 0.052632 0.430556
29 0.249576 0.659722 0.050934 0.541667
6 0.292020 0.361111 0.047538 0.333333
27 0.400679 0.416667 0.050934 0.250000
18 0.547538 0.534722 0.062818 0.152778
27 0.633277 0.541667 0.064516 0.250000
26 0.710526 0.444444 0.049236 0.500000
28 0.783531 0.520833 0.042445 0.291667
19 0.930390 0.680556 0.016978 0.305556
