9 0.143872 0.500000 0.053286 0.384615
1 0.182060 0.246154 0.033748 0.307692
20 0.221137 0.538462 0.033748 0.338462
20 0.426288 0.523077 0.031972 0.276923
20 0.553286 0.515385 0.030195 0.323077
4 0.618117 0.453846 0.039076 0.415385
18 0.679396 0.500000 0.037300 0.138462
10 0.806394 0.507692 0.035524 0.307692
1 0.863233 0.384615 0.049734 0.461538
1 0.941385 0.330769 0.049734 0.476923
1 0.044405 0.500000 0.042629 0.476923
4 0.083481 0.446154 0.039076 0.461538
23 0.297513 0.392308 0.037300 0.446154
29 0.351687 0.592308 0.049734 0.538462
24 0.486679 0.538462 0.035524 0.338462
1 0.742451 0.415385 0.053286 0.492308
25 0.893428 0.453846 0.014210 0.261538
