0 0.047976 0.399123 0.020990 0.342105
1 0.087706 0.412281 0.046477 0.333333
20 0.293103 0.486842 0.031484 0.289474
2 0.380060 0.451754 0.043478 0.289474
1 0.423538 0.416667 0.043478 0.359649
0 0.471514 0.425439 0.019490 0.342105
10 0.591454 0.543860 0.031484 0.192982
4 0.690405 0.521930 0.043478 0.324561
5 0.736132 0.491228 0.032984 0.280702
9 0.847076 0.583333 0.041979 0.236842
4 0.960270 0.557018 0.046477 0.377193
2 0.146177 0.407895 0.046477 0.324561
29 0.200150 0.570175 0.037481 0.438596
9 0.524738 0.482456 0.050975 0.228070
6 0.781859 0.526316 0.034483 0.315789
20 0.898801 0.592105 0.019490 0.254386
