18 0.103922 0.573099 0.205229 0.128655
1 0.039216 0.347953 0.054902 0.309942
5 0.049673 0.842105 0.041830 0.233918
4 0.151634 0.204678 0.033987 0.233918
1 0.165359 0.701754 0.040523 0.187135
10 0.260131 0.567251 0.039216 0.187135
11 0.482353 0.479532 0.033987 0.432749
9 0.500000 0.514620 0.048366 0.187135
12 0.658170 0.432749 0.035294 0.374269
2 0.778431 0.418129 0.043137 0.274854
18 0.843791 0.432749 0.032680 0.105263
29 0.105229 0.330409 0.027451 0.309942
27 0.117647 0.885965 0.060131 0.146199
27 0.352288 0.543860 0.058824 0.163743
28 0.400654 0.356725 0.035294 0.163743
26 0.446405 0.479532 0.040523 0.362573
25 0.541176 0.497076 0.015686 0.163743
29 0.596732 0.570175 0.043137 0.391813
13 0.723529 0.426901 0.027451 0.456140
29 0.903268 0.473684 0.041830 0.339181
14 0.960131 0.418129 0.035294 0.520468
