18 0.118451 0.431452 0.164009 0.104839
2 0.086560 0.673387 0.059226 0.233871
18 0.082005 0.254032 0.036446 0.088710
9 0.144647 0.254032 0.066059 0.169355
20 0.264237 0.427419 0.031891 0.177419
9 0.391800 0.302419 0.063781 0.217742
18 0.484055 0.427419 0.271071 0.177419
3 0.412301 0.685484 0.050114 0.241935
2 0.456720 0.153226 0.034169 0.177419
18 0.473804 0.685484 0.050114 0.080645
18 0.496583 0.241935 0.036446 0.064516
0 0.531891 0.185484 0.020501 0.258065
2 0.592255 0.604839 0.041002 0.145161
4 0.933941 0.137097 0.059226 0.258065
29 0.535308 0.774194 0.041002 0.306452
10 0.716401 0.379032 0.052392 0.161290
29 0.847380 0.379032 0.045558 0.370968
