5 0.049784 0.660000 0.043290 0.320000
2 0.107143 0.665000 0.049784 0.290000
1 0.166667 0.650000 0.060606 0.320000
19 0.214286 0.820000 0.030303 0.240000
18 0.507576 0.630000 0.041126 0.080000
1 0.580087 0.560000 0.056277 0.360000
20 0.686147 0.380000 0.034632 0.180000
10 0.807359 0.645000 0.047619 0.190000
1 0.865801 0.560000 0.056277 0.400000
4 0.279221 0.630000 0.056277 0.340000
29 0.357143 0.785000 0.047619 0.430000
27 0.426407 0.425000 0.060606 0.210000
9 0.636364 0.410000 0.047619 0.220000
29 0.722944 0.400000 0.043290 0.320000
27 0.943723 0.610000 0.090909 0.240000
