2 0.170968 0.390110 0.027957 0.252747
20 0.241935 0.516484 0.032258 0.197802
1 0.318280 0.489011 0.055914 0.384615
4 0.524731 0.417582 0.051613 0.307692
9 0.692473 0.434066 0.047312 0.208791
20 0.772043 0.456044 0.030108 0.186813
1 0.820430 0.434066 0.040860 0.318681
10 0.873118 0.472527 0.034409 0.175824
13 0.056989 0.560440 0.045161 0.593407
9 0.115054 0.549451 0.066667 0.263736
29 0.382796 0.637363 0.043011 0.461538
3 0.429032 0.351648 0.027957 0.285714
20 0.468817 0.500000 0.030108 0.230769
14 0.578495 0.478022 0.038710 0.582418
15 0.631183 0.428571 0.040860 0.373626
17 0.924731 0.417582 0.034409 0.307692
16 0.963441 0.434066 0.030108 0.384615
