1 0.058081 0.568548 0.042088 0.250000
1 0.106902 0.560484 0.035354 0.266129
0 0.150673 0.552419 0.021886 0.266129
7 0.276936 0.403226 0.038721 0.258065
18 0.340067 0.536290 0.050505 0.088710
18 0.522727 0.362903 0.028620 0.080645
9 0.595118 0.346774 0.048822 0.193548
20 0.662458 0.544355 0.035354 0.233871
18 0.792929 0.334677 0.023569 0.088710
10 0.860269 0.600806 0.043771 0.153226
29 0.223064 0.649194 0.052189 0.346774
29 0.450337 0.625000 0.048822 0.395161
7 0.492424 0.362903 0.028620 0.258065
0 0.554714 0.338710 0.021886 0.241935
27 0.749158 0.532258 0.070707 0.161290
27 0.949495 0.564516 0.090909 0.209677
