18 0.105335 0.562500 0.020796 0.108333
18 0.296564 0.508333 0.025316 0.133333
6 0.388788 0.308333 0.021700 0.283333
1 0.456600 0.450000 0.030741 0.350000
18 0.549729 0.395833 0.021700 0.108333
21 0.739602 0.375000 0.009042 0.083333
10 0.806962 0.341667 0.022604 0.183333
13 0.033002 0.666667 0.029837 0.600000
29 0.072333 0.683333 0.019892 0.383333
1 0.136528 0.558333 0.041591 0.316667
20 0.181736 0.570833 0.019892 0.241667
4 0.222423 0.520833 0.032550 0.308333
14 0.248644 0.604167 0.027125 0.675000
27 0.350362 0.525000 0.044304 0.216667
20 0.415461 0.525000 0.020796 0.216667
21 0.477396 0.541667 0.014467 0.150000
9 0.507685 0.466667 0.029837 0.250000
29 0.584991 0.470833 0.021700 0.458333
6 0.612116 0.212500 0.021700 0.225000
18 0.645570 0.379167 0.019892 0.108333
6 0.692586 0.316667 0.025316 0.316667
29 0.726040 0.429167 0.019892 0.441667
24 0.758590 0.345833 0.023508 0.208333
7 0.849458 0.216667 0.020796 0.316667
19 0.867993 0.354167 0.012658 0.175000
8 0.886076 0.204167 0.018083 0.258333
26 0.905967 0.241667 0.021700 0.350000
1 0.932640 0.220833 0.028029 0.341667
25 0.959765 0.237500 0.011754 0.191667
2 0.979204 0.187500 0.027125 0.308333
