11 0.035468 0.667683 0.025616 0.396341
12 0.125123 0.643293 0.023645 0.445122
21 0.146305 0.765244 0.014778 0.140244
11 0.174384 0.612805 0.025616 0.445122
12 0.248276 0.615854 0.021675 0.475610
9 0.357143 0.554878 0.038424 0.219512
21 0.716749 0.603659 0.010837 0.073171
15 0.743842 0.463415 0.029557 0.390244
24 0.788177 0.460366 0.039409 0.201220
16 0.833498 0.426829 0.033498 0.341463
21 0.857635 0.564024 0.008867 0.067073
15 0.883744 0.420732 0.025616 0.390244
16 0.965025 0.405488 0.028571 0.384146
9 0.079310 0.692073 0.042365 0.189024
29 0.208374 0.743902 0.032512 0.341463
21 0.272414 0.731707 0.014778 0.097561
13 0.299507 0.554878 0.037438 0.512195
14 0.407882 0.509146 0.033498 0.530488
21 0.438916 0.682927 0.014778 0.121951
13 0.465025 0.503049 0.029557 0.567073
22 0.513793 0.478659 0.034483 0.213415
14 0.555172 0.506098 0.032512 0.536585
21 0.583744 0.670732 0.014778 0.121951
15 0.617734 0.481707 0.035468 0.439024
23 0.659113 0.442073 0.027586 0.347561
16 0.691133 0.460366 0.028571 0.420732
22 0.921182 0.408537 0.047291 0.243902
