11 0.016369 0.625000 0.029762 0.343750
2 0.091518 0.480469 0.019345 0.195312
18 0.126488 0.585938 0.032738 0.093750
12 0.198661 0.585938 0.028274 0.375000
18 0.360863 0.574219 0.028274 0.070312
16 0.450893 0.531250 0.026786 0.328125
7 0.483631 0.261719 0.029762 0.226562
10 0.521577 0.527344 0.043155 0.210938
2 0.601190 0.457031 0.041667 0.351562
18 0.720982 0.468750 0.040179 0.125000
0 0.776786 0.406250 0.023810 0.281250
20 0.831845 0.406250 0.026786 0.203125
2 0.892113 0.390625 0.034226 0.250000
2 0.968750 0.218750 0.029762 0.234375
29 0.059524 0.687500 0.041667 0.312500
0 0.168899 0.558594 0.025298 0.226562
27 0.310268 0.589844 0.049107 0.164062
15 0.258185 0.562500 0.034226 0.343750
6 0.231399 0.339844 0.031250 0.179688
28 0.407738 0.562500 0.047619 0.140625
29 0.653274 0.562500 0.035714 0.375000
29 0.934524 0.468750 0.032738 0.328125
