18 0.320158 0.491124 0.636364 0.224852
2 0.137352 0.245562 0.049407 0.159763
17 0.201581 0.775148 0.035573 0.189349
18 0.213439 0.313609 0.047431 0.082840
1 0.290514 0.269231 0.063241 0.218935
2 0.306324 0.701183 0.039526 0.147929
20 0.358696 0.766272 0.041502 0.136095
9 0.373518 0.278107 0.067194 0.153846
1 0.415020 0.707101 0.047431 0.195266
0 0.416008 0.139053 0.021739 0.147929
19 0.416008 0.150888 0.021739 0.147929
4 0.464427 0.692308 0.047431 0.201183
18 0.540514 0.210059 0.061265 0.076923
5 0.610672 0.189349 0.043478 0.213018
10 0.706522 0.399408 0.061265 0.136095
2 0.776680 0.153846 0.047431 0.189349
18 0.868577 0.343195 0.231225 0.153846
1 0.888340 0.547337 0.096838 0.230769
17 0.874506 0.133136 0.041502 0.230769
9 0.075099 0.331361 0.075099 0.189349
0 0.124506 0.804734 0.023715 0.153846
5 0.158103 0.798817 0.039526 0.213018
5 0.832016 0.150888 0.035573 0.207101
4 0.452569 0.124260 0.047431 0.153846
29 0.261858 0.855030 0.049407 0.230769
29 0.941700 0.204142 0.041502 0.218935
