1 0.057143 0.583333 0.057143 0.333333
4 0.178571 0.583333 0.052381 0.357143
2 0.348810 0.404762 0.045238 0.357143
20 0.434524 0.553571 0.045238 0.273810
0 0.658333 0.273810 0.021429 0.238095
4 0.702381 0.238095 0.042857 0.333333
10 0.766667 0.494048 0.052381 0.226190
5 0.902381 0.345238 0.061905 0.357143
4 0.902381 0.345238 0.061905 0.357143
5 0.126190 0.559524 0.047619 0.357143
29 0.271429 0.690476 0.066667 0.452381
6 0.535714 0.494048 0.061905 0.345238
29 0.610714 0.607143 0.059524 0.523810
0 0.857143 0.380952 0.028571 0.261905
