1 0.015082 0.430412 0.028336 0.231959
18 0.093693 0.463918 0.022852 0.072165
2 0.193784 0.360825 0.023766 0.144330
18 0.244516 0.425258 0.022852 0.087629
24 0.288391 0.422680 0.028336 0.164948
1 0.334095 0.461340 0.031993 0.221649
20 0.382998 0.479381 0.025594 0.164948
18 0.553016 0.479381 0.018282 0.061856
18 0.740402 0.502577 0.316271 0.170103
2 0.607404 0.291237 0.028336 0.231959
18 0.664077 0.768041 0.021024 0.072165
1 0.668190 0.190722 0.020110 0.123711
1 0.701097 0.737113 0.031079 0.206186
20 0.702468 0.278351 0.015539 0.123711
2 0.763711 0.231959 0.013711 0.123711
21 0.768739 0.780928 0.010969 0.077320
18 0.794790 0.296392 0.017367 0.067010
2 0.806216 0.729381 0.029250 0.180412
1 0.840494 0.301546 0.030165 0.190722
10 0.921389 0.476804 0.025594 0.108247
2 0.988117 0.458763 0.018282 0.216495
2 0.955667 0.479381 0.022852 0.164948
25 0.970750 0.476804 0.010969 0.128866
29 0.058958 0.525773 0.033821 0.257732
4 0.137112 0.440722 0.027422 0.201031
29 0.168647 0.510309 0.019196 0.247423
26 0.307587 0.479381 0.024680 0.257732
27 0.433272 0.476804 0.031079 0.128866
28 0.504570 0.487113 0.021938 0.097938
25 0.464808 0.453608 0.011883 0.123711
29 0.642139 0.332474 0.022852 0.231959
13 0.604662 0.757732 0.024680 0.329897
29 0.635740 0.822165 0.019196 0.252577
29 0.739945 0.814433 0.024680 0.247423
14 0.840951 0.768041 0.023766 0.360825
