3 0.032132 0.465909 0.039185 0.409091
9 0.080721 0.528409 0.051724 0.284091
2 0.116771 0.352273 0.032915 0.250000
18 0.161442 0.505682 0.031348 0.125000
2 0.301724 0.403409 0.032915 0.306818
10 0.347962 0.619318 0.034483 0.215909
11 0.402821 0.534091 0.025078 0.500000
17 0.541536 0.579545 0.036050 0.340909
9 0.702194 0.693182 0.040752 0.250000
18 0.760188 0.698864 0.040752 0.125000
11 0.899687 0.721591 0.018809 0.420455
12 0.981191 0.687500 0.025078 0.443182
1 0.217085 0.500000 0.039185 0.386364
29 0.259404 0.630682 0.029781 0.465909
2 0.453762 0.551136 0.039185 0.329545
1 0.498433 0.585227 0.037618 0.329545
19 0.578370 0.732955 0.021944 0.170455
4 0.644201 0.573864 0.050157 0.352273
29 0.815831 0.761364 0.036050 0.477273
12 0.874608 0.687500 0.034483 0.420455
27 0.939655 0.767045 0.048589 0.238636
