1 0.057103 0.370370 0.044568 0.370370
2 0.151811 0.412037 0.041783 0.342593
20 0.213092 0.486111 0.036212 0.324074
2 0.312674 0.435185 0.037604 0.333333
1 0.396240 0.449074 0.043175 0.324074
20 0.465877 0.462963 0.032033 0.240741
1 0.626741 0.476852 0.044568 0.342593
20 0.755571 0.509259 0.023677 0.222222
2 0.817549 0.523148 0.036212 0.305556
9 0.847493 0.578704 0.029248 0.231481
10 0.886490 0.629630 0.029248 0.185185
26 0.104457 0.402778 0.033426 0.361111
25 0.352368 0.490741 0.019499 0.203704
4 0.536908 0.453704 0.040390 0.296296
26 0.577298 0.500000 0.029248 0.333333
29 0.681058 0.625000 0.044568 0.509259
4 0.949861 0.537037 0.055710 0.351852
