18 0.046249 0.577778 0.036999 0.133333
1 0.042652 0.822222 0.042138 0.355556
18 0.186023 0.577778 0.020555 0.155556
15 0.377184 0.544444 0.024666 0.622222
9 0.412127 0.494444 0.032888 0.322222
18 0.451696 0.500000 0.025694 0.155556
20 0.561665 0.544444 0.017472 0.266667
10 0.654676 0.550000 0.028777 0.233333
18 0.855087 0.527778 0.039054 0.188889
0 0.049846 0.366667 0.013361 0.288889
13 0.113052 0.611111 0.026721 0.755556
21 0.084275 0.622222 0.014388 0.155556
9 0.154676 0.583333 0.033916 0.277778
29 0.237410 0.705556 0.028777 0.588889
14 0.276978 0.594444 0.023638 0.766667
20 0.322199 0.566667 0.021583 0.266667
29 0.484584 0.666667 0.025694 0.511111
16 0.517472 0.555556 0.021583 0.555556
24 0.600719 0.522222 0.029805 0.333333
27 0.713772 0.566667 0.042138 0.288889
26 0.756937 0.500000 0.021583 0.422222
28 0.795478 0.583333 0.032888 0.322222
22 0.898767 0.577778 0.027749 0.266667
25 0.933710 0.533333 0.015416 0.311111
2 0.969168 0.511111 0.032888 0.466667
