1 0.245155 0.175676 0.036822 0.297297
1 0.458333 0.175676 0.032946 0.324324
20 0.496124 0.317568 0.038760 0.256757
0 0.531008 0.229730 0.019380 0.351351
11 0.634690 0.256757 0.025194 0.486486
9 0.686047 0.324324 0.050388 0.297297
2 0.721899 0.202703 0.032946 0.216216
20 0.757752 0.270270 0.031008 0.243243
0 0.800388 0.229730 0.023256 0.405405
12 0.835271 0.229730 0.027132 0.432432
10 0.920543 0.310811 0.034884 0.189189
17 0.971899 0.168919 0.032946 0.310811
13 0.030039 0.587838 0.036822 0.716216
0 0.069767 0.479730 0.027132 0.310811
6 0.101744 0.452703 0.036822 0.364865
4 0.155039 0.398649 0.046512 0.391892
29 0.206395 0.560811 0.040698 0.500000
20 0.296512 0.337838 0.027132 0.297297
15 0.355620 0.317568 0.052326 0.418919
29 0.413760 0.479730 0.048450 0.554054
16 0.577519 0.270270 0.027132 0.432432
14 0.865310 0.317568 0.044574 0.608108
