18 0.196017 0.503846 0.333333 0.146154
2 0.071279 0.296154 0.046122 0.253846
6 0.114256 0.296154 0.039832 0.253846
20 0.142558 0.676923 0.037736 0.169231
6 0.170860 0.292308 0.052411 0.261538
9 0.224319 0.323077 0.062893 0.169231
18 0.238994 0.673077 0.029350 0.053846
18 0.277778 0.319231 0.039832 0.084615
20 0.430818 0.450000 0.044025 0.161538
18 0.594340 0.434615 0.241090 0.130769
8 0.518868 0.265385 0.035639 0.269231
2 0.536688 0.646154 0.046122 0.230769
1 0.570231 0.250000 0.054507 0.253846
1 0.585954 0.638462 0.048218 0.230769
10 0.786164 0.446154 0.041929 0.153846
1 0.845912 0.423077 0.056604 0.246154
2 0.955975 0.319231 0.033543 0.176923
9 0.091195 0.696154 0.060797 0.176923
29 0.196017 0.750000 0.044025 0.300000
27 0.301887 0.673077 0.067086 0.146154
29 0.316562 0.373077 0.041929 0.253846
0 0.623690 0.619231 0.023061 0.223077
0 0.624738 0.226923 0.033543 0.223077
9 0.667715 0.650000 0.056604 0.176923
29 0.916143 0.523077 0.067086 0.353846
