11 0.038143 0.511628 0.029851 0.558140
1 0.088723 0.494186 0.044776 0.406977
0 0.131841 0.470930 0.018242 0.313953
1 0.274461 0.296512 0.028192 0.197674
20 0.330846 0.494186 0.031509 0.220930
2 0.720564 0.313953 0.021559 0.232558
20 0.764511 0.476744 0.026534 0.232558
8 0.821725 0.430233 0.034826 0.395349
12 0.866501 0.441860 0.034826 0.558140
10 0.902985 0.534884 0.031509 0.232558
6 0.175788 0.453488 0.039801 0.325581
29 0.230514 0.616279 0.036484 0.441860
4 0.393035 0.436047 0.049751 0.337209
12 0.446103 0.406977 0.039801 0.581395
11 0.490879 0.389535 0.026534 0.569767
0 0.529851 0.441860 0.018242 0.325581
8 0.557214 0.430233 0.026534 0.325581
19 0.582919 0.587209 0.018242 0.127907
6 0.627695 0.436047 0.044776 0.313953
29 0.680763 0.622093 0.034826 0.476744
8 0.946103 0.441860 0.031509 0.395349
