18 0.188465 0.428016 0.356948 0.140078
1 0.043597 0.208171 0.023615 0.175097
8 0.115350 0.136187 0.016349 0.124514
18 0.149864 0.214008 0.019982 0.070039
2 0.158038 0.686770 0.027248 0.143969
2 0.195277 0.202335 0.027248 0.178988
19 0.212080 0.250973 0.009991 0.081712
8 0.228883 0.659533 0.023615 0.167315
4 0.232516 0.186770 0.030881 0.163424
8 0.327884 0.589494 0.019982 0.159533
8 0.335604 0.182879 0.020890 0.202335
18 0.399183 0.394942 0.013624 0.128405
11 0.442779 0.398833 0.026340 0.400778
18 0.467757 0.398833 0.036331 0.058366
8 0.556767 0.145914 0.018165 0.112840
18 0.587648 0.206226 0.014532 0.054475
19 0.642598 0.227626 0.008174 0.073930
4 0.669846 0.159533 0.029973 0.147860
2 0.719800 0.182879 0.022707 0.171206
1 0.760672 0.336576 0.022707 0.143969
19 0.773842 0.420233 0.012716 0.101167
8 0.806994 0.324903 0.020890 0.143969
25 0.913715 0.321012 0.014532 0.120623
8 0.973206 0.208171 0.015441 0.143969
29 0.085831 0.268482 0.024523 0.178988
26 0.264305 0.208171 0.019982 0.151751
4 0.313806 0.175097 0.031789 0.171206
19 0.320618 0.264591 0.016349 0.085603
9 0.041780 0.708171 0.034514 0.116732
29 0.074932 0.624514 0.020890 0.120623
20 0.107629 0.704280 0.022707 0.132296
25 0.189827 0.682879 0.010899 0.120623
26 0.262489 0.673152 0.025431 0.210117
29 0.306994 0.723735 0.018165 0.194553
8 0.467757 0.498054 0.023615 0.147860
0 0.469119 0.311284 0.009991 0.140078
12 0.496367 0.394942 0.026340 0.338521
29 0.530427 0.256809 0.019982 0.163424
1 0.624432 0.173152 0.026340 0.128405
26 0.696185 0.161479 0.020890 0.167315
21 0.737057 0.396887 0.009991 0.062257
10 0.851953 0.359922 0.019982 0.089494
8 0.888283 0.317121 0.021798 0.167315
29 0.950954 0.361868 0.021798 0.202335
