1 0.036332 0.493421 0.044983 0.434211
9 0.095156 0.552632 0.044983 0.394737
11 0.153114 0.500000 0.032872 0.789474
18 0.313149 0.519737 0.031142 0.144737
2 0.401384 0.493421 0.038062 0.434211
20 0.494810 0.532895 0.024221 0.197368
8 0.532007 0.519737 0.029412 0.381579
1 0.692907 0.381579 0.029412 0.236842
20 0.727509 0.506579 0.025952 0.250000
10 0.912630 0.559211 0.036332 0.223684
17 0.965398 0.467105 0.034602 0.355263
2 0.197232 0.473684 0.038062 0.447368
2 0.615917 0.493421 0.038062 0.355263
29 0.248270 0.684211 0.046713 0.500000
29 0.655709 0.611842 0.031142 0.460526
22 0.445502 0.552632 0.036332 0.236842
0 0.756055 0.460526 0.017301 0.289474
15 0.361592 0.486842 0.031142 0.473684
13 0.576125 0.519737 0.031142 0.618421
14 0.793253 0.486842 0.029412 0.684211
16 0.822664 0.480263 0.029412 0.486842
12 0.861592 0.453947 0.034602 0.802632
