1 0.061364 0.691011 0.054545 0.415730
9 0.210227 0.651685 0.065909 0.269663
20 0.318182 0.578652 0.031818 0.235955
1 0.415909 0.539326 0.081818 0.471910
1 0.561364 0.314607 0.031818 0.224719
10 0.645455 0.511236 0.050000 0.213483
1 0.855682 0.230337 0.043182 0.213483
17 0.102273 0.674157 0.031818 0.337079
17 0.137500 0.646067 0.038636 0.370787
1 0.265909 0.455056 0.045455 0.191011
29 0.495455 0.640449 0.054545 0.584270
4 0.734091 0.365169 0.086364 0.415730
29 0.805682 0.550562 0.056818 0.539326
18 0.911364 0.382022 0.036364 0.112360
0 0.944318 0.370787 0.043182 0.382022
