18 0.110125 0.557592 0.094990 0.089005
2 0.092902 0.397906 0.025052 0.188482
19 0.105950 0.790576 0.009395 0.083770
4 0.132046 0.696335 0.030271 0.240838
4 0.136743 0.358639 0.027140 0.214660
18 0.295407 0.494764 0.025052 0.099476
11 0.342380 0.575916 0.035491 0.544503
18 0.376305 0.510471 0.053236 0.078534
2 0.371608 0.693717 0.041754 0.225131
12 0.415971 0.570681 0.030271 0.534031
18 0.611169 0.445026 0.030271 0.073298
15 0.673800 0.510471 0.034447 0.434555
11 0.708246 0.502618 0.028184 0.460733
12 0.777140 0.484293 0.028184 0.507853
16 0.846033 0.481675 0.040710 0.439791
1 0.962422 0.434555 0.056367 0.282723
13 0.032359 0.557592 0.027140 0.455497
5 0.083507 0.730366 0.025052 0.193717
19 0.110647 0.442408 0.010438 0.099476
21 0.187370 0.539267 0.011482 0.083770
29 0.237474 0.575916 0.028184 0.293194
0 0.371608 0.382199 0.018789 0.146597
27 0.458768 0.256545 0.040710 0.125654
28 0.503653 0.157068 0.036534 0.125654
14 0.553758 0.437173 0.032359 0.570681
1 0.737996 0.638743 0.039666 0.198953
2 0.734864 0.348168 0.031315 0.193717
18 0.736952 0.505236 0.054280 0.078534
28 0.830376 0.188482 0.038622 0.146597
10 0.889875 0.502618 0.030271 0.125654
