2 0.110991 0.367550 0.062500 0.178808
25 0.206897 0.509934 0.025862 0.132450
9 0.348060 0.486755 0.071121 0.178808
2 0.398707 0.367550 0.047414 0.178808
10 0.502155 0.509934 0.056034 0.145695
11 0.608836 0.473510 0.066810 0.708609
18 0.689655 0.523179 0.168103 0.105960
2 0.747845 0.268212 0.038793 0.165563
2 0.745690 0.675497 0.030172 0.132450
12 0.818966 0.460265 0.060345 0.615894
18 0.884698 0.178808 0.045259 0.052980
29 0.053879 0.599338 0.060345 0.311258
29 0.691810 0.791391 0.047414 0.298013
9 0.685345 0.344371 0.073276 0.158940
0 0.948276 0.135762 0.025862 0.178808
