18 0.261124 0.534682 0.456674 0.109827
9 0.172131 0.326590 0.072600 0.121387
18 0.266979 0.696532 0.060890 0.063584
20 0.270492 0.326590 0.039813 0.121387
1 0.361827 0.320809 0.063232 0.190751
10 0.571429 0.546243 0.042155 0.121387
18 0.816159 0.554913 0.278689 0.104046
9 0.740047 0.728324 0.074941 0.138728
9 0.737705 0.381503 0.060890 0.138728
18 0.814988 0.361272 0.042155 0.075145
0 0.101874 0.291908 0.030445 0.190751
9 0.175644 0.705202 0.084309 0.150289
29 0.367681 0.757225 0.074941 0.265896
29 0.425059 0.384393 0.053864 0.248555
29 0.894614 0.387283 0.084309 0.219653
29 0.902810 0.791908 0.072600 0.265896
20 0.831382 0.705202 0.042155 0.127168
