0 0.039197 0.704819 0.017208 0.349398
10 0.750478 0.596386 0.040153 0.204819
18 0.851816 0.518072 0.032505 0.168675
1 0.089866 0.638554 0.049713 0.337349
2 0.165392 0.632530 0.043977 0.349398
3 0.240918 0.620482 0.045889 0.325301
4 0.313576 0.602410 0.042065 0.385542
5 0.373805 0.614458 0.043977 0.361446
6 0.455067 0.578313 0.038241 0.337349
7 0.525813 0.560241 0.038241 0.325301
8 0.594646 0.554217 0.034417 0.385542
17 0.675908 0.536145 0.051625 0.373494
20 0.809751 0.566265 0.028681 0.216867
26 0.906310 0.506024 0.038241 0.313253
25 0.956023 0.500000 0.026769 0.301205
