18 0.136364 0.523810 0.183752 0.095238
2 0.114120 0.714286 0.061896 0.217687
1 0.099613 0.323129 0.048356 0.251701
4 0.140232 0.295918 0.036750 0.224490
1 0.270793 0.503401 0.065764 0.176871
9 0.274662 0.500000 0.061896 0.197279
1 0.318182 0.350340 0.032882 0.156463
20 0.398453 0.506803 0.042553 0.156463
18 0.523211 0.513605 0.141199 0.088435
2 0.491296 0.377551 0.054159 0.238095
4 0.533849 0.343537 0.038685 0.238095
6 0.578337 0.309524 0.046422 0.251701
10 0.750484 0.506803 0.054159 0.156463
1 0.842360 0.408163 0.063830 0.244898
17 0.190522 0.295918 0.044487 0.238095
8 0.501934 0.748299 0.052224 0.244898
29 0.644101 0.585034 0.058027 0.326531
27 0.936170 0.421769 0.104449 0.176871
