2 0.077329 0.398810 0.021090 0.321429
18 0.116872 0.523810 0.033392 0.119048
10 0.240773 0.541667 0.035149 0.226190
11 0.318981 0.494048 0.026362 0.630952
18 0.394552 0.523810 0.029877 0.142857
2 0.500000 0.285714 0.026362 0.261905
20 0.550967 0.464286 0.033392 0.261905
2 0.630053 0.428571 0.040422 0.380952
11 0.742531 0.494048 0.026362 0.559524
12 0.941125 0.464286 0.047452 0.785714
22 0.042179 0.571429 0.042179 0.261905
23 0.166960 0.464286 0.028120 0.380952
2 0.193322 0.357143 0.028120 0.214286
22 0.347979 0.494048 0.035149 0.273810
23 0.429701 0.446429 0.033392 0.416667
12 0.469244 0.446429 0.021090 0.440476
22 0.672232 0.511905 0.036907 0.285714
23 0.713533 0.464286 0.028120 0.428571
22 0.790861 0.541667 0.045694 0.273810
18 0.847979 0.601190 0.029877 0.130952
23 0.899824 0.464286 0.042179 0.452381
