9 0.191646 0.450413 0.049140 0.173554
18 0.249386 0.446281 0.041769 0.066116
10 0.393120 0.632231 0.054054 0.173554
18 0.512285 0.595041 0.154791 0.082645
2 0.512285 0.801653 0.081081 0.297521
1 0.511057 0.421488 0.058968 0.231405
2 0.691646 0.438017 0.051597 0.181818
20 0.759214 0.590909 0.044226 0.190083
18 0.890663 0.603306 0.144963 0.115702
1 0.851351 0.822314 0.061425 0.239669
2 0.863636 0.425620 0.061425 0.223140
2 0.948403 0.727273 0.034398 0.148760
28 0.084767 0.603306 0.066339 0.165289
7 0.148649 0.400826 0.036855 0.223140
29 0.307125 0.479339 0.054054 0.247934
29 0.637592 0.657025 0.056511 0.289256
29 0.926290 0.429752 0.054054 0.264463
9 0.910319 0.855372 0.066339 0.173554
