1 0.021399 0.295918 0.036534 0.408163
18 0.137265 0.357143 0.028184 0.142857
2 0.187370 0.295918 0.021921 0.367347
18 0.368998 0.331633 0.026096 0.173469
2 0.560543 0.331633 0.037578 0.357143
2 0.656576 0.341837 0.022965 0.397959
20 0.823069 0.352041 0.024008 0.336735
1 0.971816 0.357143 0.033403 0.469388
19 0.050104 0.479592 0.020877 0.224490
4 0.091336 0.321429 0.036534 0.418367
4 0.234342 0.275510 0.032359 0.387755
19 0.208246 0.469388 0.011482 0.183673
21 0.267745 0.372449 0.013570 0.214286
29 0.305324 0.469388 0.028184 0.551020
7 0.332985 0.127551 0.018789 0.234694
13 0.420668 0.403061 0.035491 0.704082
9 0.469207 0.331633 0.040710 0.316327
25 0.510438 0.357143 0.020877 0.265306
20 0.609081 0.367347 0.028184 0.244898
19 0.673800 0.494898 0.013570 0.214286
4 0.695720 0.301020 0.026096 0.377551
24 0.766180 0.377551 0.029228 0.285714
26 0.721294 0.469388 0.035491 0.448980
4 0.874217 0.387755 0.030271 0.408163
14 0.900313 0.464286 0.021921 0.826531
10 0.920668 0.454082 0.022965 0.234694
