2 0.029680 0.592025 0.026484 0.251534
1 0.094064 0.567485 0.034703 0.300613
20 0.134247 0.576687 0.021918 0.233129
4 0.190868 0.561350 0.029224 0.251534
18 0.310502 0.521472 0.014612 0.061350
18 0.401826 0.515337 0.135160 0.110429
1 0.353881 0.745399 0.030137 0.239264
6 0.363014 0.337423 0.022831 0.208589
20 0.414155 0.766871 0.017352 0.171779
17 0.575799 0.407975 0.028311 0.288344
17 0.636073 0.420245 0.022831 0.226994
2 0.763927 0.365031 0.026484 0.239264
19 0.784932 0.432515 0.010046 0.141104
21 0.855251 0.395706 0.011872 0.104294
2 0.962100 0.325153 0.030137 0.245399
25 0.061187 0.610429 0.014612 0.190184
19 0.212785 0.656442 0.014612 0.134969
5 0.237900 0.542945 0.022831 0.226994
29 0.267580 0.647239 0.023744 0.263804
7 0.384475 0.306748 0.018265 0.233129
8 0.405479 0.294479 0.018265 0.257669
29 0.384475 0.831288 0.021918 0.288344
0 0.434703 0.742331 0.016438 0.208589
10 0.521918 0.509202 0.026484 0.134969
19 0.606849 0.582822 0.019178 0.184049
0 0.668037 0.389571 0.011872 0.251534
26 0.704566 0.401840 0.031963 0.312883
4 0.821005 0.319018 0.042009 0.294479
29 0.891324 0.441718 0.021918 0.355828
25 0.927854 0.343558 0.014612 0.208589
