18 0.131047 0.485222 0.233949 0.142857
1 0.062885 0.246305 0.029024 0.167488
9 0.086192 0.817734 0.029903 0.157635
9 0.094987 0.251232 0.019349 0.137931
18 0.135444 0.756158 0.017590 0.073892
6 0.191293 0.645320 0.018470 0.167488
18 0.572559 0.298030 0.022867 0.054187
20 0.802111 0.199507 0.024626 0.172414
21 0.886104 0.201970 0.009675 0.098522
9 0.933157 0.179803 0.017590 0.142857
13 0.049252 0.783251 0.029903 0.413793
18 0.131486 0.226601 0.018470 0.059113
29 0.168426 0.270936 0.021988 0.256158
14 0.217238 0.729064 0.024626 0.403941
29 0.167106 0.820197 0.021108 0.280788
6 0.109938 0.674877 0.022867 0.157635
20 0.291117 0.421182 0.024626 0.182266
1 0.346086 0.330049 0.029024 0.266010
29 0.372032 0.438424 0.022867 0.266010
4 0.407212 0.219212 0.028144 0.172414
18 0.445471 0.332512 0.025506 0.083744
5 0.500000 0.293103 0.023747 0.221675
29 0.534741 0.381773 0.026385 0.251232
6 0.609938 0.268473 0.029024 0.182266
10 0.664028 0.310345 0.029903 0.118227
13 0.718997 0.258621 0.027265 0.418719
9 0.763852 0.221675 0.032542 0.137931
29 0.833333 0.298030 0.027265 0.290640
14 0.868074 0.251232 0.021108 0.413793
15 0.906332 0.184729 0.025506 0.241379
29 0.976253 0.241379 0.017590 0.246305
26 0.954705 0.184729 0.013193 0.192118
16 0.991205 0.165025 0.014072 0.231527
