1 0.060134 0.534091 0.071269 0.454545
1 0.173719 0.505682 0.048998 0.465909
2 0.281737 0.505682 0.051225 0.443182
1 0.550111 0.301136 0.053452 0.284091
10 0.622494 0.551136 0.046771 0.238636
1 0.711581 0.426136 0.060134 0.375000
4 0.776169 0.426136 0.042316 0.375000
5 0.832962 0.386364 0.044543 0.386364
9 0.907572 0.448864 0.073497 0.306818
1 0.116927 0.528409 0.055679 0.420455
19 0.228285 0.772727 0.033408 0.250000
5 0.334076 0.488636 0.044543 0.409091
6 0.407572 0.454545 0.071269 0.409091
29 0.488864 0.647727 0.051225 0.500000
