18 0.188811 0.462222 0.358392 0.142222
20 0.188374 0.760000 0.020105 0.124444
20 0.240385 0.133333 0.013986 0.133333
25 0.256993 0.766667 0.013986 0.128889
4 0.282343 0.122222 0.031469 0.217778
2 0.311626 0.680000 0.014860 0.115556
16 0.335227 0.742222 0.021853 0.302222
10 0.416521 0.448889 0.023601 0.124444
2 0.468969 0.662222 0.023601 0.151111
18 0.570367 0.422222 0.256119 0.080000
1 0.482517 0.211111 0.033217 0.208889
25 0.496503 0.655556 0.019231 0.146667
4 0.516608 0.166667 0.034965 0.155556
21 0.564248 0.677778 0.011364 0.066667
8 0.579108 0.084444 0.013112 0.142222
1 0.594843 0.640000 0.032343 0.168889
18 0.619755 0.162222 0.024476 0.075556
8 0.659965 0.560000 0.015734 0.160000
21 0.819056 0.417778 0.008741 0.071111
1 0.858829 0.340000 0.025350 0.191111
8 0.915210 0.351111 0.019231 0.213333
14 0.208479 0.157778 0.028846 0.288889
13 0.074738 0.193333 0.028846 0.306667
9 0.112762 0.195556 0.029720 0.142222
18 0.142045 0.173333 0.020105 0.080000
29 0.179196 0.193333 0.022727 0.208889
29 0.084353 0.826667 0.023601 0.213333
1 0.138112 0.773333 0.029720 0.151111
15 0.041958 0.755556 0.024476 0.328889
26 0.114510 0.760000 0.022727 0.186667
2 0.229021 0.764444 0.029720 0.151111
29 0.287587 0.804444 0.026224 0.204444
6 0.550262 0.160000 0.027098 0.204444
29 0.633741 0.697778 0.022727 0.240000
29 0.525787 0.708889 0.023601 0.253333
29 0.660839 0.200000 0.022727 0.240000
13 0.737762 0.393333 0.031469 0.422222
4 0.791084 0.342222 0.027972 0.186667
19 0.882867 0.437778 0.015734 0.111111
29 0.947115 0.424444 0.020105 0.217778
8 0.965909 0.280000 0.012238 0.133333
14 0.988199 0.377778 0.020105 0.364444
