12 0.015544 0.291139 0.027634 0.430380
11 0.017271 0.278481 0.031088 0.481013
12 0.237478 0.379747 0.022453 0.379747
11 0.316926 0.322785 0.029361 0.468354
9 0.384283 0.436709 0.046632 0.240506
18 0.451641 0.398734 0.036269 0.113924
10 0.625216 0.512658 0.041451 0.215190
2 0.708981 0.468354 0.039724 0.303797
19 0.744387 0.569620 0.024180 0.227848
1 0.790155 0.449367 0.046632 0.392405
1 0.897237 0.468354 0.053541 0.354430
27 0.058722 0.297468 0.062176 0.240506
20 0.120035 0.329114 0.032815 0.253165
28 0.185665 0.367089 0.050086 0.253165
5 0.273748 0.196203 0.029361 0.265823
29 0.512090 0.544304 0.036269 0.455696
12 0.552677 0.348101 0.034542 0.443038
26 0.848014 0.436709 0.027634 0.392405
29 0.957686 0.607595 0.046632 0.531646
