9 0.064862 0.551181 0.029622 0.283465
2 0.102145 0.358268 0.018386 0.244094
18 0.147600 0.480315 0.033708 0.110236
20 0.330439 0.515748 0.017365 0.212598
18 0.390705 0.476378 0.074566 0.118110
1 0.383044 0.688976 0.028601 0.244094
18 0.457099 0.472441 0.023493 0.094488
9 0.640449 0.464567 0.026558 0.204724
20 0.784474 0.425197 0.018386 0.173228
1 0.808989 0.460630 0.026558 0.275591
10 0.907048 0.488189 0.024515 0.173228
11 0.026047 0.492126 0.025536 0.559055
4 0.207354 0.433071 0.034729 0.314961
19 0.230848 0.570866 0.012257 0.149606
5 0.253320 0.429134 0.024515 0.291339
29 0.288560 0.559055 0.021450 0.393701
27 0.389173 0.291339 0.051073 0.220472
27 0.512257 0.448819 0.041879 0.188976
28 0.574055 0.437008 0.028601 0.165354
26 0.548008 0.433071 0.019408 0.251969
13 0.610827 0.437008 0.024515 0.574803
18 0.672625 0.437008 0.021450 0.102362
15 0.700204 0.437008 0.023493 0.291339
29 0.738509 0.519685 0.024515 0.299213
16 0.836057 0.440945 0.023493 0.314961
14 0.863636 0.429134 0.021450 0.527559
1 0.958121 0.405512 0.036772 0.322835
