1 0.143426 0.628571 0.043825 0.457143
21 0.208167 0.814286 0.013944 0.142857
2 0.271912 0.671429 0.037849 0.400000
3 0.385458 0.571429 0.037849 0.400000
21 0.434263 0.764286 0.011952 0.157143
21 0.544821 0.692857 0.017928 0.185714
21 0.666335 0.621429 0.017928 0.157143
21 0.782869 0.592857 0.015936 0.128571
10 0.888446 0.514286 0.027888 0.257143
17 0.954183 0.371429 0.047809 0.457143
6 0.071713 0.671429 0.051793 0.428571
21 0.109562 0.864286 0.019920 0.128571
21 0.310757 0.792857 0.015936 0.128571
4 0.482072 0.571429 0.039841 0.457143
5 0.598606 0.478571 0.041833 0.442857
6 0.711155 0.442857 0.043825 0.371429
7 0.832669 0.414286 0.031873 0.428571
