6 0.046683 0.593023 0.054054 0.395349
21 0.106880 0.697674 0.027027 0.162791
1 0.179361 0.540698 0.058968 0.337209
1 0.309582 0.337209 0.039312 0.232558
18 0.375921 0.488372 0.044226 0.139535
6 0.469287 0.453488 0.058968 0.348837
21 0.527027 0.500000 0.017199 0.116279
2 0.597052 0.412791 0.054054 0.313953
9 0.669533 0.470930 0.061425 0.267442
1 0.716216 0.226744 0.046683 0.220930
10 0.809582 0.465116 0.051597 0.209302
17 0.904177 0.319767 0.049140 0.337209
29 0.257985 0.674419 0.063882 0.511628
