9 0.034341 0.673554 0.037546 0.322314
1 0.105311 0.619835 0.036630 0.396694
20 0.178571 0.648760 0.023810 0.256198
15 0.244505 0.561983 0.032967 0.512397
18 0.391941 0.537190 0.023810 0.099174
26 0.532509 0.442149 0.026557 0.504132
15 0.578755 0.458678 0.029304 0.471074
2 0.617674 0.462810 0.028388 0.330579
18 0.703297 0.458678 0.021978 0.140496
10 0.842491 0.404959 0.023810 0.198347
26 0.076465 0.607438 0.026557 0.421488
4 0.300824 0.508264 0.039377 0.421488
9 0.340201 0.553719 0.039377 0.297521
29 0.443681 0.619835 0.028388 0.479339
16 0.483974 0.446281 0.030220 0.429752
29 0.665293 0.561983 0.028388 0.413223
9 0.738095 0.450413 0.029304 0.223140
16 0.778846 0.371901 0.026557 0.479339
1 0.891941 0.334711 0.029304 0.305785
19 0.917582 0.466942 0.012821 0.223140
4 0.961081 0.326446 0.037546 0.322314
