1 0.052314 0.549296 0.048290 0.338028
18 0.233400 0.503521 0.026157 0.119718
2 0.382797 0.447183 0.023139 0.190141
18 0.431087 0.577465 0.033199 0.084507
1 0.486419 0.521127 0.037223 0.309859
20 0.628270 0.552817 0.021127 0.161972
2 0.714789 0.292254 0.019115 0.204225
10 0.808853 0.468310 0.032193 0.190141
2 0.871227 0.440141 0.032193 0.274648
1 0.950704 0.447183 0.040241 0.330986
19 0.099598 0.672535 0.016097 0.204225
6 0.143360 0.531690 0.043260 0.345070
8 0.179074 0.246479 0.024145 0.253521
1 0.283702 0.549296 0.032193 0.281690
21 0.309859 0.633803 0.012072 0.112676
29 0.345070 0.693662 0.026157 0.387324
13 0.528169 0.542254 0.026157 0.535211
29 0.582998 0.637324 0.027163 0.387324
29 0.682093 0.570423 0.026157 0.408451
14 0.752515 0.492958 0.022133 0.605634
26 0.912978 0.415493 0.023139 0.281690
