18 0.238278 0.498113 0.474641 0.075472
11 0.021531 0.769811 0.022010 0.294340
4 0.050239 0.235849 0.035407 0.132075
1 0.044976 0.862264 0.028708 0.116981
12 0.075598 0.775472 0.021053 0.313208
2 0.101435 0.620755 0.021053 0.116981
18 0.159330 0.633962 0.025837 0.052830
19 0.154545 0.279245 0.010526 0.075472
4 0.187081 0.224528 0.039234 0.162264
8 0.188517 0.618868 0.017225 0.128302
1 0.235885 0.560377 0.016268 0.071698
21 0.236364 0.277358 0.015311 0.071698
18 0.316746 0.811321 0.022967 0.052830
13 0.355024 0.805660 0.017225 0.343396
2 0.379904 0.777358 0.021053 0.143396
1 0.422488 0.801887 0.031579 0.147170
18 0.522488 0.507547 0.024880 0.056604
15 0.577033 0.516981 0.030622 0.301887
18 0.752153 0.518868 0.323445 0.056604
13 0.625837 0.815094 0.032536 0.332075
1 0.628708 0.188679 0.034450 0.181132
6 0.655024 0.073585 0.022010 0.139623
8 0.686124 0.735849 0.015311 0.113208
2 0.708134 0.050943 0.013397 0.094340
18 0.721053 0.809434 0.020096 0.049057
18 0.720096 0.081132 0.012440 0.056604
6 0.787560 0.722642 0.017225 0.132075
20 0.792344 0.194340 0.017225 0.116981
20 0.816746 0.796226 0.016268 0.075472
4 0.846890 0.177358 0.032536 0.158491
16 0.928708 0.532075 0.022010 0.233962
26 0.080861 0.243396 0.025837 0.132075
29 0.287560 0.324528 0.027751 0.196226
6 0.330144 0.175472 0.028708 0.132075
18 0.048325 0.771698 0.031579 0.041509
0 0.049282 0.715094 0.016268 0.109434
29 0.127273 0.666038 0.021053 0.177358
29 0.216268 0.666038 0.021053 0.147170
1 0.121531 0.233962 0.032536 0.143396
20 0.244498 0.641509 0.020096 0.090566
0 0.286124 0.641509 0.013397 0.135849
26 0.399522 0.794340 0.018182 0.162264
14 0.450239 0.811321 0.020096 0.264151
29 0.687081 0.132075 0.021053 0.143396
29 0.661722 0.866038 0.022010 0.177358
29 0.740191 0.124528 0.020096 0.143396
29 0.762679 0.854717 0.019139 0.184906
9 0.846890 0.815094 0.026794 0.090566
29 0.874641 0.737736 0.015311 0.109434
14 0.900957 0.801887 0.020096 0.283019
4 0.987081 0.483019 0.022010 0.135849
10 0.966507 0.526415 0.021053 0.086792
