2 0.031100 0.648438 0.039234 0.359375
20 0.137321 0.625000 0.022010 0.250000
20 0.459330 0.515625 0.019139 0.265625
18 0.558852 0.453125 0.019139 0.156250
9 0.699522 0.453125 0.034450 0.250000
1 0.739234 0.246094 0.023923 0.242188
18 0.777990 0.421875 0.021053 0.140625
1 0.824880 0.398438 0.032536 0.343750
9 0.866986 0.390625 0.026794 0.234375
10 0.920096 0.371094 0.025837 0.195312
1 0.964593 0.265625 0.042105 0.375000
19 0.056938 0.796875 0.016268 0.187500
1 0.086124 0.609375 0.034450 0.343750
4 0.194258 0.578125 0.028708 0.343750
19 0.216746 0.734375 0.016268 0.187500
4 0.245455 0.558594 0.029665 0.382812
18 0.296651 0.609375 0.024880 0.125000
1 0.344498 0.523438 0.032536 0.296875
21 0.371292 0.593750 0.011483 0.156250
29 0.405263 0.625000 0.031579 0.500000
2 0.503828 0.437500 0.033493 0.375000
29 0.533971 0.171875 0.024880 0.281250
5 0.589952 0.453125 0.031579 0.343750
19 0.615789 0.640625 0.020096 0.187500
4 0.657895 0.421875 0.037321 0.343750
