2 0.053279 0.572581 0.051913 0.403226
8 0.146175 0.556452 0.046448 0.435484
1 0.270492 0.362903 0.038251 0.274194
19 0.319672 0.677419 0.021858 0.193548
8 0.393443 0.508065 0.038251 0.370968
19 0.461749 0.645161 0.032787 0.193548
2 0.532787 0.500000 0.049180 0.354839
19 0.587432 0.653226 0.021858 0.177419
20 0.737705 0.411290 0.032787 0.306452
4 0.793716 0.443548 0.046448 0.403226
6 0.099727 0.540323 0.046448 0.467742
29 0.222678 0.685484 0.046448 0.467742
6 0.622951 0.451613 0.049180 0.387097
10 0.872951 0.500000 0.051913 0.290323
17 0.927596 0.346774 0.057377 0.435484
