27 0.061828 0.485915 0.091398 0.267606
18 0.146505 0.457746 0.045699 0.098592
1 0.209677 0.443662 0.059140 0.436620
29 0.284946 0.570423 0.080645 0.436620
28 0.365591 0.323944 0.053763 0.225352
18 0.420699 0.281690 0.034946 0.140845
27 0.485215 0.302817 0.072581 0.211268
10 0.606183 0.521127 0.051075 0.197183
2 0.725806 0.450704 0.064516 0.366197
5 0.786290 0.443662 0.051075 0.352113
29 0.837366 0.598592 0.040323 0.464789
20 0.892473 0.478873 0.037634 0.225352
0 0.948925 0.464789 0.032258 0.338028
