1 0.155689 0.413333 0.027944 0.293333
20 0.227545 0.586667 0.035928 0.266667
1 0.316367 0.506667 0.045908 0.506667
11 0.375250 0.506667 0.027944 0.586667
9 0.434132 0.546667 0.057884 0.293333
18 0.486028 0.526667 0.037924 0.200000
12 0.551896 0.520000 0.029940 0.666667
10 0.625749 0.606667 0.049900 0.226667
18 0.858283 0.553333 0.035928 0.120000
5 0.908184 0.506667 0.039920 0.426667
8 0.059880 0.553333 0.039920 0.440000
9 0.114770 0.580000 0.049900 0.280000
0 0.524950 0.513333 0.019960 0.280000
4 0.726547 0.480000 0.063872 0.480000
29 0.780439 0.680000 0.055888 0.480000
22 0.957086 0.573333 0.049900 0.240000
