1 0.043086 0.427632 0.058116 0.434211
2 0.096192 0.427632 0.056112 0.434211
3 0.156313 0.394737 0.048096 0.447368
4 0.218437 0.407895 0.060120 0.421053
19 0.941884 0.644737 0.028056 0.289474
8 0.290581 0.407895 0.052104 0.421053
5 0.349699 0.361842 0.042084 0.434211
6 0.438878 0.407895 0.060120 0.394737
7 0.509018 0.447368 0.044088 0.473684
13 0.590180 0.526316 0.058116 0.684211
14 0.675351 0.480263 0.044088 0.697368
21 0.720441 0.440789 0.022044 0.171053
15 0.770541 0.473684 0.062124 0.605263
16 0.833667 0.453947 0.040080 0.644737
25 0.889780 0.368421 0.024048 0.315789
