18 0.181633 0.500000 0.359184 0.292308
2 0.059184 0.296154 0.048980 0.269231
9 0.121429 0.315385 0.071429 0.169231
20 0.143878 0.819231 0.046939 0.207692
10 0.481633 0.419231 0.053061 0.176923
18 0.763265 0.446154 0.457143 0.169231
1 0.613265 0.196154 0.055102 0.253846
9 0.698980 0.215385 0.063265 0.200000
20 0.774490 0.196154 0.042857 0.176923
27 0.056122 0.850000 0.075510 0.223077
28 0.241837 0.819231 0.071429 0.176923
29 0.283673 0.269231 0.073469 0.276923
27 0.644898 0.769231 0.089796 0.200000
28 0.865306 0.726923 0.093878 0.207692
18 0.748980 0.742308 0.048980 0.100000
29 0.843878 0.250000 0.071429 0.300000
9 0.903061 0.069231 0.067347 0.123077
