2 0.050186 0.546392 0.040892 0.371134
6 0.087361 0.525773 0.033457 0.329897
5 0.127323 0.530928 0.042751 0.360825
2 0.247212 0.376289 0.040892 0.278351
20 0.325279 0.551546 0.037175 0.257732
1 0.501859 0.515464 0.059480 0.371134
10 0.653346 0.556701 0.039033 0.226804
4 0.855019 0.417526 0.044610 0.360825
9 0.907993 0.443299 0.046468 0.268041
1 0.953532 0.278351 0.037175 0.226804
29 0.203532 0.706186 0.053903 0.443299
29 0.582714 0.659794 0.042751 0.453608
0 0.407063 0.510309 0.037175 0.319588
26 0.453532 0.494845 0.040892 0.371134
5 0.728625 0.443299 0.040892 0.371134
25 0.781599 0.484536 0.027881 0.206186
