19 0.040338 0.486239 0.024390 0.385321
0 0.040338 0.495413 0.024390 0.403670
1 0.249531 0.288991 0.030019 0.266055
20 0.325516 0.495413 0.043152 0.238532
2 0.423077 0.467890 0.054409 0.385321
1 0.466229 0.435780 0.043152 0.357798
1 0.638837 0.288991 0.046904 0.229358
10 0.706379 0.527523 0.054409 0.229358
4 0.793621 0.376147 0.052533 0.348624
8 0.869606 0.435780 0.043152 0.357798
19 0.902439 0.605505 0.022514 0.183486
1 0.955910 0.435780 0.065666 0.412844
4 0.085366 0.463303 0.054409 0.357798
8 0.130394 0.467890 0.043152 0.385321
29 0.194184 0.614679 0.054409 0.495413
0 0.512195 0.463303 0.026266 0.321101
29 0.575047 0.582569 0.043152 0.412844
5 0.835835 0.408257 0.043152 0.376147
