4 0.055115 0.788793 0.036155 0.241379
18 0.069665 0.217672 0.047619 0.056034
8 0.108907 0.795259 0.023810 0.211207
20 0.125220 0.213362 0.017637 0.142241
18 0.143298 0.799569 0.018519 0.064655
2 0.170194 0.200431 0.028219 0.193966
8 0.183422 0.771552 0.021164 0.198276
1 0.231041 0.202586 0.042328 0.215517
10 0.373457 0.448276 0.027337 0.137931
6 0.459436 0.273707 0.024691 0.159483
20 0.496914 0.394397 0.016755 0.142241
18 0.623898 0.409483 0.022046 0.051724
18 0.746473 0.420259 0.200176 0.099138
2 0.671076 0.668103 0.021164 0.146552
2 0.672399 0.275862 0.022046 0.129310
19 0.686949 0.706897 0.008818 0.103448
18 0.740741 0.247845 0.014109 0.056034
1 0.767196 0.234914 0.022928 0.142241
18 0.776896 0.633621 0.019400 0.060345
20 0.865961 0.400862 0.015873 0.120690
1 0.934303 0.377155 0.030864 0.185345
0 0.062610 0.137931 0.019400 0.137931
24 0.068783 0.316810 0.031746 0.150862
26 0.199295 0.215517 0.026455 0.198276
18 0.168430 0.504310 0.320988 0.163793
26 0.082451 0.801724 0.020282 0.241379
26 0.207672 0.773707 0.027337 0.211207
4 0.239418 0.754310 0.036155 0.198276
25 0.269841 0.752155 0.017637 0.142241
24 0.303351 0.752155 0.035273 0.168103
29 0.428571 0.506466 0.022928 0.297414
6 0.541005 0.385776 0.030864 0.176724
29 0.580688 0.467672 0.030864 0.254310
29 0.698413 0.308190 0.021164 0.193966
8 0.724868 0.193966 0.014109 0.112069
29 0.746914 0.693966 0.026455 0.241379
4 0.708554 0.642241 0.020282 0.155172
2 0.817019 0.217672 0.029101 0.150862
24 0.809965 0.635776 0.029101 0.133621
26 0.794092 0.193966 0.022046 0.198276
13 0.901675 0.422414 0.025573 0.344828
14 0.965168 0.385776 0.016755 0.314655
