18 0.135112 0.511194 0.256454 0.156716
0 0.043029 0.347015 0.024096 0.186567
1 0.069707 0.753731 0.046472 0.268657
1 0.082616 0.317164 0.037866 0.231343
2 0.147160 0.641791 0.036145 0.194030
9 0.203098 0.320896 0.044750 0.194030
4 0.246127 0.190299 0.030981 0.201493
2 0.246127 0.190299 0.030981 0.201493
18 0.316695 0.455224 0.048193 0.089552
1 0.418244 0.671642 0.048193 0.253731
18 0.475904 0.429104 0.173838 0.111940
2 0.436317 0.227612 0.046472 0.231343
2 0.512909 0.585821 0.030981 0.171642
20 0.616179 0.380597 0.027539 0.194030
18 0.716867 0.440299 0.101549 0.119403
2 0.707401 0.649254 0.051635 0.253731
1 0.711704 0.250000 0.053356 0.335821
10 0.826162 0.402985 0.044750 0.194030
2 0.882100 0.358209 0.049914 0.223881
29 0.114458 0.854478 0.039587 0.261194
6 0.130809 0.313433 0.044750 0.208955
28 0.476764 0.708955 0.051635 0.194030
27 0.506885 0.261194 0.084337 0.179104
1 0.964716 0.436567 0.063683 0.261194
26 0.926850 0.361940 0.036145 0.231343
