11 0.048110 0.404959 0.027491 0.429752
2 0.113402 0.491736 0.048110 0.256198
9 0.178694 0.524793 0.048110 0.206612
2 0.230241 0.347107 0.024055 0.181818
18 0.284364 0.504132 0.039519 0.082645
1 0.343643 0.516529 0.044674 0.272727
2 0.432131 0.438017 0.029210 0.214876
12 0.476804 0.504132 0.032646 0.462810
11 0.520619 0.504132 0.030928 0.429752
18 0.658076 0.590909 0.037801 0.090909
12 0.765464 0.541322 0.029210 0.438017
2 0.795533 0.260331 0.030928 0.223140
10 0.845361 0.615702 0.048110 0.206612
2 0.976804 0.429752 0.029210 0.198347
29 0.394330 0.648760 0.036082 0.355372
27 0.580756 0.582645 0.072165 0.206612
28 0.720790 0.533058 0.042955 0.223140
27 0.932990 0.561983 0.061856 0.198347
