11 0.034216 0.534091 0.037528 0.477273
5 0.091611 0.539773 0.041943 0.397727
9 0.136865 0.556818 0.044150 0.250000
18 0.201987 0.494318 0.046358 0.102273
2 0.258278 0.488636 0.039735 0.340909
12 0.296909 0.443182 0.033113 0.477273
11 0.374172 0.460227 0.033113 0.397727
3 0.429360 0.431818 0.033113 0.386364
9 0.490066 0.437500 0.061810 0.261364
18 0.581678 0.380682 0.050773 0.102273
1 0.644592 0.346591 0.052980 0.329545
12 0.694260 0.352273 0.028698 0.500000
10 0.773731 0.397727 0.055188 0.227273
17 0.886313 0.323864 0.081678 0.397727
