9 0.052009 0.637363 0.070922 0.329670
11 0.127660 0.587912 0.042553 0.472527
1 0.183215 0.571429 0.054374 0.307692
9 0.241135 0.604396 0.056738 0.241758
18 0.307329 0.538462 0.033097 0.087912
2 0.347518 0.560440 0.037825 0.351648
12 0.386525 0.560440 0.030733 0.549451
20 0.447991 0.510989 0.044917 0.252747
1 0.517730 0.554945 0.066194 0.318681
11 0.579196 0.532967 0.037825 0.428571
1 0.647754 0.538462 0.066194 0.417582
9 0.711584 0.587912 0.056738 0.274725
20 0.795508 0.500000 0.049645 0.208791
2 0.864066 0.505495 0.049645 0.461538
12 0.934988 0.434066 0.035461 0.516484
