18 0.038703 0.628866 0.052301 0.082474
2 0.104603 0.649485 0.062762 0.432990
17 0.176778 0.577320 0.052301 0.288660
9 0.242678 0.582474 0.054393 0.216495
1 0.306485 0.396907 0.056485 0.298969
20 0.402720 0.412371 0.048117 0.226804
1 0.474895 0.360825 0.066946 0.371134
17 0.540795 0.257732 0.060669 0.350515
9 0.619247 0.298969 0.071130 0.309278
20 0.703975 0.247423 0.056485 0.226804
4 0.763598 0.252577 0.050209 0.422680
10 0.849372 0.283505 0.058577 0.216495
17 0.918410 0.211340 0.071130 0.298969
