11 0.045679 0.632530 0.046914 0.542169
9 0.114815 0.722892 0.076543 0.313253
20 0.196296 0.626506 0.051852 0.289157
1 0.258025 0.578313 0.056790 0.361446
12 0.303704 0.548193 0.034568 0.614458
11 0.365432 0.554217 0.029630 0.506024
1 0.423457 0.548193 0.061728 0.373494
9 0.491358 0.512048 0.069136 0.325301
18 0.569136 0.421687 0.046914 0.144578
2 0.622222 0.385542 0.049383 0.433735
12 0.662963 0.379518 0.027160 0.638554
20 0.774074 0.307229 0.061728 0.301205
1 0.864198 0.246988 0.079012 0.349398
