5 0.065163 0.528571 0.055138 0.390476
9 0.122807 0.561905 0.055138 0.228571
29 0.205514 0.619048 0.065163 0.438095
1 0.266917 0.319048 0.052632 0.238095
18 0.325815 0.466667 0.040100 0.076190
8 0.426065 0.352381 0.045113 0.361905
9 0.482456 0.409524 0.057644 0.247619
29 0.541353 0.509524 0.045113 0.466667
1 0.598997 0.204762 0.055138 0.257143
20 0.681704 0.352381 0.050125 0.209524
1 0.746867 0.309524 0.075188 0.352381
3 0.812030 0.300000 0.045113 0.333333
9 0.874687 0.290476 0.065163 0.295238
29 0.948622 0.419048 0.057644 0.533333
