3 0.052350 0.648148 0.044872 0.481481
9 0.103632 0.629630 0.049145 0.271605
2 0.151709 0.364198 0.042735 0.283951
20 0.235043 0.518519 0.042735 0.222222
8 0.322650 0.438272 0.047009 0.382716
9 0.377137 0.475309 0.053419 0.283951
1 0.425214 0.240741 0.047009 0.259259
18 0.495726 0.388889 0.038462 0.160494
20 0.709402 0.339506 0.038462 0.283951
3 0.774573 0.438272 0.057692 0.629630
10 0.853632 0.469136 0.057692 0.222222
17 0.949786 0.382716 0.061966 0.395062
1 0.565171 0.388889 0.049145 0.481481
9 0.613248 0.481481 0.068376 0.320988
