4 0.045293 0.648810 0.055062 0.416667
9 0.105684 0.684524 0.062167 0.345238
3 0.149201 0.416667 0.028419 0.428571
20 0.215808 0.559524 0.044405 0.333333
2 0.301954 0.571429 0.046181 0.476190
9 0.346359 0.601190 0.042629 0.321429
2 0.392540 0.339286 0.035524 0.416667
20 0.461812 0.494048 0.039076 0.321429
2 0.554174 0.464286 0.046181 0.571429
9 0.607460 0.511905 0.056838 0.380952
20 0.698934 0.428571 0.047957 0.285714
6 0.792185 0.351190 0.060391 0.464286
10 0.882771 0.464286 0.046181 0.285714
17 0.957371 0.333333 0.067496 0.452381
