5 0.067308 0.598425 0.057692 0.314961
9 0.125000 0.641732 0.057692 0.228346
29 0.200962 0.748031 0.059615 0.456693
20 0.286538 0.598425 0.038462 0.188976
3 0.385577 0.547244 0.051923 0.322835
9 0.438462 0.562992 0.046154 0.244094
1 0.485577 0.381890 0.044231 0.228346
29 0.538462 0.661417 0.050000 0.503937
20 0.633654 0.456693 0.048077 0.173228
1 0.717308 0.366142 0.057692 0.338583
9 0.786538 0.377953 0.061538 0.220472
29 0.843269 0.488189 0.048077 0.440945
1 0.887500 0.181102 0.055769 0.188976
10 0.953846 0.330709 0.065385 0.157480
