4 0.063315 0.712963 0.059590 0.462963
9 0.138734 0.740741 0.065177 0.259259
4 0.189944 0.486111 0.052142 0.287037
18 0.270950 0.615741 0.035382 0.120370
2 0.349162 0.615741 0.046555 0.453704
9 0.402235 0.652778 0.052142 0.194444
2 0.446927 0.416667 0.052142 0.314815
18 0.512104 0.532407 0.040968 0.101852
1 0.585661 0.476852 0.054004 0.435185
9 0.648045 0.537037 0.070764 0.277778
1 0.695531 0.208333 0.050279 0.305556
20 0.789572 0.435185 0.052142 0.240741
0 0.867784 0.407407 0.033520 0.314815
10 0.950652 0.421296 0.068901 0.268519
