1 0.042683 0.756881 0.054007 0.376147
9 0.110627 0.724771 0.067944 0.275229
3 0.171603 0.541284 0.043554 0.311927
20 0.243031 0.610092 0.036585 0.247706
1 0.298780 0.564220 0.050523 0.394495
9 0.350174 0.610092 0.048780 0.266055
2 0.398955 0.399083 0.034843 0.357798
20 0.481707 0.495413 0.040070 0.275229
2 0.547909 0.408257 0.054007 0.431193
9 0.604530 0.463303 0.055749 0.284404
1 0.640244 0.178899 0.054007 0.284404
18 0.705575 0.357798 0.041812 0.128440
1 0.772648 0.316514 0.060976 0.412844
10 0.875436 0.288991 0.057491 0.229358
17 0.959059 0.256881 0.064460 0.293578
