2 0.030752 0.612150 0.047836 0.345794
1 0.086560 0.570093 0.045558 0.299065
0 0.143508 0.551402 0.022779 0.317757
21 0.178815 0.644860 0.020501 0.093458
4 0.253986 0.514019 0.047836 0.299065
5 0.391800 0.476636 0.045558 0.299065
19 0.579727 0.598131 0.020501 0.186916
1 0.651481 0.429907 0.059226 0.317757
1 0.809795 0.294393 0.034169 0.158879
10 0.867882 0.457944 0.054670 0.186916
1 0.962415 0.397196 0.061503 0.289720
29 0.510251 0.588785 0.059226 0.392523
27 0.740319 0.476636 0.068337 0.186916
21 0.325740 0.612150 0.022779 0.084112
