18 0.120283 0.529605 0.033019 0.138158
21 0.221226 0.569079 0.012264 0.111842
2 0.257075 0.457237 0.034906 0.348684
18 0.299057 0.509868 0.026415 0.111842
20 0.383962 0.503289 0.018868 0.190789
2 0.423113 0.490132 0.027358 0.243421
1 0.486792 0.483553 0.041509 0.269737
24 0.607547 0.460526 0.022642 0.197368
18 0.649057 0.437500 0.024528 0.125000
24 0.811792 0.473684 0.021698 0.184211
18 0.849528 0.473684 0.021698 0.105263
10 0.946226 0.463816 0.020755 0.190789
17 0.982547 0.427632 0.025472 0.236842
16 0.910849 0.470395 0.025472 0.375000
29 0.038208 0.595395 0.029245 0.414474
29 0.076415 0.328947 0.022642 0.263158
29 0.195755 0.615132 0.025472 0.335526
1 0.166509 0.503289 0.033019 0.322368
29 0.338208 0.569079 0.027358 0.348684
26 0.448585 0.486842 0.027358 0.302632
25 0.530660 0.503289 0.017925 0.151316
13 0.574528 0.496711 0.026415 0.546053
29 0.698113 0.552632 0.024528 0.355263
14 0.735849 0.500000 0.024528 0.486842
21 0.756604 0.519737 0.011321 0.118421
15 0.783491 0.496711 0.029245 0.414474
22 0.883491 0.473684 0.023585 0.197368
