17 0.426304 0.450549 0.045351 0.351648
17 0.480726 0.450549 0.058957 0.351648
1 0.577098 0.406593 0.079365 0.417582
2 0.660998 0.406593 0.065760 0.351648
10 0.900227 0.472527 0.054422 0.219780
1 0.958050 0.417582 0.056689 0.351648
17 0.079365 0.549451 0.058957 0.351648
19 0.119048 0.736264 0.029478 0.219780
17 0.165533 0.494505 0.045351 0.285714
17 0.208617 0.516484 0.049887 0.285714
17 0.261905 0.483516 0.052154 0.307692
17 0.316327 0.483516 0.052154 0.263736
17 0.365079 0.483516 0.054422 0.285714
27 0.789116 0.439560 0.104308 0.241758
