2 0.089189 0.355140 0.037838 0.317757
18 0.247748 0.341121 0.048649 0.140187
2 0.372072 0.191589 0.034234 0.252336
18 0.551351 0.275701 0.039640 0.121495
12 0.631532 0.313084 0.030631 0.439252
10 0.759459 0.373832 0.055856 0.205607
13 0.037838 0.392523 0.039640 0.598131
1 0.142342 0.378505 0.046847 0.308411
0 0.192793 0.345794 0.028829 0.299065
29 0.328829 0.457944 0.037838 0.411215
11 0.430631 0.275701 0.039640 0.327103
9 0.496396 0.313084 0.063063 0.214953
0 0.605405 0.294393 0.025225 0.289720
14 0.675676 0.331776 0.039640 0.626168
4 0.865766 0.303738 0.066667 0.364486
29 0.947748 0.443925 0.061261 0.476636
