21 0.169413 0.396739 0.013388 0.119565
2 0.203913 0.277174 0.028836 0.358696
20 0.252317 0.320652 0.022657 0.228261
18 0.359423 0.353261 0.018538 0.119565
20 0.483007 0.429348 0.020597 0.271739
7 0.565911 0.304348 0.019567 0.347826
18 0.929454 0.489130 0.023687 0.130435
2 0.968589 0.521739 0.023687 0.369565
29 0.022657 0.304348 0.030896 0.565217
1 0.106076 0.326087 0.035015 0.391304
29 0.143666 0.500000 0.027806 0.586957
9 0.300206 0.347826 0.036045 0.282609
6 0.332647 0.125000 0.035015 0.228261
29 0.407312 0.461957 0.027806 0.402174
6 0.440783 0.353261 0.028836 0.336957
29 0.529351 0.614130 0.030896 0.641304
18 0.604016 0.483696 0.017508 0.141304
29 0.657570 0.592391 0.025747 0.510870
29 0.716272 0.695652 0.025747 0.565217
26 0.686921 0.521739 0.024717 0.413043
20 0.769825 0.521739 0.021627 0.260870
13 0.828012 0.559783 0.035015 0.815217
29 0.880536 0.635870 0.030896 0.554348
14 0.985067 0.559783 0.029866 0.880435
18 0.065911 0.304348 0.022657 0.130435
