2 0.108836 0.367550 0.062500 0.178808
25 0.206897 0.509934 0.025862 0.132450
9 0.345905 0.486755 0.071121 0.178808
2 0.398707 0.367550 0.047414 0.178808
10 0.501078 0.509934 0.053879 0.145695
11 0.606681 0.470199 0.066810 0.701987
18 0.688578 0.523179 0.165948 0.105960
2 0.747845 0.268212 0.038793 0.165563
2 0.745690 0.675497 0.030172 0.132450
12 0.818966 0.460265 0.060345 0.615894
18 0.882543 0.192053 0.045259 0.079470
29 0.051724 0.599338 0.060345 0.311258
29 0.689655 0.791391 0.047414 0.298013
9 0.685345 0.341060 0.073276 0.152318
0 0.948276 0.135762 0.025862 0.178808
