2 0.037356 0.500000 0.047893 0.267606
18 0.129310 0.323944 0.032567 0.070423
20 0.250000 0.507042 0.040230 0.183099
18 0.395594 0.528169 0.197318 0.112676
2 0.341954 0.394366 0.047893 0.197183
2 0.349617 0.823944 0.055556 0.239437
18 0.383142 0.369718 0.038314 0.091549
9 0.405172 0.852113 0.051724 0.154930
1 0.417625 0.380282 0.049808 0.183099
1 0.451149 0.711268 0.036398 0.140845
18 0.559387 0.528169 0.042146 0.070423
2 0.632184 0.746479 0.042146 0.225352
18 0.713602 0.524648 0.250958 0.105634
18 0.755747 0.778169 0.040230 0.063380
20 0.752874 0.306338 0.030651 0.161972
10 0.901341 0.475352 0.040230 0.133803
17 0.957854 0.450704 0.038314 0.225352
9 0.090038 0.348592 0.045977 0.133803
29 0.180077 0.362676 0.042146 0.190141
29 0.466475 0.411972 0.044061 0.147887
29 0.694444 0.830986 0.044061 0.295775
0 0.807471 0.742958 0.024904 0.232394
1 0.654215 0.292254 0.051724 0.246479
29 0.698276 0.362676 0.032567 0.246479
0 0.792146 0.274648 0.021073 0.211268
