4 0.194346 0.448276 0.038869 0.367816
1 0.348057 0.672414 0.060071 0.425287
11 0.409011 0.678161 0.033569 0.459770
18 0.512367 0.672414 0.038869 0.172414
0 0.537102 0.666667 0.021201 0.367816
12 0.569788 0.660920 0.030035 0.471264
10 0.693463 0.701149 0.047703 0.275862
2 0.790636 0.603448 0.051237 0.379310
9 0.856890 0.660920 0.053004 0.310345
1 0.957597 0.666667 0.049470 0.344828
11 0.041519 0.643678 0.037102 0.597701
2 0.098057 0.655172 0.040636 0.413793
1 0.137809 0.729885 0.042403 0.356322
9 0.232332 0.528736 0.040636 0.275862
9 0.463781 0.729885 0.051237 0.287356
12 0.613958 0.637931 0.044170 0.701149
18 0.923145 0.603448 0.033569 0.149425
