2 0.074380 0.494048 0.022039 0.202381
3 0.268595 0.404762 0.021120 0.214286
4 0.372360 0.497024 0.046832 0.291667
18 0.425161 0.523810 0.027548 0.095238
20 0.584022 0.511905 0.022039 0.178571
9 0.636364 0.479167 0.040404 0.255952
21 0.670340 0.538690 0.012856 0.101190
1 0.704775 0.452381 0.033976 0.297619
10 0.755280 0.485119 0.032140 0.148810
1 0.815886 0.431548 0.032140 0.279762
29 0.037649 0.747024 0.038567 0.386905
18 0.120753 0.622024 0.026630 0.089286
1 0.180441 0.574405 0.037649 0.327381
29 0.227273 0.684524 0.030303 0.416667
20 0.303949 0.529762 0.025712 0.202381
5 0.470156 0.467262 0.033058 0.315476
19 0.493113 0.610119 0.020202 0.172619
4 0.532599 0.461310 0.040404 0.291667
25 0.854913 0.452381 0.016529 0.154762
4 0.894858 0.389881 0.032140 0.279762
26 0.926079 0.407738 0.026630 0.339286
2 0.966942 0.389881 0.029385 0.255952
