8 0.033366 0.681818 0.020309 0.272727
18 0.141683 0.318182 0.269826 0.146853
18 0.112669 0.139860 0.026112 0.097902
20 0.112186 0.646853 0.019342 0.174825
7 0.185203 0.076923 0.020309 0.139860
1 0.190039 0.632867 0.024178 0.244755
19 0.211799 0.716783 0.009671 0.118881
4 0.234043 0.615385 0.027079 0.237762
10 0.317698 0.248252 0.022244 0.146853
20 0.415377 0.234266 0.022244 0.146853
18 0.551741 0.237762 0.024178 0.097902
20 0.659091 0.269231 0.014507 0.160839
2 0.699226 0.255245 0.021277 0.244755
19 0.716151 0.335664 0.010638 0.125874
6 0.855416 0.192308 0.018375 0.188811
18 0.891199 0.297203 0.020309 0.076923
16 0.958897 0.293706 0.020309 0.349650
27 0.041586 0.171329 0.034816 0.146853
27 0.067698 0.527972 0.030948 0.146853
6 0.072534 0.080420 0.021277 0.132867
28 0.154255 0.150350 0.026112 0.146853
8 0.147969 0.608392 0.015474 0.237762
26 0.165377 0.643357 0.019342 0.251748
24 0.376209 0.223776 0.023211 0.195804
13 0.463733 0.269231 0.028046 0.440559
9 0.507253 0.251748 0.029981 0.195804
29 0.587041 0.321678 0.021277 0.349650
14 0.618472 0.283217 0.026112 0.426573
4 0.746615 0.216783 0.034816 0.307692
21 0.758221 0.311189 0.015474 0.118881
15 0.784816 0.255245 0.028046 0.370629
29 0.825435 0.367133 0.026112 0.328671
29 0.931818 0.346154 0.022244 0.370629
