6 0.121005 0.375000 0.050228 0.192308
18 0.199772 0.543269 0.043379 0.105769
1 0.289954 0.471154 0.068493 0.307692
6 0.358447 0.375000 0.045662 0.250000
20 0.497717 0.471154 0.041096 0.192308
1 0.573059 0.471154 0.050228 0.269231
2 0.684932 0.485577 0.059361 0.298077
6 0.797945 0.360577 0.038813 0.221154
10 0.843607 0.533654 0.038813 0.144231
6 0.633562 0.471154 0.043379 0.269231
24 0.077626 0.567308 0.059361 0.192308
24 0.412100 0.485577 0.057078 0.221154
29 0.755708 0.620192 0.050228 0.394231
8 0.904110 0.442308 0.050228 0.326923
