1 0.043438 0.780405 0.044362 0.263514
18 0.208872 0.493243 0.024030 0.094595
1 0.248152 0.489865 0.030499 0.236486
19 0.277264 0.597973 0.011091 0.155405
8 0.297597 0.513514 0.018484 0.256757
2 0.512939 0.476351 0.022181 0.222973
18 0.603512 0.510135 0.022181 0.101351
15 0.647874 0.527027 0.024030 0.445946
20 0.721811 0.530405 0.020333 0.182432
1 0.766174 0.500000 0.025878 0.229730
19 0.784196 0.604730 0.008318 0.128378
16 0.896950 0.493243 0.032348 0.351351
10 0.942237 0.510135 0.019409 0.141892
17 0.975970 0.486486 0.025878 0.229730
0 0.050370 0.304054 0.015712 0.256757
18 0.047597 0.516892 0.054529 0.087838
27 0.123383 0.554054 0.041590 0.189189
6 0.164510 0.327703 0.024030 0.182432
26 0.335952 0.513514 0.026802 0.283784
13 0.368299 0.493243 0.026802 0.689189
27 0.396950 0.500000 0.047135 0.202703
18 0.459335 0.466216 0.024030 0.094595
14 0.549908 0.456081 0.025878 0.574324
24 0.681146 0.513514 0.029575 0.189189
4 0.810998 0.489865 0.024954 0.304054
29 0.853512 0.641892 0.024954 0.378378
