2 0.087902 0.513761 0.039698 0.201835
18 0.146503 0.692661 0.039698 0.082569
20 0.335539 0.683486 0.039698 0.211009
8 0.457467 0.435780 0.026465 0.211009
10 0.528355 0.683486 0.047259 0.174312
18 0.777883 0.568807 0.058601 0.110092
22 0.050095 0.720183 0.043478 0.229358
23 0.222117 0.623853 0.043478 0.348624
6 0.272212 0.458716 0.049149 0.256881
24 0.423440 0.655963 0.049149 0.266055
27 0.637996 0.610092 0.085066 0.229358
27 0.930057 0.376147 0.064272 0.201835
28 0.713611 0.362385 0.043478 0.211009
28 0.856333 0.600917 0.052930 0.192661
