17 0.094877 0.606061 0.030361 0.454545
17 0.135674 0.583333 0.039848 0.530303
17 0.611006 0.500000 0.034156 0.575758
10 0.796964 0.530303 0.053131 0.333333
17 0.061670 0.643939 0.028463 0.378788
0 0.033207 0.674242 0.024668 0.409091
26 0.213472 0.606061 0.032258 0.575758
1 0.286528 0.553030 0.049336 0.469697
17 0.329222 0.530303 0.036053 0.454545
17 0.366224 0.507576 0.041746 0.378788
17 0.406072 0.462121 0.037951 0.469697
26 0.498102 0.500000 0.032258 0.545455
17 0.652751 0.446970 0.034156 0.530303
17 0.690702 0.439394 0.034156 0.545455
2 0.562619 0.500000 0.047438 0.545455
2 0.868121 0.401515 0.051233 0.590909
23 0.918406 0.363636 0.041746 0.545455
24 0.962998 0.424242 0.047438 0.363636
