18 0.141657 0.286364 0.032475 0.154545
18 0.606943 0.372727 0.024636 0.109091
2 0.696529 0.254545 0.017917 0.200000
18 0.734602 0.404545 0.029115 0.136364
10 0.846585 0.418182 0.026876 0.200000
1 0.950728 0.413636 0.033595 0.336364
27 0.033035 0.331818 0.054871 0.209091
28 0.090705 0.095455 0.029115 0.172727
1 0.202128 0.300000 0.034714 0.327273
19 0.216125 0.413636 0.011198 0.172727
4 0.249160 0.213636 0.027996 0.354545
26 0.296753 0.281818 0.033595 0.381818
2 0.339306 0.304545 0.033595 0.336364
19 0.369541 0.422727 0.013438 0.172727
4 0.402576 0.263636 0.030235 0.345455
20 0.455767 0.313636 0.022396 0.245455
2 0.506159 0.359091 0.029115 0.300000
21 0.533595 0.459091 0.012318 0.136364
29 0.558791 0.504545 0.029115 0.445455
29 0.665174 0.518182 0.029115 0.418182
29 0.786114 0.513636 0.024636 0.409091
0 0.885778 0.386364 0.013438 0.263636
26 0.914334 0.386364 0.019037 0.300000
