18 0.126600 0.553922 0.022852 0.166667
1 0.281993 0.475490 0.031993 0.382353
2 0.347349 0.220588 0.018282 0.303922
18 0.382084 0.416667 0.020110 0.107843
2 0.419561 0.372549 0.021938 0.352941
18 0.562614 0.382353 0.024680 0.176471
11 0.667276 0.338235 0.018282 0.558824
20 0.720293 0.392157 0.020110 0.274510
12 0.775594 0.328431 0.021024 0.578431
18 0.822212 0.323529 0.022852 0.137255
10 0.925046 0.367647 0.021938 0.186275
17 0.970750 0.299020 0.025594 0.382353
27 0.873400 0.348039 0.041133 0.264706
29 0.683272 0.553922 0.026508 0.460784
0 0.752285 0.382353 0.014625 0.411765
26 0.646252 0.387255 0.021938 0.460784
4 0.616545 0.382353 0.033821 0.372549
14 0.515539 0.446078 0.027422 0.813725
29 0.450183 0.573529 0.019196 0.480392
3 0.484461 0.259804 0.016453 0.264706
29 0.319013 0.583333 0.025594 0.460784
13 0.244059 0.441176 0.023766 0.647059
21 0.219378 0.549020 0.014625 0.137255
16 0.199726 0.446078 0.024680 0.500000
29 0.167276 0.700980 0.023766 0.558824
9 0.082724 0.588235 0.030165 0.313725
15 0.026965 0.578431 0.030165 0.568627
