6 0.097015 0.316832 0.038143 0.277228
2 0.211443 0.465347 0.044776 0.396040
18 0.388060 0.485149 0.039801 0.099010
2 0.458541 0.445545 0.044776 0.297030
1 0.520730 0.455446 0.059701 0.336634
18 0.703980 0.445545 0.038143 0.118812
10 0.907131 0.475248 0.033167 0.198020
17 0.954395 0.445545 0.044776 0.336634
27 0.048093 0.534653 0.066335 0.257426
18 0.149254 0.475248 0.036484 0.138614
29 0.287728 0.594059 0.044776 0.396040
8 0.330846 0.341584 0.031509 0.287129
29 0.588723 0.584158 0.043118 0.475248
27 0.653400 0.316832 0.056385 0.198020
28 0.768657 0.455446 0.054726 0.198020
20 0.817579 0.475248 0.029851 0.277228
6 0.866501 0.435644 0.034826 0.316832
