1 0.110432 0.461538 0.031015 0.376068
6 0.364192 0.444444 0.031015 0.341880
4 0.426692 0.452991 0.033835 0.393162
20 0.477914 0.585470 0.025376 0.282051
0 0.561090 0.478632 0.018797 0.324786
17 0.615132 0.452991 0.021617 0.290598
1 0.725564 0.521368 0.033835 0.307692
17 0.777256 0.487179 0.020677 0.307692
11 0.833647 0.504274 0.016917 0.478632
9 0.865602 0.538462 0.026316 0.273504
2 0.890508 0.346154 0.015977 0.230769
12 0.903195 0.495726 0.022556 0.529915
10 0.926692 0.521368 0.016917 0.222222
27 0.031485 0.576923 0.046053 0.230769
26 0.076598 0.495726 0.027256 0.376068
25 0.158835 0.521368 0.011278 0.222222
28 0.213346 0.512821 0.037594 0.222222
19 0.245771 0.619658 0.015977 0.196581
2 0.289004 0.427350 0.032895 0.358974
21 0.327538 0.555556 0.012218 0.136752
19 0.396147 0.628205 0.015977 0.179487
13 0.529605 0.538462 0.025376 0.649573
4 0.591165 0.444444 0.031955 0.341880
14 0.647556 0.504274 0.022556 0.632479
15 0.691729 0.529915 0.026316 0.529915
4 0.753759 0.512821 0.026316 0.290598
16 0.795113 0.487179 0.030075 0.444444
17 0.967105 0.452991 0.031955 0.324786
