9 0.084459 0.413534 0.050676 0.195489
18 0.181588 0.191729 0.032095 0.097744
9 0.255068 0.184211 0.033784 0.157895
1 0.293919 0.093985 0.023649 0.142857
20 0.320946 0.458647 0.027027 0.165414
4 0.434122 0.300752 0.033784 0.150376
11 0.538007 0.372180 0.035473 0.383459
9 0.593750 0.413534 0.052365 0.180451
18 0.664696 0.398496 0.038851 0.105263
4 0.718750 0.390977 0.042230 0.225564
10 0.819257 0.439850 0.037162 0.142857
9 0.921453 0.424812 0.038851 0.187970
1 0.961149 0.289474 0.033784 0.157895
13 0.022804 0.413534 0.042230 0.556391
29 0.138514 0.233083 0.033784 0.225564
4 0.220439 0.154135 0.035473 0.203008
29 0.389358 0.515038 0.042230 0.368421
14 0.484797 0.375940 0.037162 0.526316
12 0.761824 0.383459 0.043919 0.360902
5 0.881757 0.379699 0.043919 0.293233
