1 0.018929 0.554622 0.032318 0.319328
20 0.151893 0.529412 0.021237 0.268908
10 0.660665 0.483193 0.028624 0.226891
15 0.879040 0.411765 0.031394 0.554622
16 0.926593 0.399160 0.021237 0.512605
11 0.952909 0.394958 0.016620 0.521008
12 0.989381 0.394958 0.017544 0.521008
25 0.054017 0.609244 0.010157 0.210084
4 0.099723 0.533613 0.031394 0.327731
5 0.208218 0.495798 0.030471 0.352941
25 0.246076 0.542017 0.017544 0.210084
29 0.292244 0.605042 0.024931 0.521008
25 0.341182 0.483193 0.010157 0.210084
29 0.394737 0.579832 0.028624 0.436975
7 0.424284 0.285714 0.017544 0.285714
18 0.472761 0.453782 0.024007 0.168067
1 0.518929 0.386555 0.033241 0.403361
19 0.552632 0.596639 0.023084 0.268908
4 0.592798 0.407563 0.035088 0.428571
5 0.722530 0.361345 0.026777 0.369748
13 0.784395 0.449580 0.023084 0.529412
14 0.831025 0.466387 0.025854 0.579832
