1 0.599628 0.471014 0.037244 0.391304
10 0.881750 0.420290 0.042831 0.260870
22 0.041899 0.630435 0.046555 0.333333
22 0.184358 0.608696 0.044693 0.318841
23 0.297952 0.507246 0.033520 0.463768
24 0.396648 0.471014 0.037244 0.362319
5 0.953445 0.311594 0.044693 0.507246
13 0.121974 0.630435 0.042831 0.739130
13 0.247672 0.572464 0.040968 0.681159
13 0.348231 0.543478 0.040968 0.652174
13 0.449721 0.521739 0.039106 0.666667
13 0.564246 0.507246 0.037244 0.637681
14 0.647114 0.449275 0.035382 0.637681
14 0.689944 0.442029 0.035382 0.652174
14 0.728119 0.427536 0.029795 0.652174
14 0.764432 0.405797 0.031657 0.724638
14 0.800745 0.398551 0.029795 0.768116
