2 0.165230 0.550633 0.060345 0.341772
11 0.339080 0.474684 0.040230 0.443038
2 0.409483 0.481013 0.048851 0.329114
10 0.745690 0.379747 0.054598 0.227848
2 0.910920 0.208861 0.051724 0.265823
0 0.100575 0.544304 0.028736 0.278481
13 0.048851 0.645570 0.057471 0.658228
4 0.245690 0.493671 0.071839 0.329114
5 0.462644 0.430380 0.051724 0.329114
17 0.514368 0.386076 0.045977 0.291139
12 0.561782 0.392405 0.048851 0.430380
14 0.640805 0.386076 0.045977 0.670886
29 0.844828 0.500000 0.068966 0.468354
