6 0.095294 0.398734 0.044706 0.341772
11 0.178824 0.544304 0.042353 0.481013
18 0.311765 0.594937 0.044706 0.151899
0 0.355294 0.556962 0.018824 0.379747
20 0.588235 0.607595 0.028235 0.227848
1 0.705882 0.398734 0.047059 0.215190
10 0.764706 0.651899 0.051765 0.189873
18 0.905882 0.575949 0.047059 0.139241
24 0.043529 0.632911 0.049412 0.329114
24 0.244706 0.626582 0.042353 0.215190
12 0.408235 0.544304 0.040000 0.455696
11 0.461176 0.512658 0.042353 0.417722
29 0.531765 0.677215 0.037647 0.392405
0 0.627059 0.563291 0.021176 0.265823
12 0.655294 0.556962 0.040000 0.481013
24 0.852941 0.607595 0.054118 0.253165
4 0.971765 0.556962 0.051765 0.303797
