18 0.143209 0.515873 0.022638 0.111111
6 0.335138 0.289683 0.030512 0.246032
18 0.375000 0.500000 0.023622 0.111111
19 0.441437 0.615079 0.010827 0.182540
7 0.628937 0.468254 0.023622 0.269841
10 0.797244 0.539683 0.023622 0.158730
1 0.853839 0.436508 0.026575 0.285714
4 0.903543 0.412698 0.027559 0.333333
2 0.966043 0.289683 0.020669 0.214286
13 0.039862 0.571429 0.028543 0.650794
9 0.080217 0.503968 0.032480 0.246032
6 0.112697 0.365079 0.024606 0.206349
29 0.189469 0.603175 0.022638 0.412698
7 0.218012 0.337302 0.018701 0.230159
20 0.254429 0.523810 0.016732 0.222222
9 0.304134 0.500000 0.041339 0.206349
1 0.419783 0.464286 0.028543 0.325397
4 0.477854 0.444444 0.040354 0.349206
29 0.511811 0.642857 0.029528 0.380952
20 0.570866 0.551587 0.019685 0.166667
29 0.669291 0.603175 0.023622 0.349206
26 0.709154 0.464286 0.024606 0.388889
24 0.736713 0.515873 0.034449 0.253968
14 0.768209 0.523810 0.026575 0.666667
19 0.875984 0.583333 0.013780 0.166667
29 0.934547 0.547619 0.026575 0.380952
