6 0.274423 0.500000 0.037300 0.311111
1 0.358792 0.394444 0.028419 0.233333
20 0.402309 0.544444 0.030195 0.244444
4 0.459147 0.505556 0.040853 0.388889
16 0.507993 0.500000 0.028419 0.511111
11 0.551510 0.516667 0.030195 0.477778
9 0.616341 0.550000 0.046181 0.277778
18 0.701599 0.561111 0.053286 0.144444
10 0.908526 0.477778 0.033748 0.244444
15 0.046181 0.527778 0.035524 0.566667
6 0.103020 0.527778 0.053286 0.388889
29 0.159858 0.700000 0.042629 0.488889
29 0.322380 0.677778 0.040853 0.444444
18 0.223801 0.566667 0.035524 0.133333
6 0.651865 0.327778 0.039076 0.255556
5 0.768206 0.433333 0.040853 0.400000
9 0.819716 0.494444 0.047957 0.255556
12 0.859680 0.427778 0.046181 0.544444
6 0.971581 0.416667 0.056838 0.411111
