18 0.264840 0.572727 0.027397 0.127273
9 0.332192 0.554545 0.043379 0.345455
18 0.388128 0.536364 0.022831 0.200000
18 0.517123 0.454545 0.025114 0.145455
18 0.631279 0.427273 0.034247 0.163636
10 0.923516 0.436364 0.029680 0.254545
1 0.039954 0.545455 0.052511 0.509091
4 0.089041 0.527273 0.050228 0.472727
5 0.130137 0.472727 0.045662 0.509091
29 0.189498 0.690909 0.045662 0.618182
29 0.448630 0.618182 0.043379 0.581818
22 0.577626 0.472727 0.041096 0.290909
23 0.678082 0.345455 0.031963 0.509091
24 0.762557 0.418182 0.041096 0.400000
25 0.718037 0.409091 0.025114 0.345455
26 0.819635 0.354545 0.045662 0.454545
23 0.868721 0.345455 0.043379 0.472727
17 0.963470 0.309091 0.041096 0.472727
