19 0.056462 0.535912 0.015056 0.132597
8 0.093476 0.458564 0.026349 0.187845
2 0.282309 0.419890 0.035132 0.176796
19 0.310540 0.502762 0.013802 0.110497
21 0.383312 0.505525 0.016311 0.071823
18 0.537014 0.516575 0.271016 0.082873
9 0.454831 0.754144 0.041405 0.182320
8 0.492472 0.138122 0.021330 0.176796
2 0.499373 0.657459 0.030113 0.143646
1 0.577792 0.715470 0.036386 0.193370
1 0.601004 0.240331 0.037641 0.226519
4 0.639900 0.715470 0.037641 0.237569
18 0.792974 0.477901 0.035132 0.082873
1 0.848181 0.439227 0.045169 0.215470
10 0.914053 0.477901 0.043915 0.127072
17 0.976161 0.414365 0.032622 0.254144
6 0.029486 0.458564 0.036386 0.154696
7 0.131117 0.458564 0.028858 0.187845
6 0.175659 0.447514 0.035132 0.165746
25 0.227102 0.458564 0.017566 0.132597
4 0.346299 0.447514 0.042660 0.232044
29 0.447930 0.298343 0.035132 0.265193
18 0.543915 0.245856 0.026349 0.082873
29 0.639900 0.312155 0.035132 0.259669
18 0.543915 0.729282 0.023839 0.088398
19 0.601004 0.837017 0.017566 0.116022
27 0.716437 0.497238 0.042660 0.132597
