18 0.131737 0.261905 0.035928 0.123810
20 0.247505 0.433333 0.039920 0.200000
1 0.331337 0.414286 0.059880 0.314286
9 0.403194 0.466667 0.059880 0.228571
18 0.471058 0.447619 0.043912 0.076190
2 0.616766 0.342857 0.035928 0.190476
20 0.667665 0.495238 0.033932 0.209524
2 0.797405 0.428571 0.041916 0.304762
10 0.878244 0.495238 0.043912 0.171429
4 0.942116 0.461905 0.051896 0.295238
27 0.060878 0.476190 0.073852 0.209524
28 0.186627 0.266667 0.049900 0.190476
29 0.548902 0.500000 0.039920 0.428571
0 0.748503 0.452381 0.031936 0.314286
