2 0.124018 0.710300 0.043771 0.210300
18 0.219416 0.500000 0.259259 0.124464
18 0.178451 0.326180 0.031425 0.077253
1 0.197531 0.633047 0.026936 0.141631
1 0.248597 0.270386 0.066218 0.206009
20 0.235129 0.695279 0.025814 0.145923
4 0.292929 0.675966 0.040404 0.210300
18 0.519080 0.454936 0.214366 0.120172
2 0.470258 0.607296 0.029181 0.158798
4 0.497755 0.113734 0.021324 0.184549
18 0.515152 0.686695 0.031425 0.077253
18 0.546577 0.173820 0.022447 0.055794
10 0.707071 0.424893 0.033670 0.128755
4 0.837262 0.386266 0.033670 0.206009
19 0.874299 0.480687 0.020202 0.145923
16 0.956229 0.377682 0.033670 0.317597
13 0.037598 0.566524 0.039282 0.420601
29 0.127946 0.377682 0.031425 0.214592
29 0.169473 0.774678 0.033670 0.218884
21 0.377104 0.457082 0.024691 0.098712
24 0.441639 0.729614 0.041526 0.171674
29 0.457351 0.311159 0.046016 0.244635
29 0.575196 0.772532 0.043771 0.317597
5 0.586981 0.167382 0.040404 0.188841
14 0.653199 0.454936 0.033670 0.583691
15 0.783951 0.446352 0.039282 0.317597
5 0.918070 0.360515 0.029181 0.206009
