1 0.045906 0.666667 0.044665 0.378788
21 0.080025 0.723485 0.011166 0.128788
9 0.129653 0.693182 0.040943 0.280303
18 0.213400 0.636364 0.037221 0.136364
4 0.281638 0.598485 0.042184 0.378788
9 0.338710 0.651515 0.042184 0.227273
4 0.385236 0.405303 0.031017 0.295455
20 0.446030 0.628788 0.031017 0.257576
4 0.524194 0.541667 0.040943 0.340909
9 0.574442 0.606061 0.042184 0.242424
5 0.610422 0.321970 0.027295 0.265152
18 0.684864 0.575758 0.029777 0.166667
10 0.893921 0.590909 0.033499 0.181818
17 0.963400 0.500000 0.035980 0.272727
29 0.747519 0.655303 0.040943 0.446970
21 0.794045 0.606061 0.019851 0.121212
6 0.836849 0.515152 0.026055 0.348485
