18 0.213060 0.448498 0.416587 0.158798
2 0.048141 0.165236 0.029552 0.158798
18 0.066254 0.686695 0.025739 0.068670
18 0.085796 0.158798 0.022879 0.068670
1 0.114871 0.665236 0.044805 0.180258
4 0.165396 0.068670 0.027645 0.128755
18 0.167779 0.665236 0.020972 0.051502
20 0.187798 0.160944 0.022879 0.115880
1 0.210200 0.652361 0.027645 0.154506
21 0.253098 0.171674 0.010486 0.060086
20 0.304576 0.680258 0.020019 0.107296
18 0.323165 0.165236 0.017159 0.047210
1 0.328408 0.671674 0.023832 0.167382
19 0.347474 0.736052 0.010486 0.090129
1 0.388465 0.135193 0.025739 0.141631
18 0.459962 0.396996 0.039085 0.072961
2 0.533365 0.197425 0.023832 0.145923
18 0.581506 0.714592 0.112488 0.055794
18 0.691611 0.429185 0.361296 0.103004
19 0.555291 0.248927 0.010486 0.094421
18 0.573880 0.635193 0.017159 0.060086
4 0.584366 0.178112 0.026692 0.158798
20 0.583413 0.826180 0.019066 0.115880
2 0.652526 0.139485 0.014299 0.115880
20 0.675882 0.686695 0.015253 0.085837
18 0.687798 0.201717 0.018112 0.051502
18 0.776454 0.718884 0.136320 0.064378
2 0.754528 0.847639 0.031459 0.158798
9 0.763108 0.603004 0.025739 0.098712
9 0.769304 0.180258 0.032412 0.111588
1 0.806959 0.877682 0.037178 0.141631
18 0.802669 0.175966 0.020972 0.051502
10 0.895138 0.433476 0.022879 0.103004
1 0.981888 0.409871 0.030505 0.150215
29 0.024309 0.733906 0.023832 0.206009
29 0.129171 0.214592 0.025739 0.231760
29 0.225453 0.231760 0.021926 0.206009
29 0.357483 0.203863 0.024786 0.184549
6 0.285987 0.120172 0.026692 0.163090
2 0.270734 0.663090 0.028599 0.158798
26 0.236416 0.660944 0.020972 0.171674
4 0.376072 0.650215 0.035272 0.184549
9 0.622974 0.218884 0.035272 0.103004
13 0.725929 0.199571 0.021926 0.278970
14 0.853670 0.203863 0.027645 0.304721
29 0.831745 0.212446 0.020019 0.167382
22 0.548141 0.630901 0.024786 0.120172
23 0.603432 0.613734 0.024786 0.154506
23 0.608198 0.817597 0.022879 0.150215
22 0.554814 0.841202 0.024786 0.120172
26 0.779790 0.856223 0.020972 0.167382
18 0.793136 0.594421 0.017159 0.064378
1 0.731173 0.570815 0.026692 0.154506
29 0.817445 0.611588 0.025739 0.167382
2 0.931840 0.388412 0.021926 0.124464
25 0.957102 0.414163 0.011439 0.115880
