15 0.043697 0.596386 0.036975 0.566265
15 0.088235 0.554217 0.028571 0.385542
15 0.136134 0.560241 0.036975 0.421687
1 0.195798 0.572289 0.045378 0.397590
18 0.257143 0.536145 0.030252 0.132530
16 0.348739 0.554217 0.028571 0.433735
16 0.438655 0.566265 0.026891 0.457831
9 0.573950 0.548193 0.048739 0.301205
18 0.638655 0.542169 0.036975 0.120482
10 0.829412 0.560241 0.042017 0.253012
4 0.981513 0.337349 0.033613 0.289157
16 0.393277 0.566265 0.030252 0.457831
29 0.303361 0.674699 0.035294 0.433735
13 0.508403 0.572289 0.042017 0.686747
29 0.704202 0.698795 0.036975 0.506024
14 0.766387 0.632530 0.033613 0.686747
4 0.903361 0.512048 0.045378 0.373494
29 0.944538 0.686747 0.033613 0.409639
