1 0.034358 0.694656 0.028933 0.366412
18 0.124774 0.645038 0.027125 0.145038
18 0.315099 0.614504 0.020796 0.099237
21 0.543400 0.580153 0.010850 0.122137
2 0.580018 0.465649 0.024412 0.274809
4 0.633816 0.393130 0.037975 0.358779
19 0.757685 0.568702 0.009042 0.206107
10 0.828210 0.461832 0.025316 0.175573
18 0.939873 0.339695 0.018987 0.114504
14 0.988246 0.351145 0.019892 0.580153
13 0.872514 0.419847 0.027125 0.625954
19 0.053797 0.832061 0.009946 0.167939
4 0.081826 0.606870 0.035262 0.374046
29 0.163653 0.774809 0.023508 0.389313
20 0.215642 0.629771 0.017179 0.221374
22 0.258590 0.633588 0.025316 0.229008
9 0.372061 0.603053 0.038879 0.229008
7 0.392857 0.358779 0.020796 0.274809
20 0.437161 0.591603 0.020796 0.251908
0 0.474231 0.515267 0.011754 0.267176
19 0.487342 0.625954 0.012658 0.152672
4 0.517179 0.446565 0.034358 0.343511
19 0.601718 0.576336 0.009946 0.129771
20 0.686709 0.522901 0.020796 0.251908
1 0.738246 0.423664 0.031646 0.328244
4 0.789331 0.396947 0.036166 0.366412
9 0.905515 0.374046 0.022604 0.183206
29 0.965642 0.465649 0.023508 0.396947
