2 0.032033 0.433628 0.025070 0.168142
2 0.089136 0.342920 0.018570 0.128319
18 0.125812 0.438053 0.026927 0.053097
8 0.230269 0.342920 0.018570 0.137168
20 0.265552 0.426991 0.014856 0.119469
2 0.317549 0.420354 0.022284 0.159292
19 0.331476 0.453540 0.012999 0.075221
20 0.476787 0.438053 0.019499 0.150442
2 0.517177 0.455752 0.020427 0.159292
18 0.700093 0.466814 0.278552 0.092920
1 0.599350 0.829646 0.032498 0.154867
2 0.596565 0.619469 0.019499 0.132743
18 0.633240 0.238938 0.040854 0.044248
1 0.633240 0.325221 0.027855 0.110619
18 0.674559 0.245575 0.019499 0.057522
8 0.725162 0.650442 0.016713 0.159292
2 0.727948 0.188053 0.012999 0.101770
19 0.792015 0.679204 0.009285 0.075221
14 0.804085 0.225664 0.022284 0.362832
4 0.816620 0.630531 0.030641 0.163717
2 0.915970 0.409292 0.025070 0.190265
29 0.973538 0.491150 0.028784 0.238938
21 0.945218 0.462389 0.016713 0.066372
10 0.872331 0.466814 0.026927 0.110619
8 0.779944 0.646018 0.014856 0.150442
25 0.750696 0.657080 0.010214 0.110619
18 0.693593 0.663717 0.020427 0.061947
18 0.598422 0.705752 0.047354 0.066372
6 0.662488 0.586283 0.023213 0.128319
29 0.641133 0.743363 0.019499 0.203540
13 0.595172 0.263274 0.020427 0.287611
8 0.776695 0.250000 0.019499 0.190265
29 0.705664 0.283186 0.020427 0.185841
20 0.752089 0.256637 0.018570 0.088496
0 0.632312 0.168142 0.011142 0.106195
25 0.537140 0.464602 0.012071 0.115044
29 0.432219 0.491150 0.030641 0.212389
1 0.357010 0.400442 0.025070 0.199115
26 0.394150 0.429204 0.025070 0.203540
