9 0.045553 0.778195 0.082430 0.218045
18 0.083514 0.503759 0.154013 0.150376
18 0.226681 0.473684 0.049892 0.090226
1 0.311280 0.612782 0.075922 0.218045
18 0.319957 0.421053 0.071584 0.075188
0 0.319957 0.293233 0.028200 0.225564
11 0.395879 0.458647 0.049892 0.481203
18 0.447939 0.409774 0.062907 0.067669
9 0.742950 0.409774 0.062907 0.233083
10 0.835141 0.383459 0.052061 0.195489
17 0.930586 0.338346 0.065076 0.255639
27 0.113883 0.687970 0.054230 0.127820
27 0.074837 0.353383 0.080260 0.150376
6 0.139913 0.229323 0.045553 0.157895
27 0.537961 0.421053 0.091106 0.150376
6 0.613883 0.266917 0.052061 0.172932
12 0.658351 0.417293 0.067245 0.563910
