2 0.071074 0.554217 0.039669 0.457831
9 0.204132 0.596386 0.047934 0.301205
20 0.273554 0.590361 0.031405 0.337349
12 0.391736 0.530120 0.029752 0.602410
4 0.435537 0.337349 0.034711 0.337349
10 0.496694 0.632530 0.041322 0.228916
0 0.605785 0.445783 0.018182 0.361446
1 0.643802 0.397590 0.034711 0.433735
2 0.701653 0.415663 0.034711 0.349398
21 0.739669 0.451807 0.018182 0.180723
2 0.805785 0.391566 0.031405 0.325301
11 0.030579 0.566265 0.028099 0.554217
5 0.106612 0.542169 0.031405 0.385542
6 0.147107 0.542169 0.039669 0.385542
29 0.348760 0.668675 0.042975 0.518072
1 0.847934 0.325301 0.039669 0.289157
0 0.885950 0.271084 0.013223 0.349398
29 0.950413 0.457831 0.042975 0.602410
