20 0.119503 0.513699 0.032505 0.260274
12 0.202677 0.472603 0.030593 0.534247
2 0.232314 0.294521 0.032505 0.315068
10 0.281071 0.582192 0.038241 0.260274
11 0.342256 0.493151 0.030593 0.575342
20 0.408222 0.554795 0.024857 0.287671
20 0.829828 0.534247 0.034417 0.273973
12 0.932122 0.493151 0.047801 0.657534
22 0.074570 0.493151 0.042065 0.328767
23 0.168260 0.445205 0.038241 0.452055
11 0.042065 0.424658 0.034417 0.547945
22 0.370937 0.561644 0.034417 0.246575
23 0.445507 0.513699 0.030593 0.452055
12 0.495220 0.465753 0.042065 0.712329
11 0.526769 0.445205 0.036329 0.780822
22 0.565966 0.575342 0.042065 0.301370
1 0.607075 0.342466 0.032505 0.273973
20 0.634799 0.554795 0.030593 0.287671
1 0.681644 0.472603 0.043977 0.452055
22 0.721797 0.561644 0.036329 0.301370
23 0.767686 0.472603 0.032505 0.534247
23 0.863289 0.541096 0.032505 0.452055
1 0.900574 0.342466 0.030593 0.301370
