18 0.191710 0.372973 0.365285 0.075676
1 0.067358 0.645946 0.054404 0.221622
4 0.114637 0.078378 0.027202 0.145946
2 0.163212 0.564865 0.031088 0.145946
18 0.172280 0.132432 0.038860 0.081081
18 0.205311 0.664865 0.027202 0.064865
1 0.235104 0.132432 0.045337 0.254054
10 0.443005 0.381081 0.038860 0.124324
2 0.522668 0.324324 0.053109 0.237838
1 0.634067 0.351351 0.068653 0.281081
18 0.845855 0.405405 0.209845 0.118919
1 0.779145 0.227027 0.045337 0.183784
1 0.784974 0.605405 0.049223 0.227027
9 0.829016 0.656757 0.041451 0.178378
2 0.862047 0.556757 0.024611 0.129730
20 0.878886 0.240541 0.029793 0.156757
18 0.902850 0.618919 0.031088 0.081081
4 0.922927 0.224324 0.050518 0.243243
1 0.946891 0.602703 0.038860 0.210811
29 0.067358 0.183784 0.041451 0.281081
29 0.116580 0.727027 0.041451 0.275676
5 0.268782 0.618919 0.034974 0.275676
27 0.303109 0.156757 0.056995 0.172973
29 0.314119 0.756757 0.042746 0.302703
26 0.576425 0.340541 0.046632 0.248649
25 0.707254 0.424324 0.015544 0.145946
29 0.832902 0.283784 0.038860 0.210811
