2 0.053279 0.572581 0.051913 0.403226
8 0.146175 0.556452 0.046448 0.435484
1 0.270492 0.354839 0.038251 0.290323
19 0.316940 0.645161 0.021858 0.193548
8 0.393443 0.508065 0.038251 0.370968
19 0.460383 0.645161 0.030055 0.258065
2 0.531421 0.475806 0.046448 0.370968
19 0.587432 0.653226 0.021858 0.177419
20 0.740437 0.451613 0.038251 0.290323
4 0.789617 0.403226 0.054645 0.387097
6 0.099727 0.540323 0.046448 0.467742
29 0.222678 0.685484 0.046448 0.467742
6 0.622951 0.427419 0.049180 0.403226
10 0.871585 0.475806 0.054645 0.306452
17 0.922131 0.387097 0.051913 0.548387
