11 0.050872 0.373786 0.031977 0.514563
2 0.091570 0.378641 0.037791 0.407767
9 0.221657 0.470874 0.050872 0.300971
20 0.292878 0.451456 0.033430 0.281553
12 0.410610 0.407767 0.033430 0.582524
10 0.517442 0.538835 0.037791 0.184466
0 0.625727 0.417476 0.018895 0.349515
1 0.660610 0.393204 0.036337 0.339806
2 0.718023 0.422330 0.031977 0.320388
21 0.753634 0.466019 0.013081 0.174757
2 0.818314 0.412621 0.031977 0.281553
0 0.897529 0.325243 0.015988 0.300971
5 0.126453 0.364078 0.031977 0.320388
6 0.166424 0.388350 0.039244 0.349515
29 0.367733 0.548544 0.040698 0.475728
4 0.454215 0.257282 0.033430 0.281553
1 0.860465 0.378641 0.037791 0.310680
29 0.963663 0.538835 0.046512 0.533981
