2 0.047170 0.513393 0.056604 0.401786
17 0.150943 0.531250 0.048027 0.383929
19 0.204974 0.709821 0.025729 0.187500
1 0.266724 0.558036 0.053173 0.401786
10 0.455403 0.611607 0.039451 0.187500
1 0.617496 0.428571 0.037736 0.232143
20 0.674099 0.589286 0.034305 0.232143
20 0.837907 0.598214 0.036021 0.250000
5 0.103774 0.522321 0.053173 0.383929
24 0.356775 0.611607 0.054889 0.312500
24 0.571184 0.580357 0.041166 0.250000
24 0.734991 0.598214 0.053173 0.250000
24 0.768439 0.392857 0.034305 0.232143
24 0.906518 0.575893 0.046312 0.258929
6 0.941681 0.406250 0.041166 0.241071
