2 0.095133 0.390909 0.057522 0.187879
5 0.147124 0.387879 0.050885 0.193939
4 0.152655 0.754545 0.044248 0.187879
4 0.212389 0.378788 0.066372 0.212121
9 0.290929 0.781818 0.059735 0.145455
2 0.328540 0.690909 0.037611 0.145455
2 0.344027 0.269697 0.037611 0.151515
18 0.415929 0.745455 0.061947 0.060606
1 0.502212 0.721212 0.061947 0.218182
2 0.504425 0.318182 0.057522 0.212121
5 0.561947 0.303030 0.048673 0.193939
4 0.573009 0.700000 0.048673 0.212121
3 0.748894 0.136364 0.042035 0.175758
6 0.100664 0.766667 0.059735 0.200000
5 0.201327 0.748485 0.048673 0.200000
29 0.284292 0.421212 0.059735 0.236364
25 0.421460 0.384848 0.033186 0.115152
6 0.632743 0.272727 0.057522 0.242424
9 0.693584 0.306061 0.055310 0.163636
10 0.847345 0.460606 0.061947 0.145455
17 0.933628 0.393939 0.070796 0.218182
0 0.625000 0.681818 0.064159 0.248485
29 0.686947 0.793939 0.055310 0.278788
18 0.401549 0.506061 0.736726 0.187879
