18 0.134251 0.507463 0.254733 0.149254
0 0.041308 0.343284 0.024096 0.179104
1 0.072289 0.761194 0.037866 0.238806
1 0.080895 0.309701 0.037866 0.231343
2 0.146299 0.638060 0.037866 0.201493
9 0.202238 0.320896 0.043029 0.194030
2 0.244406 0.197761 0.030981 0.201493
18 0.314974 0.455224 0.048193 0.089552
1 0.416523 0.671642 0.048193 0.253731
18 0.475904 0.421642 0.173838 0.111940
2 0.436317 0.223881 0.046472 0.223881
2 0.512909 0.585821 0.030981 0.171642
20 0.615318 0.376866 0.029260 0.201493
18 0.715146 0.440299 0.101549 0.119403
2 0.706540 0.649254 0.049914 0.253731
1 0.710843 0.246269 0.051635 0.343284
10 0.825301 0.399254 0.043029 0.201493
2 0.882100 0.354478 0.049914 0.231343
29 0.114458 0.854478 0.039587 0.261194
6 0.129948 0.313433 0.043029 0.208955
28 0.475043 0.701493 0.051635 0.194030
27 0.506885 0.257463 0.084337 0.171642
1 0.963855 0.429104 0.061962 0.261194
26 0.925129 0.354478 0.036145 0.231343
