2 0.031802 0.899038 0.026502 0.201923
18 0.196113 0.593750 0.385159 0.187500
0 0.037986 0.302885 0.015901 0.173077
8 0.056095 0.295673 0.016784 0.177885
19 0.053445 0.951923 0.009717 0.076923
6 0.076855 0.286058 0.019435 0.177885
1 0.084364 0.889423 0.030919 0.163462
0 0.152385 0.872596 0.013251 0.197115
18 0.185512 0.264423 0.021201 0.076923
4 0.192138 0.843750 0.030919 0.206731
8 0.232774 0.266827 0.018551 0.187500
18 0.572438 0.456731 0.160777 0.115385
6 0.567580 0.187500 0.020318 0.153846
18 0.587898 0.610577 0.015018 0.057692
15 0.705389 0.437500 0.020318 0.346154
1 0.739841 0.406250 0.027385 0.197115
4 0.814929 0.382212 0.022085 0.197115
1 0.875000 0.319712 0.016784 0.110577
10 0.958039 0.396635 0.023852 0.120192
19 0.166961 0.937500 0.010601 0.105769
26 0.121466 0.882212 0.027385 0.216346
29 0.108216 0.362981 0.018551 0.235577
6 0.140018 0.209135 0.025618 0.158654
19 0.250442 0.331731 0.013251 0.086538
6 0.274293 0.247596 0.030919 0.168269
21 0.306537 0.290865 0.014134 0.081731
29 0.334806 0.331731 0.019435 0.269231
6 0.359982 0.192308 0.020318 0.134615
9 0.226590 0.867788 0.030919 0.158654
6 0.250442 0.762019 0.023852 0.139423
25 0.285336 0.826923 0.014134 0.134615
8 0.320671 0.795673 0.031802 0.216346
20 0.420053 0.516827 0.020318 0.139423
13 0.472173 0.528846 0.025618 0.471154
27 0.531802 0.358173 0.037102 0.129808
27 0.598498 0.062500 0.032686 0.096154
8 0.519876 0.713942 0.023852 0.254808
27 0.553887 0.625000 0.026502 0.096154
1 0.614841 0.608173 0.030035 0.177885
21 0.676237 0.439904 0.011484 0.072115
20 0.772527 0.399038 0.016784 0.105769
27 0.846290 0.415865 0.031802 0.120192
16 0.896201 0.389423 0.025618 0.298077
14 0.921378 0.389423 0.017668 0.480769
4 0.987633 0.348558 0.022968 0.225962
