2 0.050279 0.500000 0.059590 0.493671
19 0.100559 0.677215 0.018622 0.316456
1 0.152700 0.500000 0.063315 0.417722
18 0.243948 0.481013 0.052142 0.202532
19 0.390130 0.632911 0.016760 0.303797
7 0.432961 0.449367 0.039106 0.443038
10 0.812849 0.487342 0.050279 0.265823
4 0.343575 0.430380 0.061453 0.455696
29 0.499069 0.639241 0.040968 0.620253
29 0.567970 0.234177 0.052142 0.341772
18 0.667598 0.506329 0.054004 0.202532
5 0.750466 0.392405 0.044693 0.430380
17 0.910615 0.449367 0.044693 0.392405
