18 0.143622 0.557971 0.030330 0.130435
20 0.270740 0.532609 0.022302 0.239130
4 0.387154 0.329710 0.028546 0.297101
18 0.421945 0.510870 0.026762 0.094203
1 0.467440 0.474638 0.037467 0.398551
18 0.546833 0.492754 0.026762 0.115942
21 0.793934 0.579710 0.010705 0.130435
10 0.897859 0.500000 0.027654 0.188406
13 0.041481 0.594203 0.025870 0.550725
6 0.080731 0.528986 0.031222 0.347826
8 0.106601 0.289855 0.022302 0.217391
7 0.185549 0.507246 0.023194 0.304348
29 0.227029 0.634058 0.031222 0.398551
27 0.338537 0.561594 0.040143 0.195652
4 0.504014 0.471014 0.032114 0.333333
5 0.586084 0.463768 0.026762 0.333333
25 0.624442 0.514493 0.021409 0.260870
2 0.660125 0.514493 0.028546 0.333333
26 0.687779 0.496377 0.021409 0.326087
6 0.718109 0.496377 0.026762 0.326087
19 0.739072 0.626812 0.015165 0.152174
4 0.762266 0.478261 0.029438 0.304348
5 0.821142 0.474638 0.027654 0.268116
14 0.856378 0.518116 0.024978 0.543478
6 0.931757 0.434783 0.025870 0.318841
26 0.954505 0.431159 0.016057 0.311594
4 0.982605 0.413043 0.034790 0.304348
