19 0.108652 0.635294 0.024145 0.258824
1 0.165996 0.511765 0.050302 0.341176
9 0.245473 0.552941 0.052314 0.258824
1 0.282696 0.417647 0.030181 0.223529
20 0.346076 0.558824 0.036217 0.223529
19 0.447686 0.605882 0.022133 0.223529
1 0.615694 0.329412 0.032193 0.258824
10 0.690141 0.547059 0.052314 0.223529
20 0.817907 0.452941 0.034205 0.223529
6 0.065392 0.505882 0.058350 0.352941
5 0.415493 0.470588 0.030181 0.305882
4 0.500000 0.423529 0.050302 0.352941
29 0.569416 0.594118 0.052314 0.435294
22 0.766600 0.494118 0.048290 0.258824
23 0.868209 0.417647 0.034205 0.411765
20 0.914487 0.458824 0.026157 0.211765
24 0.958753 0.476471 0.046278 0.270588
