1 0.036260 0.509259 0.040076 0.388889
4 0.104008 0.472222 0.034351 0.370370
19 0.137882 0.657407 0.016221 0.222222
19 0.462786 0.685185 0.013359 0.277778
17 0.575859 0.472222 0.021947 0.314815
19 0.715172 0.597222 0.018130 0.231481
19 0.803435 0.601852 0.013359 0.203704
19 0.872615 0.597222 0.012405 0.194444
22 0.903149 0.486111 0.020038 0.250000
19 0.936069 0.601852 0.013359 0.222222
5 0.174141 0.495370 0.025763 0.361111
19 0.070134 0.643519 0.014313 0.212963
19 0.215649 0.652778 0.013359 0.175926
6 0.247615 0.458333 0.033397 0.398148
19 0.281966 0.680556 0.012405 0.231481
7 0.315840 0.439815 0.022901 0.398148
8 0.374523 0.500000 0.027672 0.407407
19 0.350191 0.689815 0.013359 0.175926
19 0.403626 0.689815 0.013359 0.175926
0 0.438454 0.481481 0.014313 0.351852
2 0.500000 0.500000 0.028626 0.370370
19 0.541508 0.694444 0.010496 0.185185
26 0.619275 0.546296 0.043893 0.648148
9 0.673664 0.453704 0.028626 0.296296
29 0.760019 0.518519 0.027672 0.462963
5 0.832538 0.453704 0.023855 0.314815
23 0.974714 0.412037 0.027672 0.416667
