18 0.182384 0.482234 0.348754 0.081218
2 0.048043 0.220812 0.024911 0.187817
4 0.054270 0.860406 0.030249 0.177665
8 0.143683 0.637056 0.018683 0.126904
18 0.187722 0.720812 0.021352 0.071066
18 0.186833 0.192893 0.019573 0.081218
2 0.225534 0.695431 0.027580 0.192893
4 0.279804 0.192893 0.029359 0.213198
18 0.281584 0.578680 0.013345 0.071066
24 0.350089 0.104061 0.024021 0.137056
18 0.635676 0.446701 0.018683 0.091371
2 0.671263 0.428934 0.022242 0.177665
19 0.688167 0.505076 0.009786 0.086294
4 0.711299 0.411168 0.027580 0.213198
21 0.737100 0.484772 0.009786 0.065990
15 0.811833 0.446701 0.024021 0.243655
24 0.840302 0.441624 0.020463 0.142132
18 0.866103 0.439086 0.016904 0.055838
10 0.963523 0.434010 0.016014 0.106599
0 0.052491 0.629442 0.019573 0.162437
18 0.053826 0.743655 0.041815 0.065990
21 0.092972 0.748731 0.015125 0.096447
27 0.100089 0.228426 0.045374 0.121827
28 0.139680 0.137056 0.024911 0.121827
1 0.230872 0.200508 0.025801 0.208122
19 0.250890 0.291878 0.008897 0.106599
28 0.314057 0.241117 0.032028 0.126904
29 0.118772 0.804569 0.022242 0.269036
9 0.260676 0.571066 0.024911 0.106599
29 0.312278 0.596447 0.019573 0.177665
20 0.394128 0.484772 0.016014 0.137056
13 0.453737 0.489848 0.030249 0.441624
27 0.505338 0.464467 0.040925 0.137056
26 0.553826 0.441624 0.025801 0.243655
28 0.594306 0.456853 0.028470 0.121827
28 0.770463 0.451777 0.024911 0.111675
22 0.894128 0.446701 0.021352 0.131980
16 0.918149 0.421320 0.019573 0.233503
14 0.937722 0.444162 0.019573 0.421320
6 0.985765 0.436548 0.021352 0.182741
