17 0.166302 0.477011 0.026258 0.241379
4 0.278993 0.597701 0.045952 0.252874
20 0.363239 0.626437 0.030635 0.172414
20 0.547046 0.574713 0.035011 0.183908
10 0.818381 0.603448 0.039387 0.172414
1 0.885120 0.540230 0.050328 0.298851
4 0.942013 0.471264 0.059081 0.367816
0 0.049234 0.655172 0.019694 0.275862
17 0.076586 0.626437 0.035011 0.287356
0 0.147702 0.482759 0.015317 0.160920
9 0.120350 0.683908 0.048140 0.195402
20 0.205689 0.632184 0.026258 0.206897
5 0.317287 0.425287 0.035011 0.229885
6 0.435449 0.574713 0.043764 0.275862
7 0.477024 0.373563 0.030635 0.264368
6 0.613786 0.540230 0.045952 0.344828
6 0.661926 0.540230 0.050328 0.321839
3 0.710066 0.540230 0.041575 0.321839
8 0.750547 0.551724 0.035011 0.321839
