18 0.320158 0.479290 0.636364 0.224852
2 0.139328 0.257396 0.049407 0.147929
17 0.200593 0.775148 0.033597 0.189349
18 0.213439 0.301775 0.047431 0.082840
1 0.290514 0.269231 0.063241 0.218935
2 0.305336 0.689349 0.041502 0.147929
20 0.358696 0.757396 0.041502 0.142012
9 0.373518 0.278107 0.067194 0.153846
1 0.415020 0.707101 0.047431 0.195266
0 0.416008 0.127219 0.021739 0.147929
4 0.464427 0.692308 0.047431 0.201183
18 0.540514 0.201183 0.061265 0.071006
5 0.609684 0.186391 0.041502 0.218935
10 0.706522 0.390533 0.061265 0.142012
2 0.782609 0.174556 0.047431 0.183432
18 0.867589 0.331361 0.229249 0.153846
1 0.888340 0.535503 0.096838 0.230769
17 0.874506 0.130178 0.041502 0.224852
9 0.075099 0.322485 0.075099 0.183432
0 0.123518 0.804734 0.021739 0.153846
5 0.158103 0.798817 0.039526 0.213018
5 0.832016 0.150888 0.035573 0.207101
4 0.450593 0.112426 0.047431 0.153846
29 0.261858 0.855030 0.049407 0.230769
29 0.939723 0.207101 0.041502 0.224852
