18 0.103922 0.561404 0.205229 0.128655
1 0.039216 0.339181 0.054902 0.315789
5 0.055556 0.883041 0.040523 0.233918
4 0.156209 0.207602 0.035294 0.169591
6 0.170588 0.739766 0.040523 0.192982
10 0.260131 0.561404 0.039216 0.187135
11 0.482353 0.473684 0.033987 0.432749
9 0.498039 0.508772 0.047059 0.187135
12 0.658170 0.432749 0.035294 0.374269
2 0.775817 0.418129 0.043137 0.274854
18 0.843791 0.432749 0.032680 0.105263
29 0.105229 0.318713 0.027451 0.309942
27 0.115686 0.885965 0.061438 0.146199
27 0.352288 0.543860 0.058824 0.163743
28 0.400654 0.350877 0.035294 0.175439
26 0.444444 0.467836 0.041830 0.362573
25 0.538562 0.491228 0.015686 0.175439
29 0.594771 0.558480 0.041830 0.391813
13 0.720915 0.426901 0.027451 0.456140
29 0.901307 0.461988 0.040523 0.339181
14 0.960131 0.418129 0.035294 0.520468
