2 0.070191 0.443299 0.025997 0.226804
18 0.093588 0.597938 0.031196 0.103093
2 0.186308 0.422680 0.029463 0.268041
10 0.246101 0.613402 0.038128 0.216495
11 0.331023 0.520619 0.034662 0.587629
18 0.415078 0.603093 0.036395 0.134021
2 0.523397 0.376289 0.020797 0.278351
20 0.561525 0.592784 0.038128 0.319588
2 0.628250 0.561856 0.036395 0.319588
1 0.703640 0.494845 0.020797 0.226804
18 0.791161 0.572165 0.019064 0.113402
2 0.850087 0.572165 0.039861 0.298969
1 0.974003 0.427835 0.038128 0.195876
22 0.044194 0.639175 0.039861 0.226804
22 0.373484 0.628866 0.039861 0.226804
23 0.461872 0.525773 0.032929 0.391753
23 0.149047 0.551546 0.031196 0.340206
22 0.665511 0.639175 0.038128 0.226804
23 0.740901 0.500000 0.036395 0.422680
22 0.895147 0.628866 0.039861 0.247423
23 0.940208 0.541237 0.036395 0.463918
12 0.491334 0.530928 0.032929 0.484536
