17 0.021021 0.565476 0.026026 0.392857
21 0.105606 0.589286 0.009009 0.130952
1 0.139640 0.482143 0.033033 0.416667
21 0.248248 0.565476 0.010010 0.154762
3 0.286787 0.452381 0.025025 0.500000
8 0.672172 0.386905 0.027027 0.464286
9 0.740741 0.404762 0.030030 0.357143
21 0.881381 0.458333 0.011011 0.107143
24 0.975976 0.369048 0.036036 0.333333
23 0.911912 0.327381 0.028028 0.464286
22 0.852853 0.410714 0.028028 0.297619
29 0.800801 0.541667 0.032032 0.583333
7 0.600100 0.398810 0.027027 0.488095
0 0.075576 0.511905 0.021021 0.404762
2 0.217217 0.434524 0.030030 0.464286
4 0.364364 0.392857 0.036036 0.476190
5 0.442943 0.392857 0.029029 0.452381
6 0.519520 0.428571 0.048048 0.523810
21 0.052052 0.648810 0.014014 0.130952
21 0.182683 0.607143 0.011011 0.142857
21 0.322322 0.595238 0.010010 0.166667
21 0.400901 0.577381 0.011011 0.154762
21 0.478979 0.595238 0.013013 0.142857
21 0.550551 0.559524 0.012012 0.190476
21 0.641642 0.583333 0.010010 0.166667
21 0.707207 0.595238 0.015015 0.142857
21 0.770771 0.500000 0.010010 0.142857
21 0.942442 0.476190 0.013013 0.190476
21 0.827828 0.500000 0.012012 0.142857
