2 0.073579 0.583333 0.040134 0.397436
1 0.258361 0.397436 0.021739 0.282051
11 0.628763 0.397436 0.026756 0.615385
12 0.844482 0.352564 0.033445 0.602564
10 0.894649 0.423077 0.026756 0.230769
15 0.033445 0.621795 0.026756 0.500000
5 0.124582 0.519231 0.045151 0.371795
4 0.172241 0.493590 0.043478 0.397436
29 0.219900 0.692308 0.041806 0.538462
16 0.304348 0.525641 0.030100 0.512821
15 0.349498 0.474359 0.033445 0.461538
2 0.401338 0.474359 0.033445 0.307692
6 0.442308 0.423077 0.031773 0.333333
4 0.484950 0.384615 0.040134 0.384615
29 0.539298 0.570513 0.045151 0.525641
16 0.591973 0.442308 0.030100 0.423077
18 0.639632 0.384615 0.021739 0.128205
5 0.667224 0.397436 0.033445 0.358974
29 0.714883 0.589744 0.041806 0.512821
20 0.771739 0.455128 0.025084 0.243590
4 0.812709 0.403846 0.043478 0.397436
17 0.948161 0.326923 0.040134 0.397436
