2 0.088556 0.377660 0.017257 0.287234
18 0.119437 0.494681 0.024523 0.138298
20 0.197094 0.531915 0.021798 0.212766
18 0.262943 0.494681 0.017257 0.117021
20 0.335150 0.531915 0.019982 0.276596
16 0.394641 0.510638 0.022707 0.510638
2 0.451862 0.531915 0.026340 0.425532
26 0.475477 0.526596 0.020890 0.500000
10 0.536331 0.606383 0.024523 0.212766
4 0.623070 0.250000 0.023615 0.351064
18 0.645777 0.563830 0.023615 0.148936
8 0.724796 0.281915 0.016349 0.287234
18 0.752952 0.563830 0.016349 0.106383
2 0.786104 0.457447 0.020890 0.361702
1 0.807902 0.452128 0.020890 0.351064
15 0.023615 0.494681 0.023615 0.648936
9 0.060854 0.569149 0.030881 0.287234
27 0.160309 0.531915 0.037239 0.212766
28 0.225250 0.531915 0.027248 0.255319
4 0.304269 0.484043 0.027248 0.393617
8 0.372389 0.494681 0.019982 0.393617
25 0.420981 0.526596 0.013624 0.308511
5 0.496821 0.526596 0.019982 0.351064
27 0.594460 0.595745 0.035422 0.255319
27 0.694823 0.590426 0.030881 0.202128
0 0.831517 0.452128 0.009991 0.351064
13 0.863306 0.531915 0.022707 0.680851
9 0.896458 0.494681 0.030881 0.287234
14 0.920073 0.558511 0.018165 0.734043
21 0.941871 0.531915 0.012716 0.148936
2 0.971390 0.452128 0.033606 0.436170
