18 0.196915 0.298969 0.030853 0.103093
1 0.233212 0.268041 0.041742 0.268041
20 0.310345 0.546392 0.032668 0.247423
1 0.400181 0.551546 0.049002 0.402062
2 0.676044 0.510309 0.045372 0.340206
10 0.822142 0.556701 0.054446 0.226804
2 0.911978 0.541237 0.059891 0.340206
27 0.063521 0.520619 0.076225 0.237113
27 0.145191 0.324742 0.050817 0.175258
29 0.460980 0.654639 0.039927 0.402062
7 0.520871 0.309278 0.054446 0.268041
18 0.589837 0.561856 0.036298 0.134021
29 0.745917 0.634021 0.036298 0.463918
