9 0.465201 0.505814 0.051282 0.313953
1 0.608059 0.436047 0.054945 0.430233
1 0.663004 0.395349 0.051282 0.441860
1 0.765568 0.354651 0.054945 0.406977
0 0.822344 0.319767 0.025641 0.476744
0 0.052198 0.697674 0.031136 0.395349
2 0.095238 0.668605 0.051282 0.383721
0 0.154762 0.604651 0.045788 0.441860
0 0.208791 0.598837 0.043956 0.453488
0 0.271978 0.558140 0.027473 0.348837
8 0.304029 0.517442 0.043956 0.383721
7 0.354396 0.476744 0.042125 0.372093
8 0.402015 0.470930 0.038462 0.406977
20 0.538462 0.534884 0.036630 0.255814
8 0.856227 0.313953 0.038462 0.441860
8 0.887363 0.290698 0.034799 0.441860
1 0.923077 0.255814 0.043956 0.418605
29 0.970696 0.377907 0.043956 0.500000
0 0.712454 0.377907 0.029304 0.406977
