2 0.058197 0.790541 0.040984 0.243243
18 0.163115 0.496622 0.250820 0.141892
2 0.110656 0.763514 0.047541 0.202703
1 0.128689 0.263514 0.044262 0.310811
20 0.177049 0.746622 0.032787 0.155405
18 0.186066 0.273649 0.031148 0.074324
9 0.230328 0.790541 0.057377 0.175676
18 0.362295 0.503378 0.039344 0.087838
18 0.578689 0.405405 0.337705 0.189189
4 0.465574 0.246622 0.032787 0.222973
2 0.476230 0.709459 0.047541 0.229730
4 0.509836 0.202703 0.052459 0.283784
1 0.529508 0.692568 0.052459 0.236486
9 0.569672 0.256757 0.060656 0.175676
21 0.631148 0.256757 0.016393 0.081081
18 0.660656 0.665541 0.039344 0.101351
6 0.686066 0.199324 0.047541 0.277027
2 0.706557 0.631757 0.042623 0.250000
10 0.818033 0.344595 0.045902 0.148649
1 0.884426 0.469595 0.067213 0.263514
18 0.890984 0.297297 0.060656 0.054054
2 0.891803 0.158784 0.036066 0.222973
1 0.980328 0.266892 0.039344 0.222973
0 0.440164 0.239865 0.021311 0.195946
26 0.941803 0.280405 0.037705 0.222973
29 0.604918 0.783784 0.039344 0.337838
29 0.248361 0.320946 0.047541 0.304054
0 0.093443 0.273649 0.019672 0.182432
