2 0.064356 0.561321 0.053465 0.349057
1 0.122772 0.561321 0.047525 0.349057
1 0.273267 0.353774 0.043564 0.254717
18 0.360396 0.344340 0.031683 0.141509
20 0.482178 0.594340 0.045545 0.264151
2 0.606931 0.542453 0.045545 0.367925
17 0.924752 0.485849 0.055446 0.349057
0 0.175248 0.594340 0.025743 0.358491
5 0.657426 0.500000 0.055446 0.377358
29 0.734653 0.655660 0.051485 0.424528
10 0.840594 0.580189 0.061386 0.198113
0 0.238614 0.339623 0.021782 0.226415
0 0.400990 0.301887 0.021782 0.226415
29 0.327723 0.410377 0.037624 0.311321
