18 0.174648 0.118182 0.039437 0.127273
20 0.294366 0.454545 0.042254 0.363636
1 0.380282 0.363636 0.061972 0.436364
2 0.495775 0.272727 0.050704 0.290909
20 0.554930 0.409091 0.039437 0.345455
1 0.715493 0.445455 0.050704 0.381818
10 0.816901 0.472727 0.061972 0.290909
27 0.046479 0.445455 0.070423 0.272727
28 0.118310 0.163636 0.050704 0.290909
27 0.221127 0.136364 0.070423 0.236364
29 0.440845 0.572727 0.053521 0.563636
0 0.618310 0.345455 0.025352 0.436364
26 0.666197 0.372727 0.064789 0.490909
4 0.904225 0.354545 0.067606 0.527273
