11 0.039537 0.525140 0.025072 0.402235
2 0.129219 0.382682 0.019286 0.150838
18 0.165863 0.497207 0.015429 0.067039
1 0.216490 0.469274 0.035680 0.268156
18 0.318708 0.505587 0.024108 0.072626
12 0.391514 0.488827 0.027001 0.385475
11 0.424301 0.477654 0.027001 0.541899
2 0.459499 0.469274 0.026037 0.223464
18 0.560270 0.486034 0.021215 0.111732
1 0.593057 0.505587 0.032787 0.195531
15 0.638862 0.516760 0.027965 0.284916
0 0.664899 0.508380 0.012536 0.156425
1 0.684185 0.508380 0.026037 0.189944
16 0.773867 0.516760 0.020251 0.296089
18 0.806172 0.505587 0.025072 0.083799
2 0.872710 0.536313 0.021215 0.234637
20 0.899229 0.547486 0.012536 0.122905
9 0.090164 0.553073 0.029894 0.178771
29 0.255063 0.572626 0.024108 0.296089
6 0.285921 0.382682 0.029894 0.150838
4 0.360174 0.469274 0.029894 0.234637
1 0.490357 0.469274 0.035680 0.212291
19 0.508679 0.572626 0.014465 0.139665
0 0.532305 0.477654 0.015429 0.217877
17 0.707811 0.488827 0.023144 0.195531
29 0.741080 0.564246 0.024108 0.234637
13 0.840887 0.544693 0.025072 0.407821
4 0.923819 0.544693 0.030858 0.217877
14 0.943105 0.553073 0.021215 0.413408
12 0.964320 0.505587 0.028930 0.530726
