9 0.101439 0.679012 0.041727 0.320988
0 0.140288 0.438272 0.015827 0.259259
9 0.353237 0.598765 0.044604 0.283951
0 0.387770 0.382716 0.018705 0.271605
20 0.455396 0.611111 0.027338 0.308642
1 0.524460 0.543210 0.050360 0.395062
2 0.651079 0.364198 0.030216 0.308642
18 0.710791 0.574074 0.031655 0.160494
2 0.789928 0.512346 0.040288 0.407407
10 0.856115 0.611111 0.043165 0.259259
1 0.923741 0.481481 0.040288 0.395062
9 0.976259 0.561728 0.044604 0.358025
0 0.017986 0.691358 0.021583 0.320988
17 0.047482 0.641975 0.031655 0.370370
4 0.170504 0.388889 0.035971 0.283951
18 0.200000 0.641975 0.034532 0.197531
0 0.272662 0.561728 0.021583 0.333333
0 0.298561 0.512346 0.018705 0.358025
6 0.416547 0.382716 0.033094 0.345679
9 0.600000 0.586420 0.048921 0.333333
