11 0.016408 0.272152 0.029361 0.493671
12 0.235751 0.379747 0.022453 0.379747
11 0.316926 0.316456 0.029361 0.455696
9 0.382556 0.430380 0.046632 0.227848
18 0.451641 0.386076 0.036269 0.113924
10 0.624352 0.500000 0.043178 0.215190
2 0.708117 0.455696 0.041451 0.303797
19 0.743523 0.556962 0.025907 0.227848
1 0.788428 0.436709 0.046632 0.392405
1 0.897237 0.455696 0.053541 0.354430
27 0.057858 0.284810 0.060449 0.240506
20 0.120035 0.322785 0.032815 0.265823
28 0.184801 0.367089 0.048359 0.253165
5 0.273748 0.196203 0.029361 0.265823
29 0.511226 0.544304 0.034542 0.455696
12 0.551813 0.335443 0.032815 0.443038
26 0.848014 0.436709 0.027634 0.392405
29 0.957686 0.601266 0.046632 0.544304
