11 0.034483 0.723684 0.024231 0.403509
18 0.251631 0.427632 0.464119 0.127193
1 0.054520 0.837719 0.030755 0.157895
15 0.075955 0.168860 0.025163 0.232456
18 0.169152 0.585526 0.019571 0.057018
18 0.175210 0.192982 0.022367 0.052632
20 0.246505 0.747807 0.017707 0.188596
16 0.258621 0.162281 0.019571 0.219298
18 0.384436 0.776316 0.023299 0.061404
14 0.457130 0.166667 0.017707 0.254386
7 0.576421 0.383772 0.023299 0.171053
10 0.617894 0.414474 0.024231 0.092105
15 0.669152 0.399123 0.024231 0.271930
1 0.706431 0.383772 0.020503 0.153509
1 0.813141 0.399123 0.027027 0.157895
16 0.874651 0.412281 0.021435 0.219298
21 0.905405 0.418860 0.010252 0.048246
0 0.060578 0.616228 0.020503 0.144737
18 0.057316 0.719298 0.040075 0.070175
12 0.088537 0.743421 0.035415 0.381579
27 0.130475 0.589912 0.039143 0.100877
28 0.209692 0.581140 0.026095 0.083333
27 0.120690 0.203947 0.036347 0.109649
28 0.216216 0.197368 0.029823 0.105263
21 0.280522 0.164474 0.014911 0.074561
13 0.312675 0.160088 0.025163 0.285088
27 0.348555 0.171053 0.037279 0.105263
26 0.386766 0.162281 0.026095 0.192982
28 0.418453 0.197368 0.035415 0.114035
1 0.292171 0.743421 0.036347 0.188596
27 0.338304 0.780702 0.037279 0.122807
28 0.425443 0.787281 0.034483 0.118421
20 0.521901 0.429825 0.024231 0.131579
27 0.739049 0.412281 0.041007 0.105263
18 0.782852 0.418860 0.026095 0.065789
28 0.845294 0.414474 0.027959 0.100877
4 0.936160 0.381579 0.027027 0.131579
29 0.968779 0.480263 0.030755 0.250000
