1 0.064579 0.655462 0.062622 0.268908
18 0.071429 0.432773 0.068493 0.092437
0 0.079256 0.264706 0.029354 0.243697
20 0.156556 0.504202 0.035225 0.184874
18 0.278865 0.483193 0.080235 0.109244
1 0.275930 0.672269 0.070450 0.285714
2 0.289628 0.327731 0.043053 0.268908
20 0.362035 0.500000 0.043053 0.210084
18 0.451076 0.516807 0.072407 0.109244
1 0.455969 0.689076 0.070450 0.285714
4 0.460861 0.327731 0.060665 0.302521
20 0.544031 0.516807 0.046967 0.260504
1 0.630137 0.689076 0.070450 0.302521
18 0.634051 0.466387 0.050881 0.092437
10 0.793542 0.529412 0.045010 0.184874
18 0.862035 0.487395 0.029354 0.100840
5 0.636986 0.294118 0.052838 0.285714
29 0.716243 0.558824 0.054795 0.394958
29 0.922701 0.575630 0.056751 0.411765
