11 0.018027 0.506250 0.032258 0.612500
18 0.142315 0.287500 0.026565 0.100000
9 0.185958 0.300000 0.045541 0.225000
20 0.231499 0.568750 0.030361 0.312500
11 0.394687 0.481250 0.034156 0.637500
2 0.691651 0.318750 0.036053 0.312500
20 0.789374 0.500000 0.030361 0.275000
2 0.838710 0.375000 0.045541 0.500000
12 0.877609 0.412500 0.036053 0.625000
10 0.916509 0.481250 0.030361 0.237500
17 0.963947 0.381250 0.037951 0.437500
28 0.067362 0.600000 0.051233 0.250000
29 0.106262 0.375000 0.037951 0.300000
29 0.298861 0.631250 0.036053 0.512500
12 0.353890 0.450000 0.032258 0.600000
27 0.452562 0.531250 0.058824 0.262500
28 0.521822 0.512500 0.053131 0.250000
28 0.643264 0.500000 0.041746 0.250000
22 0.607211 0.506250 0.030361 0.237500
29 0.731499 0.618750 0.043643 0.562500
