18 0.035487 0.285124 0.043432 0.057851
1 0.028072 0.479339 0.041314 0.280992
2 0.195445 0.190083 0.022246 0.198347
20 0.244703 0.351240 0.023305 0.206612
18 0.384534 0.388430 0.226695 0.148760
2 0.311441 0.173554 0.027542 0.280992
18 0.344280 0.177686 0.019068 0.107438
24 0.423729 0.173554 0.023305 0.214876
18 0.430614 0.690083 0.026483 0.107438
15 0.816208 0.409091 0.028602 0.421488
18 0.905720 0.404959 0.029661 0.099174
0 0.039725 0.136364 0.015890 0.239669
24 0.092691 0.301653 0.028602 0.223140
26 0.129767 0.297521 0.030720 0.363636
24 0.165784 0.367769 0.026483 0.239669
1 0.387712 0.157025 0.042373 0.280992
2 0.302966 0.698347 0.029661 0.272727
19 0.319386 0.834711 0.013771 0.132231
1 0.346398 0.681818 0.027542 0.256198
27 0.388242 0.710744 0.037076 0.181818
28 0.464513 0.698347 0.026483 0.173554
20 0.540254 0.380165 0.021186 0.198347
13 0.592161 0.442149 0.031780 0.504132
27 0.635593 0.409091 0.040254 0.190083
28 0.717161 0.413223 0.036017 0.148760
26 0.682733 0.367769 0.020127 0.256198
14 0.760064 0.454545 0.024364 0.545455
21 0.789195 0.429752 0.010593 0.115702
27 0.861229 0.404959 0.038136 0.198347
28 0.947564 0.404959 0.030720 0.165289
16 0.976695 0.433884 0.029661 0.388430
