2 0.124486 0.455446 0.039095 0.297030
1 0.173868 0.430693 0.043210 0.326733
3 0.451646 0.420792 0.039095 0.326733
4 0.498971 0.361386 0.039095 0.287129
10 0.664609 0.366337 0.045267 0.178218
0 0.794239 0.321782 0.028807 0.267327
1 0.833333 0.371287 0.041152 0.287129
2 0.881687 0.351485 0.039095 0.306931
16 0.932099 0.351485 0.041152 0.425743
13 0.073045 0.500000 0.043210 0.623762
0 0.216049 0.430693 0.028807 0.306931
14 0.274691 0.450495 0.034979 0.603960
26 0.320988 0.430693 0.041152 0.405941
5 0.536008 0.336634 0.039095 0.297030
13 0.409465 0.455446 0.049383 0.554455
14 0.583333 0.386139 0.043210 0.594059
15 0.739712 0.331683 0.039095 0.425743
