18 0.123616 0.489011 0.033210 0.120879
20 0.259225 0.494505 0.027675 0.241758
18 0.385609 0.489011 0.040590 0.142857
20 0.509225 0.472527 0.029520 0.241758
20 0.796125 0.423077 0.031365 0.230769
10 0.914207 0.428571 0.031365 0.175824
9 0.975092 0.412088 0.049815 0.230769
22 0.064576 0.521978 0.047970 0.252747
23 0.173432 0.456044 0.033210 0.362637
24 0.316421 0.521978 0.042435 0.252747
27 0.588561 0.478022 0.062731 0.208791
18 0.657749 0.450549 0.027675 0.131868
28 0.726937 0.423077 0.044280 0.208791
29 0.841328 0.494505 0.036900 0.395604
