18 0.131086 0.445714 0.234082 0.125714
24 0.055243 0.297143 0.029963 0.182857
18 0.087547 0.745714 0.025281 0.097143
8 0.089419 0.140000 0.017790 0.200000
2 0.164326 0.251429 0.030899 0.251429
10 0.305712 0.477143 0.021536 0.108571
2 0.359082 0.722857 0.030899 0.200000
18 0.501873 0.465714 0.338951 0.097143
1 0.421348 0.740000 0.031835 0.200000
18 0.444288 0.174286 0.017790 0.062857
19 0.447566 0.811429 0.011236 0.102857
8 0.468165 0.720000 0.020599 0.228571
20 0.498127 0.760000 0.016854 0.148571
20 0.529494 0.331429 0.015918 0.160000
7 0.572097 0.294286 0.020599 0.211429
18 0.608614 0.797143 0.024345 0.074286
1 0.642322 0.774286 0.035581 0.211429
18 0.709270 0.477143 0.019663 0.085714
2 0.756554 0.440000 0.028090 0.217143
2 0.815075 0.451429 0.025281 0.194286
21 0.954588 0.497143 0.010300 0.091429
18 0.122659 0.222857 0.024345 0.068571
7 0.052434 0.742857 0.031835 0.285714
1 0.120318 0.731429 0.029026 0.217143
29 0.150749 0.834286 0.026217 0.297143
20 0.191948 0.771429 0.018727 0.148571
0 0.219569 0.737143 0.015918 0.205714
27 0.379682 0.308571 0.032772 0.137143
27 0.491105 0.208571 0.032772 0.120000
6 0.413858 0.174286 0.026217 0.142857
1 0.465356 0.174286 0.022472 0.154286
2 0.627809 0.345714 0.029026 0.188571
26 0.596442 0.308571 0.018727 0.194286
25 0.386236 0.765714 0.012172 0.137143
29 0.539794 0.820000 0.019663 0.314286
29 0.569757 0.651429 0.021536 0.194286
25 0.783240 0.468571 0.012172 0.160000
26 0.857678 0.454286 0.028090 0.222857
1 0.894195 0.442857 0.024345 0.188571
19 0.913390 0.528571 0.008427 0.108571
4 0.933989 0.428571 0.019663 0.228571
24 0.975655 0.494286 0.026217 0.188571
