2 0.039749 0.612500 0.062762 0.500000
18 0.357741 0.550000 0.050209 0.150000
2 0.461297 0.518750 0.056485 0.387500
10 0.910042 0.537500 0.041841 0.275000
5 0.095188 0.593750 0.052301 0.412500
4 0.156904 0.562500 0.066946 0.450000
4 0.290795 0.318750 0.050209 0.412500
6 0.521967 0.437500 0.052301 0.500000
0 0.577406 0.437500 0.037657 0.525000
27 0.656904 0.512500 0.083682 0.325000
28 0.810669 0.525000 0.060669 0.325000
26 0.746862 0.443750 0.054393 0.537500
24 0.970711 0.493750 0.054393 0.387500
29 0.225941 0.743750 0.058577 0.512500
