10 0.410132 0.738636 0.050220 0.340909
20 0.491630 0.698864 0.035242 0.443182
18 0.552863 0.801136 0.036123 0.215909
13 0.018502 0.534091 0.035242 0.931818
14 0.072687 0.579545 0.030837 0.840909
15 0.146256 0.590909 0.033480 0.772727
16 0.200000 0.545455 0.029956 0.772727
11 0.273128 0.607955 0.026432 0.784091
12 0.339207 0.625000 0.028194 0.750000
26 0.626432 0.693182 0.035242 0.613636
25 0.668282 0.744318 0.022026 0.511364
27 0.747137 0.727273 0.054626 0.386364
28 0.828634 0.693182 0.039648 0.363636
24 0.907930 0.704545 0.034361 0.431818
9 0.981057 0.647727 0.034361 0.409091
