6 0.074429 0.349432 0.028311 0.198864
20 0.118721 0.571023 0.021918 0.221591
7 0.234247 0.500000 0.021005 0.272727
20 0.322831 0.514205 0.022831 0.187500
18 0.526484 0.491477 0.028311 0.085227
18 0.640639 0.460227 0.176256 0.159091
1 0.584018 0.786932 0.035616 0.198864
7 0.602740 0.144886 0.018265 0.198864
10 0.623288 0.792614 0.022831 0.119318
1 0.667123 0.732955 0.031963 0.261364
20 0.667580 0.167614 0.020091 0.130682
10 0.780822 0.426136 0.036530 0.181818
8 0.832877 0.332386 0.023744 0.210227
9 0.953881 0.332386 0.017352 0.198864
24 0.043836 0.548295 0.036530 0.210227
6 0.181735 0.511364 0.036530 0.250000
19 0.205479 0.610795 0.021918 0.164773
29 0.282192 0.571023 0.025571 0.267045
24 0.368037 0.500000 0.027397 0.181818
7 0.399543 0.326705 0.019178 0.187500
26 0.427397 0.468750 0.023744 0.346591
6 0.460274 0.497159 0.029224 0.221591
7 0.491324 0.383523 0.018265 0.176136
24 0.580822 0.315341 0.023744 0.198864
29 0.631507 0.218750 0.021005 0.176136
19 0.690868 0.846591 0.015525 0.125000
4 0.717808 0.738636 0.034703 0.250000
19 0.854795 0.426136 0.016438 0.113636
4 0.881279 0.321023 0.031050 0.232955
4 0.698174 0.147727 0.030137 0.204545
21 0.899543 0.392045 0.009132 0.079545
13 0.918721 0.355114 0.023744 0.437500
14 0.982648 0.363636 0.023744 0.431818
