18 0.141560 0.462441 0.225427 0.126761
18 0.138355 0.711268 0.022436 0.089202
20 0.146368 0.309859 0.023504 0.131455
0 0.179487 0.701878 0.021368 0.183099
10 0.303953 0.422535 0.033120 0.122066
17 0.387821 0.384977 0.032051 0.197183
19 0.411325 0.450704 0.012821 0.103286
20 0.568376 0.359155 0.019231 0.126761
8 0.652244 0.185446 0.022436 0.173709
18 0.686432 0.171362 0.022436 0.061033
21 0.878739 0.417840 0.013889 0.084507
27 0.086538 0.321596 0.051282 0.154930
28 0.198718 0.314554 0.040598 0.150235
1 0.063034 0.685446 0.034188 0.197183
29 0.098291 0.772300 0.029915 0.258216
5 0.441239 0.356808 0.027778 0.206573
6 0.482372 0.345070 0.028846 0.192488
7 0.514957 0.347418 0.025641 0.187793
29 0.620726 0.427230 0.034188 0.272300
29 0.757479 0.208920 0.023504 0.192488
1 0.727030 0.161972 0.030983 0.164319
20 0.808761 0.345070 0.023504 0.117371
0 0.848825 0.309859 0.022436 0.262911
1 0.919338 0.305164 0.041667 0.244131
29 0.969017 0.410798 0.040598 0.314554
