2 0.107282 0.447222 0.035111 0.238889
20 0.191157 0.452778 0.026008 0.161111
7 0.255527 0.422222 0.032510 0.266667
18 0.369311 0.438889 0.023407 0.066667
18 0.578023 0.447222 0.339402 0.116667
2 0.449285 0.138889 0.037711 0.200000
2 0.479194 0.719444 0.037711 0.205556
20 0.539012 0.169444 0.024707 0.138889
2 0.574122 0.580556 0.029909 0.150000
0 0.583875 0.138889 0.020806 0.188889
18 0.615085 0.713889 0.036411 0.083333
18 0.612484 0.177778 0.018205 0.077778
1 0.654096 0.158333 0.026008 0.172222
4 0.668401 0.666667 0.033810 0.211111
9 0.689857 0.094444 0.035111 0.122222
10 0.883615 0.402778 0.037711 0.127778
1 0.952536 0.358333 0.050715 0.238889
13 0.040962 0.530556 0.037711 0.605556
6 0.146294 0.280556 0.032510 0.194444
8 0.292588 0.416667 0.033810 0.266667
29 0.523407 0.797222 0.040312 0.305556
29 0.498049 0.191667 0.033810 0.216667
9 0.710013 0.583333 0.033810 0.133333
14 0.792588 0.433333 0.037711 0.533333
