2 0.028767 0.592025 0.026484 0.251534
1 0.093607 0.567485 0.033790 0.300613
20 0.134247 0.570552 0.021918 0.233129
4 0.190868 0.561350 0.029224 0.251534
18 0.311872 0.530675 0.019178 0.092025
18 0.400913 0.509202 0.135160 0.110429
1 0.352968 0.745399 0.030137 0.239264
6 0.363014 0.331288 0.022831 0.208589
20 0.413242 0.760736 0.017352 0.171779
17 0.575342 0.401840 0.029224 0.288344
17 0.635160 0.414110 0.022831 0.226994
2 0.763927 0.365031 0.026484 0.239264
19 0.784932 0.426380 0.010046 0.141104
21 0.857078 0.389571 0.017352 0.092025
2 0.961187 0.319018 0.030137 0.245399
25 0.060274 0.604294 0.014612 0.190184
19 0.211872 0.656442 0.014612 0.134969
5 0.237900 0.542945 0.022831 0.226994
29 0.267123 0.641104 0.022831 0.263804
7 0.384475 0.300613 0.018265 0.233129
8 0.404566 0.294479 0.018265 0.257669
29 0.384475 0.825153 0.021918 0.288344
0 0.433790 0.736196 0.016438 0.208589
10 0.521918 0.503067 0.026484 0.134969
19 0.605936 0.576687 0.019178 0.184049
0 0.668037 0.389571 0.011872 0.251534
26 0.704110 0.395706 0.031050 0.312883
4 0.821005 0.312883 0.042009 0.294479
29 0.890411 0.441718 0.021918 0.355828
25 0.927854 0.337423 0.014612 0.208589
