18 0.226006 0.419725 0.417957 0.096330
1 0.089783 0.571101 0.024768 0.114679
18 0.133901 0.224771 0.029412 0.055046
18 0.134675 0.642202 0.030960 0.036697
1 0.184211 0.633028 0.046440 0.165138
9 0.188854 0.231651 0.052632 0.151376
9 0.226780 0.649083 0.038700 0.114679
12 0.234520 0.217890 0.026316 0.224771
1 0.273220 0.123853 0.035604 0.137615
18 0.315789 0.639908 0.027864 0.059633
2 0.401703 0.596330 0.032508 0.128440
18 0.508514 0.410550 0.044892 0.077982
18 0.761610 0.458716 0.411765 0.073394
1 0.605263 0.268349 0.046440 0.188073
9 0.660217 0.605505 0.038700 0.110092
2 0.688854 0.201835 0.027864 0.128440
18 0.701238 0.600917 0.027864 0.055046
18 0.729876 0.284404 0.035604 0.055046
0 0.741486 0.596330 0.018576 0.155963
9 0.794118 0.284404 0.052632 0.128440
20 0.788700 0.722477 0.035604 0.133028
9 0.842879 0.167431 0.038700 0.114679
1 0.847523 0.694954 0.047988 0.178899
18 0.876935 0.162844 0.020124 0.059633
9 0.055728 0.639908 0.055728 0.160550
29 0.265480 0.717890 0.035604 0.243119
29 0.366873 0.699541 0.043344 0.252294
29 0.093653 0.254587 0.041796 0.188073
29 0.613777 0.745413 0.044892 0.233945
29 0.651703 0.327982 0.037152 0.197248
29 0.902477 0.779817 0.040248 0.247706
29 0.916409 0.192661 0.040248 0.165138
11 0.068111 0.201835 0.037152 0.247706
