1 0.050097 0.685065 0.039883 0.253247
0 0.057879 0.331169 0.016537 0.207792
6 0.267023 0.288961 0.026265 0.201299
20 0.310311 0.422078 0.017510 0.194805
2 0.416342 0.402597 0.031128 0.285714
18 0.466440 0.399351 0.034047 0.110390
1 0.518969 0.392857 0.028210 0.253247
4 0.563230 0.379870 0.029183 0.266234
18 0.648833 0.415584 0.019455 0.077922
2 0.751459 0.246753 0.022374 0.194805
10 0.798638 0.490260 0.025292 0.162338
18 0.053988 0.506494 0.043774 0.077922
29 0.119163 0.535714 0.028210 0.266234
7 0.145914 0.292208 0.017510 0.207792
18 0.184339 0.444805 0.026265 0.097403
29 0.241245 0.503247 0.027237 0.292208
1 0.354086 0.392857 0.031128 0.279221
26 0.380350 0.399351 0.023346 0.318182
19 0.538911 0.500000 0.009728 0.129870
29 0.602626 0.493506 0.035992 0.311688
6 0.689689 0.415584 0.031128 0.272727
24 0.724708 0.441558 0.031128 0.194805
4 0.851167 0.383117 0.031128 0.311688
21 0.874027 0.474026 0.018482 0.103896
13 0.900292 0.428571 0.034047 0.493506
9 0.935798 0.425325 0.029183 0.188312
14 0.965953 0.461039 0.019455 0.532468
