1 0.166850 0.464286 0.041712 0.388889
20 0.396817 0.432540 0.027442 0.214286
2 0.580681 0.642857 0.030735 0.285714
18 0.602634 0.388889 0.074643 0.111111
10 0.730516 0.373016 0.031833 0.206349
17 0.871570 0.321429 0.039517 0.341270
13 0.029638 0.539683 0.030735 0.714286
14 0.670143 0.361111 0.029638 0.706349
1 0.091658 0.464286 0.040615 0.388889
26 0.127333 0.496032 0.032931 0.420635
18 0.231614 0.436508 0.032931 0.111111
2 0.285401 0.464286 0.037322 0.309524
2 0.347969 0.436508 0.035126 0.317460
25 0.316685 0.480159 0.014270 0.230159
2 0.451153 0.416667 0.030735 0.309524
19 0.472009 0.591270 0.017563 0.166667
4 0.504940 0.388889 0.037322 0.349206
21 0.541164 0.523810 0.015368 0.142857
4 0.624040 0.623016 0.027442 0.261905
0 0.813941 0.293651 0.018661 0.333333
19 0.833699 0.480159 0.020856 0.230159
21 0.914929 0.388889 0.016465 0.142857
0 0.967069 0.309524 0.024149 0.365079
0 0.597695 0.190476 0.020856 0.285714
19 0.599341 0.753968 0.015368 0.158730
