15 0.040801 0.527778 0.034125 0.455556
1 0.100890 0.550000 0.041543 0.366667
2 0.290059 0.572222 0.034125 0.366667
1 0.479228 0.561111 0.044510 0.366667
16 0.531157 0.561111 0.020772 0.411111
15 0.566766 0.572222 0.032641 0.388889
2 0.611276 0.555556 0.035608 0.333333
18 0.652819 0.561111 0.029674 0.122222
1 0.786350 0.611111 0.038576 0.333333
16 0.836053 0.588889 0.028190 0.355556
10 0.893917 0.638889 0.022255 0.166667
17 0.948813 0.550000 0.034125 0.300000
6 0.146884 0.550000 0.035608 0.322222
8 0.184718 0.544444 0.034125 0.377778
25 0.229970 0.622222 0.011869 0.244444
6 0.326409 0.566667 0.032641 0.311111
8 0.372404 0.533333 0.032641 0.311111
25 0.427300 0.588889 0.020772 0.222222
0 0.693620 0.588889 0.025223 0.333333
26 0.745549 0.594444 0.037092 0.322222
