2 0.023466 0.820896 0.030686 0.208955
18 0.143051 0.572139 0.282491 0.129353
19 0.044224 0.883085 0.010830 0.094527
0 0.047383 0.276119 0.017148 0.164179
4 0.071751 0.803483 0.031588 0.213930
1 0.084838 0.248756 0.030686 0.169154
19 0.115072 0.318408 0.013538 0.119403
2 0.153881 0.246269 0.024368 0.194030
4 0.187726 0.781095 0.025271 0.218905
2 0.253159 0.156716 0.018953 0.124378
10 0.319946 0.569652 0.026173 0.134328
18 0.523466 0.532338 0.326715 0.149254
2 0.398466 0.358209 0.018953 0.199005
8 0.455325 0.092040 0.015343 0.164179
18 0.477437 0.082090 0.016245 0.084577
4 0.569946 0.746269 0.026173 0.208955
19 0.538809 0.835821 0.010830 0.119403
2 0.542419 0.047264 0.010830 0.084577
20 0.569946 0.094527 0.013538 0.099502
21 0.600632 0.788557 0.011733 0.084577
2 0.655235 0.218905 0.027076 0.159204
10 0.737365 0.502488 0.021661 0.129353
0 0.776625 0.440299 0.013538 0.154229
1 0.806408 0.437811 0.026173 0.199005
8 0.833484 0.435323 0.017148 0.203980
19 0.851534 0.529851 0.015343 0.134328
2 0.883574 0.455224 0.019856 0.184080
21 0.934567 0.470149 0.008123 0.044776
21 0.975181 0.450249 0.008123 0.064677
26 0.103791 0.815920 0.025271 0.208955
5 0.134928 0.788557 0.024368 0.184080
8 0.184116 0.236318 0.025271 0.203980
29 0.218863 0.308458 0.022563 0.278607
29 0.432762 0.236318 0.020758 0.194030
8 0.499549 0.092040 0.020758 0.144279
29 0.520307 0.131841 0.018953 0.164179
8 0.590704 0.106965 0.017148 0.154229
18 0.615975 0.246269 0.017148 0.064677
29 0.638087 0.830846 0.034296 0.278607
2 0.513538 0.773632 0.027076 0.194030
4 0.395307 0.783582 0.030686 0.223881
5 0.441336 0.788557 0.027076 0.213930
19 0.415614 0.883085 0.015343 0.124378
26 0.479242 0.761194 0.030686 0.278607
19 0.160199 0.878109 0.013538 0.154229
24 0.226986 0.805970 0.031588 0.179104
24 0.914260 0.447761 0.027076 0.139303
22 0.951715 0.425373 0.024368 0.134328
23 0.987816 0.368159 0.018953 0.189055
