1 0.057239 0.560484 0.043771 0.250000
1 0.105219 0.560484 0.035354 0.266129
0 0.148990 0.544355 0.021886 0.266129
7 0.276094 0.399194 0.040404 0.266129
18 0.338384 0.528226 0.050505 0.088710
18 0.521044 0.354839 0.028620 0.080645
9 0.594276 0.342742 0.050505 0.185484
20 0.661616 0.544355 0.037037 0.233871
18 0.791246 0.326613 0.023569 0.088710
10 0.858586 0.592742 0.043771 0.153226
29 0.222222 0.649194 0.053872 0.346774
29 0.450337 0.620968 0.048822 0.387097
7 0.490741 0.358871 0.028620 0.266129
0 0.553872 0.338710 0.023569 0.241935
27 0.747475 0.528226 0.070707 0.153226
27 0.949495 0.560484 0.090909 0.201613
6 0.827441 0.318548 0.042088 0.201613
