2 0.046667 0.565041 0.053333 0.268293
25 0.106667 0.589431 0.035556 0.170732
1 0.175556 0.556911 0.048889 0.235772
2 0.411111 0.776423 0.053333 0.235772
18 0.447778 0.581301 0.117778 0.121951
3 0.444444 0.402439 0.048889 0.235772
20 0.591111 0.585366 0.048889 0.211382
8 0.737778 0.735772 0.057778 0.317073
1 0.743333 0.341463 0.064444 0.292683
18 0.892222 0.463415 0.046667 0.081301
2 0.960000 0.459350 0.057778 0.317073
29 0.238889 0.650407 0.060000 0.308943
20 0.331111 0.621951 0.044444 0.203252
9 0.486667 0.796748 0.080000 0.195122
18 0.754444 0.524390 0.117778 0.138211
29 0.813333 0.788618 0.066667 0.308943
