11 0.040850 0.572464 0.049020 0.652174
8 0.078431 0.536232 0.052288 0.463768
9 0.142157 0.565217 0.068627 0.231884
2 0.204248 0.326087 0.055556 0.275362
20 0.277778 0.449275 0.052288 0.289855
1 0.377451 0.398551 0.075163 0.362319
12 0.441176 0.384058 0.045752 0.536232
11 0.540850 0.311594 0.055556 0.507246
3 0.607843 0.318841 0.052288 0.405797
9 0.665033 0.384058 0.055556 0.246377
18 0.772876 0.326087 0.049020 0.159420
4 0.869281 0.253623 0.065359 0.333333
12 0.936275 0.275362 0.042484 0.521739
