3 0.031609 0.584158 0.047893 0.396040
9 0.080460 0.648515 0.045977 0.247525
2 0.134100 0.425743 0.038314 0.297030
18 0.172414 0.579208 0.034483 0.089109
4 0.258621 0.574257 0.053640 0.376238
9 0.312261 0.603960 0.057471 0.237624
1 0.371648 0.475248 0.049808 0.217822
20 0.435824 0.574257 0.040230 0.257426
5 0.491379 0.594059 0.047893 0.415842
9 0.555556 0.613861 0.061303 0.297030
18 0.639847 0.628713 0.049808 0.108911
1 0.715517 0.544554 0.063218 0.356436
10 0.831418 0.603960 0.061303 0.257426
17 0.942529 0.574257 0.084291 0.415842
