1 0.050584 0.565657 0.058366 0.383838
9 0.104086 0.595960 0.040856 0.262626
2 0.154669 0.404040 0.044747 0.262626
20 0.226654 0.525253 0.036965 0.222222
4 0.288911 0.525253 0.052529 0.343434
9 0.340467 0.565657 0.050584 0.222222
1 0.388132 0.363636 0.052529 0.262626
18 0.439689 0.565657 0.042802 0.101010
7 0.501946 0.545455 0.038911 0.383838
9 0.549611 0.575758 0.048638 0.242424
20 0.656615 0.505051 0.056420 0.242424
0 0.717899 0.444444 0.031128 0.303030
5 0.759728 0.469697 0.044747 0.393939
10 0.871595 0.525253 0.058366 0.262626
17 0.955253 0.484848 0.070039 0.323232
