9 0.043222 0.588889 0.058939 0.266667
2 0.089391 0.422222 0.045187 0.333333
20 0.167976 0.561111 0.045187 0.255556
1 0.239686 0.500000 0.058939 0.377778
9 0.293713 0.538889 0.045187 0.300000
1 0.346758 0.333333 0.053045 0.244444
20 0.413556 0.477778 0.045187 0.266667
5 0.508841 0.511111 0.047151 0.466667
9 0.560904 0.566667 0.056974 0.288889
18 0.639489 0.533333 0.041257 0.133333
0 0.703340 0.550000 0.023576 0.366667
1 0.750491 0.505556 0.074656 0.388889
10 0.850688 0.538889 0.051081 0.255556
17 0.935167 0.472222 0.078585 0.344444
