11 0.071174 0.594595 0.049822 0.432432
1 0.144128 0.587838 0.060498 0.310811
9 0.201068 0.614865 0.053381 0.229730
18 0.275801 0.581081 0.053381 0.108108
5 0.341637 0.601351 0.064057 0.337838
12 0.405694 0.574324 0.035587 0.472973
11 0.487544 0.601351 0.049822 0.527027
7 0.558719 0.533784 0.056940 0.445946
9 0.635231 0.608108 0.074733 0.270270
1 0.686833 0.391892 0.056940 0.216216
20 0.766904 0.500000 0.046263 0.216216
4 0.852313 0.493243 0.074733 0.310811
12 0.916370 0.493243 0.039146 0.472973
