2 0.058673 0.445736 0.071429 0.286822
9 0.126276 0.503876 0.053571 0.186047
1 0.176020 0.348837 0.061224 0.186047
20 0.283163 0.418605 0.051020 0.170543
5 0.391582 0.406977 0.073980 0.286822
9 0.465561 0.434109 0.079082 0.201550
18 0.576531 0.430233 0.056122 0.054264
1 0.691327 0.255814 0.076531 0.248062
18 0.693878 0.434109 0.096939 0.093023
2 0.688776 0.620155 0.091837 0.217054
10 0.816327 0.441860 0.071429 0.217054
6 0.933673 0.271318 0.081633 0.232558
18 0.933673 0.500000 0.117347 0.069767
7 0.928571 0.682171 0.030612 0.232558
