28 0.059152 0.677083 0.037946 0.354167
28 0.304688 0.687500 0.033482 0.416667
28 0.746652 0.510417 0.029018 0.395833
28 0.895089 0.468750 0.044643 0.479167
12 0.944196 0.447917 0.035714 0.812500
11 0.698661 0.395833 0.049107 0.625000
6 0.556920 0.541667 0.046875 0.541667
10 0.630580 0.666667 0.042411 0.375000
20 0.444196 0.677083 0.035714 0.395833
20 0.160714 0.666667 0.035714 0.333333
6 0.104911 0.416667 0.035714 0.416667
6 0.255580 0.572917 0.042411 0.604167
6 0.781250 0.270833 0.031250 0.416667
20 0.837054 0.458333 0.035714 0.458333
