29 0.073304 0.768116 0.037199 0.463768
29 0.321663 0.753623 0.048140 0.492754
29 0.740700 0.543478 0.037199 0.565217
29 0.910284 0.463768 0.043764 0.550725
12 0.974836 0.297101 0.032823 0.536232
6 0.773523 0.289855 0.041575 0.347826
20 0.836980 0.347826 0.037199 0.289855
10 0.646608 0.536232 0.037199 0.202899
11 0.705689 0.427536 0.037199 0.565217
20 0.462801 0.579710 0.045952 0.318841
6 0.566740 0.478261 0.048140 0.376812
6 0.271335 0.623188 0.048140 0.434783
6 0.117068 0.492754 0.037199 0.318841
20 0.185996 0.681159 0.039387 0.405797
