9 0.042293 0.635870 0.054511 0.358696
1 0.083647 0.380435 0.046992 0.304348
20 0.147556 0.489130 0.050752 0.304348
1 0.236842 0.478261 0.075188 0.543478
20 0.421992 0.510870 0.050752 0.347826
10 0.626880 0.483696 0.065789 0.293478
9 0.329887 0.538043 0.050752 0.315217
29 0.518797 0.668478 0.056391 0.554348
11 0.722744 0.369565 0.050752 0.521739
12 0.962406 0.451087 0.045113 0.619565
23 0.904135 0.375000 0.045113 0.445652
22 0.782895 0.440217 0.050752 0.293478
20 0.834586 0.380435 0.037594 0.304348
