11 0.018519 0.561856 0.034074 0.855670
5 0.071852 0.561856 0.040000 0.587629
18 0.191852 0.520619 0.040000 0.154639
12 0.310370 0.505155 0.034074 0.907216
2 0.368889 0.247423 0.035556 0.391753
18 0.444444 0.592784 0.074074 0.216495
5 0.568148 0.530928 0.054815 0.546392
9 0.628148 0.587629 0.065185 0.453608
18 0.697778 0.572165 0.044444 0.175258
1 0.755556 0.536082 0.053333 0.494845
10 0.860000 0.561856 0.060741 0.360825
9 0.128148 0.582474 0.051852 0.422680
1 0.251852 0.525773 0.062222 0.474227
0 0.515556 0.567010 0.038519 0.577320
9 0.636296 0.572165 0.078519 0.319588
17 0.962963 0.536082 0.059259 0.639175
