11 0.017595 0.538043 0.032258 0.793478
12 0.017595 0.570652 0.032258 0.858696
7 0.074780 0.559783 0.046921 0.597826
18 0.206012 0.592391 0.057185 0.228261
5 0.261730 0.554348 0.045455 0.478261
4 0.365103 0.244565 0.064516 0.467391
18 0.442815 0.532609 0.061584 0.195652
9 0.647361 0.548913 0.057185 0.380435
20 0.722874 0.576087 0.049853 0.434783
10 0.884164 0.603261 0.049853 0.271739
9 0.129032 0.663043 0.046921 0.260870
12 0.308651 0.586957 0.033724 0.717391
0 0.523460 0.527174 0.041056 0.467391
0 0.570381 0.500000 0.038123 0.434783
17 0.959677 0.625000 0.054252 0.532609
2 0.790323 0.538043 0.041056 0.489130
