22 0.061224 0.666667 0.045351 0.370370
7 0.116780 0.472222 0.034014 0.462963
20 0.173469 0.694444 0.038549 0.277778
7 0.252834 0.611111 0.043084 0.592593
22 0.304989 0.648148 0.043084 0.370370
7 0.561224 0.583333 0.056689 0.611111
7 0.794785 0.324074 0.024943 0.462963
22 0.910431 0.500000 0.038549 0.333333
20 0.851474 0.453704 0.034014 0.351852
11 0.714286 0.574074 0.022676 0.592593
22 0.756236 0.574074 0.038549 0.333333
10 0.646259 0.638889 0.040816 0.277778
20 0.465986 0.648148 0.043084 0.407407
