12 0.030303 0.509091 0.051037 0.763636
11 0.031100 0.481818 0.052632 0.836364
18 0.260766 0.590909 0.062201 0.145455
1 0.439394 0.245455 0.052632 0.272727
18 0.510367 0.618182 0.060606 0.218182
5 0.668262 0.581818 0.063796 0.454545
10 0.832536 0.663636 0.054226 0.327273
17 0.933812 0.545455 0.078150 0.509091
2 0.102073 0.518182 0.041467 0.490909
9 0.169856 0.563636 0.055821 0.309091
1 0.322169 0.522727 0.060606 0.427273
12 0.386762 0.572727 0.039872 0.727273
0 0.599681 0.590909 0.038278 0.527273
