1 0.141700 0.291045 0.036437 0.373134
20 0.231781 0.470149 0.038462 0.343284
20 0.507085 0.589552 0.050607 0.402985
2 0.614372 0.552239 0.046559 0.477612
20 0.745951 0.567164 0.034413 0.328358
10 0.873482 0.619403 0.046559 0.253731
27 0.108300 0.656716 0.046559 0.328358
5 0.053644 0.477612 0.058704 0.597015
1 0.323887 0.522388 0.060729 0.626866
27 0.392713 0.619403 0.056680 0.343284
27 0.665992 0.634328 0.048583 0.313433
27 0.801619 0.597015 0.048583 0.268657
7 0.957490 0.485075 0.044534 0.641791
