20 0.183124 0.535714 0.028725 0.357143
20 0.409336 0.565476 0.039497 0.297619
10 0.614901 0.589286 0.052065 0.297619
12 0.940754 0.464286 0.050269 0.785714
1 0.040395 0.571429 0.055655 0.571429
22 0.083483 0.613095 0.034111 0.273810
1 0.117594 0.428571 0.034111 0.309524
1 0.287253 0.470238 0.057451 0.607143
22 0.335727 0.589286 0.039497 0.273810
22 0.519749 0.541667 0.041293 0.345238
11 0.709156 0.464286 0.050269 0.595238
24 0.879713 0.500000 0.050269 0.333333
23 0.786355 0.500000 0.046679 0.404762
20 0.832136 0.500000 0.034111 0.261905
