11 0.048900 0.673077 0.039120 0.474359
9 0.100244 0.692308 0.058680 0.307692
18 0.160147 0.641026 0.046455 0.102564
0 0.211491 0.647436 0.031785 0.294872
12 0.243276 0.621795 0.031785 0.576923
11 0.336186 0.596154 0.041565 0.423077
1 0.402200 0.519231 0.051345 0.371795
9 0.458435 0.596154 0.056235 0.294872
1 0.515892 0.365385 0.048900 0.269231
18 0.572127 0.589744 0.048900 0.128205
3 0.654034 0.519231 0.051345 0.294872
12 0.704156 0.480769 0.024450 0.448718
10 0.795844 0.467949 0.051345 0.192308
17 0.933985 0.371795 0.053790 0.333333
