11 0.037464 0.562500 0.040346 0.652778
5 0.100865 0.506944 0.057637 0.430556
9 0.175793 0.583333 0.074928 0.222222
18 0.269452 0.493056 0.043228 0.097222
2 0.360231 0.472222 0.069164 0.416667
12 0.426513 0.402778 0.028818 0.527778
11 0.523055 0.368056 0.043228 0.513889
3 0.599424 0.368056 0.057637 0.430556
9 0.662824 0.416667 0.063401 0.250000
1 0.724784 0.131944 0.060519 0.236111
20 0.776657 0.340278 0.048991 0.291667
2 0.857349 0.277778 0.060519 0.416667
12 0.927954 0.250000 0.034582 0.472222
