11 0.062102 0.563953 0.047771 0.569767
3 0.092357 0.598837 0.044586 0.313953
9 0.149682 0.639535 0.050955 0.186047
1 0.203822 0.465116 0.050955 0.162791
18 0.253185 0.593023 0.060510 0.069767
2 0.329618 0.534884 0.066879 0.279070
12 0.396497 0.505814 0.041401 0.383721
11 0.488854 0.500000 0.047771 0.418605
1 0.574841 0.517442 0.054140 0.313953
9 0.636943 0.569767 0.063694 0.232558
1 0.699045 0.337209 0.060510 0.232558
20 0.770701 0.534884 0.050955 0.186047
3 0.847134 0.517442 0.057325 0.313953
12 0.936306 0.436047 0.050955 0.453488
