11 0.042208 0.701220 0.045455 0.475610
7 0.116883 0.652439 0.051948 0.353659
9 0.185065 0.719512 0.064935 0.219512
1 0.243506 0.512195 0.051948 0.195122
18 0.311688 0.621951 0.051948 0.073171
2 0.383117 0.591463 0.058442 0.329268
12 0.439935 0.567073 0.035714 0.548780
11 0.566558 0.536585 0.048701 0.487805
1 0.626623 0.524390 0.051948 0.341463
9 0.688312 0.579268 0.064935 0.231707
20 0.780844 0.463415 0.061688 0.219512
0 0.863636 0.475610 0.051948 0.341463
12 0.941558 0.378049 0.038961 0.463415
