1 0.073824 0.584441 0.020041 0.073138
1 0.194479 0.588431 0.025767 0.075798
18 0.200613 0.436835 0.399591 0.134309
5 0.291207 0.599069 0.025358 0.115691
9 0.330470 0.608378 0.030266 0.105053
0 0.533129 0.292553 0.015133 0.140957
7 0.556237 0.511303 0.027812 0.166223
18 0.557260 0.395612 0.119018 0.086436
11 0.657669 0.397606 0.035992 0.438830
9 0.720859 0.267952 0.029857 0.121011
18 0.733742 0.383644 0.116973 0.086436
18 0.898160 0.363032 0.102249 0.077128
12 0.979959 0.354388 0.033538 0.378989
7 0.077710 0.246011 0.043354 0.188830
9 0.130061 0.275931 0.045808 0.136968
9 0.037832 0.645612 0.046217 0.107713
20 0.123722 0.660904 0.035583 0.127660
29 0.165440 0.690160 0.031493 0.159574
29 0.184254 0.305186 0.038855 0.198138
20 0.239264 0.651596 0.036810 0.125000
20 0.458487 0.416223 0.034356 0.138298
6 0.569121 0.279255 0.037219 0.119681
9 0.901431 0.478059 0.050716 0.136968
29 0.726176 0.513963 0.026585 0.176862
29 0.895706 0.255984 0.030266 0.158245
20 0.821472 0.376995 0.033129 0.115691
29 0.364826 0.644947 0.025358 0.180851
