5 0.126299 0.440034 0.044699 0.278716
9 0.165281 0.457770 0.043659 0.189189
4 0.266632 0.457770 0.036383 0.233108
1 0.342775 0.282095 0.044179 0.195946
20 0.617723 0.398649 0.045218 0.175676
10 0.782225 0.380068 0.060291 0.152027
1 0.871622 0.350507 0.046778 0.214527
17 0.922557 0.356419 0.040541 0.189189
0 0.673597 0.385135 0.023909 0.182432
0 0.707640 0.364020 0.028586 0.180743
3 0.065489 0.433277 0.047817 0.207770
20 0.226351 0.467061 0.038981 0.133446
12 0.302755 0.445946 0.036902 0.260135
20 0.415281 0.427365 0.036383 0.168919
5 0.489605 0.419764 0.036383 0.160473
29 0.533784 0.517736 0.045738 0.275338
