2 0.071429 0.463170 0.041896 0.216518
11 0.174622 0.482701 0.042239 0.248884
1 0.285714 0.423549 0.024725 0.106027
1 0.603365 0.499442 0.032280 0.184152
11 0.796703 0.433594 0.041896 0.264509
9 0.833448 0.463728 0.051511 0.132812
1 0.904361 0.415179 0.031250 0.140625
12 0.975275 0.405692 0.032967 0.264509
29 0.116243 0.544643 0.034684 0.214286
29 0.253606 0.563058 0.037431 0.172991
29 0.636161 0.580915 0.027816 0.177455
29 0.938702 0.484375 0.027816 0.171875
11 0.490900 0.535156 0.031250 0.248884
9 0.528159 0.520089 0.043956 0.147321
8 0.210337 0.512277 0.025069 0.167411
20 0.319540 0.510045 0.037431 0.111607
0 0.355426 0.497210 0.021978 0.157366
12 0.385474 0.487723 0.035371 0.274554
10 0.440591 0.527344 0.040522 0.106027
0 0.718407 0.466518 0.023352 0.207589
20 0.681147 0.502232 0.034684 0.142857
12 0.749657 0.454241 0.035714 0.267857
