0 0.234043 0.480374 0.033353 0.209346
18 0.463772 0.465421 0.071880 0.097196
3 0.600058 0.447664 0.037378 0.259813
1 0.702703 0.370093 0.050604 0.153271
10 0.785221 0.477570 0.075331 0.173832
2 0.888442 0.460748 0.049454 0.244860
0 0.037665 0.453271 0.036228 0.285981
8 0.081369 0.458879 0.043128 0.203738
20 0.167338 0.488785 0.046003 0.151402
17 0.272570 0.462617 0.037953 0.173832
24 0.345313 0.477570 0.050029 0.192523
3 0.408856 0.328972 0.041403 0.164486
0 0.553767 0.447664 0.034503 0.211215
24 0.657274 0.482243 0.043703 0.190654
7 0.944508 0.465421 0.048879 0.220561
