18 0.037176 0.593633 0.073199 0.112360
1 0.121614 0.546816 0.059942 0.220974
1 0.238329 0.474719 0.042075 0.147940
18 0.302305 0.558989 0.060519 0.084270
11 0.456484 0.489700 0.043804 0.346442
1 0.501153 0.484082 0.044380 0.196629
9 0.554755 0.489700 0.052450 0.174157
18 0.610086 0.463483 0.044380 0.073034
12 0.714409 0.438202 0.048991 0.344569
10 0.811816 0.428839 0.061671 0.176030
17 0.906916 0.352996 0.059366 0.215356
29 0.188761 0.687266 0.043228 0.303371
4 0.387032 0.534644 0.051297 0.275281
29 0.659654 0.540262 0.045533 0.286517
