11 0.032133 0.744016 0.025788 0.317819
18 0.108883 0.496011 0.199754 0.093085
1 0.141629 0.279920 0.031928 0.083777
0 0.148178 0.726064 0.024560 0.188830
20 0.357757 0.464761 0.034384 0.144947
18 0.525583 0.482713 0.203029 0.119681
1 0.563447 0.267952 0.027425 0.110372
1 0.627712 0.565160 0.030700 0.085106
10 0.720221 0.449468 0.051985 0.117021
0 0.828490 0.316489 0.028653 0.148936
1 0.836267 0.548537 0.040933 0.134309
18 0.835244 0.413564 0.101924 0.063830
9 0.097217 0.367021 0.046255 0.135638
9 0.479329 0.708112 0.040933 0.118351
11 0.452927 0.746011 0.020876 0.215426
20 0.526402 0.694814 0.027016 0.105053
0 0.576750 0.676862 0.019648 0.103723
29 0.056693 0.758644 0.036431 0.187500
29 0.519853 0.359043 0.037659 0.162234
1 0.193410 0.573803 0.024151 0.073138
12 0.178878 0.724069 0.024560 0.264628
20 0.107655 0.720080 0.031928 0.126330
12 0.603357 0.674202 0.018829 0.202128
