20 0.163251 0.534109 0.042421 0.144186
11 0.329600 0.488372 0.035748 0.306977
9 0.478313 0.491473 0.051954 0.148837
12 0.578170 0.482171 0.038132 0.297674
10 0.655863 0.482171 0.047664 0.145736
3 0.740944 0.406202 0.033842 0.232558
1 0.855577 0.347287 0.034318 0.136434
1 0.938990 0.364341 0.037178 0.114729
9 0.805291 0.458915 0.051954 0.173643
11 0.058151 0.531783 0.032412 0.350388
9 0.100334 0.518605 0.051001 0.172093
29 0.226168 0.623256 0.045281 0.285271
12 0.275024 0.515504 0.039085 0.336434
0 0.362965 0.506977 0.033842 0.173643
20 0.417779 0.512403 0.043375 0.165891
29 0.522641 0.559690 0.037655 0.260465
29 0.898475 0.539535 0.041945 0.306977
