2 0.037946 0.572581 0.046131 0.258065
9 0.086806 0.612097 0.057540 0.143548
20 0.188988 0.608065 0.055556 0.212903
11 0.272817 0.595161 0.032738 0.322581
1 0.290427 0.595968 0.035218 0.195161
12 0.488839 0.591935 0.039187 0.306452
11 0.543899 0.493548 0.028274 0.264516
9 0.586062 0.549194 0.047123 0.159677
18 0.624504 0.533065 0.037698 0.066129
12 0.713790 0.506452 0.052579 0.309677
0 0.865823 0.512903 0.036210 0.264516
0 0.924851 0.533065 0.050099 0.237097
9 0.344494 0.600806 0.042163 0.143548
18 0.393601 0.593548 0.034226 0.064516
29 0.445685 0.658871 0.038194 0.217742
10 0.793155 0.522581 0.053571 0.141935
29 0.664435 0.574194 0.039187 0.229032
