1 0.055799 0.505976 0.056455 0.188579
9 0.185777 0.519920 0.052954 0.139442
0 0.229103 0.423639 0.020569 0.122178
17 0.255142 0.417663 0.041138 0.115538
18 0.313786 0.490040 0.058643 0.050465
9 0.466521 0.501992 0.039387 0.143426
5 0.517724 0.387118 0.039387 0.142098
20 0.592998 0.494024 0.042013 0.159363
7 0.650985 0.471448 0.042451 0.183267
5 0.692560 0.456175 0.041575 0.158035
10 0.832604 0.507968 0.064333 0.128818
17 0.930197 0.480744 0.050328 0.183267
6 0.119475 0.515272 0.045514 0.180611
4 0.411160 0.495352 0.038074 0.196547
3 0.745952 0.455511 0.039825 0.162019
