7 0.096290 0.548063 0.042403 0.223816
1 0.217314 0.479197 0.024735 0.120516
18 0.280477 0.547346 0.054770 0.073171
0 0.336572 0.545194 0.020318 0.200861
9 0.497792 0.591105 0.064488 0.163558
18 0.571776 0.556671 0.057862 0.071736
0 0.618375 0.515065 0.024735 0.215208
6 0.659011 0.511478 0.053887 0.219512
9 0.723057 0.521521 0.047703 0.162123
1 0.772085 0.439742 0.029152 0.124821
17 0.919390 0.469154 0.046378 0.169297
0 0.058083 0.549498 0.034011 0.215208
27 0.172261 0.575323 0.056537 0.134864
7 0.365504 0.540890 0.033127 0.192253
27 0.428887 0.606887 0.060954 0.126255
10 0.832155 0.518651 0.053887 0.139168
