11 0.044993 0.463918 0.022496 0.203895
12 0.214985 0.439290 0.033745 0.264605
11 0.265784 0.431844 0.031567 0.233677
9 0.311684 0.476518 0.045718 0.155785
10 0.655660 0.518328 0.050798 0.131730
1 0.746009 0.506873 0.045718 0.159221
9 0.076742 0.456472 0.041001 0.134021
29 0.168179 0.526346 0.034470 0.214204
18 0.124456 0.476518 0.044267 0.054983
20 0.374456 0.477090 0.029753 0.115693
29 0.410377 0.545819 0.033382 0.184422
20 0.468977 0.509737 0.035922 0.109966
29 0.510522 0.561856 0.025399 0.184422
1 0.551887 0.444444 0.034833 0.091638
12 0.589623 0.493700 0.040639 0.238259
11 0.807329 0.487400 0.024673 0.175258
29 0.842163 0.575029 0.040639 0.169530
20 0.900943 0.497136 0.039187 0.135166
0 0.938316 0.520046 0.022496 0.148912
12 0.967525 0.522337 0.027213 0.213058
