2 0.059217 0.545151 0.043254 0.264214
1 0.473996 0.529264 0.037590 0.209030
10 0.586509 0.560201 0.059732 0.140468
1 0.695675 0.498328 0.042225 0.200669
9 0.746395 0.527592 0.042739 0.145485
0 0.021885 0.556020 0.029351 0.188963
9 0.127703 0.566054 0.066941 0.162207
20 0.199537 0.554348 0.042739 0.158863
3 0.267508 0.529264 0.046859 0.198997
29 0.312822 0.656355 0.037590 0.262542
20 0.415294 0.553512 0.045829 0.153846
20 0.808960 0.534281 0.039135 0.145485
29 0.852472 0.598662 0.034501 0.294314
18 0.922503 0.518395 0.045829 0.076923
4 0.967302 0.494147 0.042739 0.239130
