1 0.044284 0.447137 0.046995 0.180617
1 0.144148 0.368576 0.032535 0.102790
20 0.218934 0.478708 0.047447 0.190896
9 0.284907 0.479442 0.059196 0.168869
1 0.506326 0.434655 0.042024 0.205580
1 0.615680 0.375918 0.037506 0.120411
20 0.667872 0.452276 0.046995 0.155653
1 0.723000 0.403818 0.038861 0.187959
10 0.852463 0.458884 0.073656 0.165932
9 0.098283 0.481645 0.049254 0.149780
29 0.340940 0.563877 0.045639 0.267254
20 0.436286 0.496329 0.052869 0.143906
29 0.567329 0.556535 0.041121 0.237885
29 0.763443 0.530103 0.034794 0.270191
3 0.950294 0.428047 0.059648 0.233480
