9 0.166283 0.685528 0.054353 0.121872
18 0.163058 0.539173 0.169507 0.062024
1 0.222939 0.621328 0.047904 0.078346
20 0.337632 0.527748 0.046983 0.115343
11 0.433211 0.705114 0.041916 0.213275
1 0.495164 0.374864 0.043298 0.109902
18 0.526025 0.499456 0.237678 0.082699
4 0.543759 0.360174 0.047444 0.150163
12 0.605942 0.694233 0.033625 0.232862
1 0.626670 0.564744 0.043759 0.052231
10 0.740903 0.502176 0.056656 0.120783
0 0.856057 0.494015 0.076002 0.184984
0 0.135652 0.408052 0.040074 0.121872
0 0.182635 0.381393 0.031783 0.127312
9 0.467066 0.685528 0.047904 0.115343
20 0.521419 0.678999 0.045140 0.102285
4 0.577384 0.686616 0.041916 0.156692
