2 0.069710 0.442069 0.046771 0.238621
1 0.164365 0.401379 0.033853 0.093793
1 0.321826 0.414483 0.028953 0.131034
9 0.912918 0.492414 0.036080 0.154483
9 0.120490 0.492414 0.050334 0.121379
20 0.223385 0.501379 0.042316 0.114483
29 0.289978 0.554483 0.040980 0.195862
20 0.402227 0.512414 0.040980 0.111724
7 0.458129 0.480690 0.036971 0.197241
29 0.501782 0.534483 0.039644 0.213793
20 0.578174 0.482069 0.034744 0.111724
3 0.641648 0.466897 0.044098 0.169655
10 0.748107 0.488276 0.056570 0.107586
7 0.852339 0.480690 0.040535 0.197241
