9 0.099208 0.787234 0.063344 0.203647
18 0.193992 0.443009 0.298556 0.129179
1 0.145785 0.696809 0.040056 0.126140
9 0.223801 0.262918 0.082441 0.218845
0 0.238007 0.770517 0.031672 0.212766
20 0.183978 0.771277 0.043782 0.132219
20 0.448766 0.408815 0.054495 0.167173
29 0.538426 0.764438 0.043782 0.246201
1 0.591989 0.608663 0.033535 0.104863
20 0.626223 0.703647 0.043316 0.151976
0 0.678156 0.689210 0.033535 0.205167
29 0.626456 0.215805 0.054960 0.297872
18 0.602236 0.414894 0.215184 0.094225
10 0.799721 0.408815 0.067070 0.115502
8 0.903121 0.488602 0.062413 0.314590
