2 0.120825 0.368637 0.033925 0.165846
18 0.192067 0.490969 0.067850 0.105090
9 0.348382 0.481117 0.062109 0.206897
1 0.398747 0.378489 0.032359 0.139573
0 0.508873 0.483580 0.033403 0.231527
1 0.541493 0.482759 0.042276 0.223317
9 0.600992 0.493432 0.057933 0.178982
18 0.700418 0.472085 0.066806 0.070608
10 0.850209 0.544335 0.066806 0.162562
17 0.917537 0.512315 0.057411 0.200328
29 0.071764 0.557471 0.047495 0.280788
5 0.288622 0.464696 0.042797 0.190476
20 0.455376 0.499179 0.041232 0.128079
7 0.770094 0.496716 0.036013 0.175698
