1 0.025076 0.386326 0.049139 0.202636
6 0.081814 0.387974 0.049139 0.196046
11 0.145897 0.383031 0.033435 0.196046
9 0.187437 0.399506 0.044580 0.126853
20 0.246454 0.414333 0.039007 0.097199
12 0.343212 0.397858 0.035968 0.232290
20 0.413374 0.387150 0.045593 0.105437
2 0.524063 0.304778 0.037994 0.187809
20 0.613982 0.402801 0.044580 0.133443
6 0.677812 0.386326 0.040527 0.176277
10 0.790527 0.419275 0.045086 0.110379
1 0.860436 0.382208 0.041033 0.184514
5 0.900203 0.377265 0.043566 0.164745
9 0.947568 0.420923 0.039007 0.116969
2 0.984296 0.333608 0.023303 0.136738
29 0.289514 0.467875 0.040020 0.204283
29 0.493668 0.443987 0.039007 0.189456
