11 0.031212 0.532068 0.034233 0.202880
18 0.150222 0.538613 0.052356 0.074607
1 0.189489 0.519634 0.029400 0.180628
12 0.219090 0.532723 0.026581 0.164921
18 0.384213 0.506545 0.033025 0.052356
12 0.468586 0.525524 0.029400 0.187173
10 0.563633 0.512435 0.043899 0.134817
1 0.627467 0.464660 0.028997 0.167539
1 0.708619 0.400524 0.020540 0.073298
18 0.739227 0.458770 0.037455 0.066754
9 0.818768 0.455497 0.037857 0.109948
18 0.880991 0.454188 0.040677 0.060209
0 0.925091 0.454188 0.031414 0.136126
9 0.080548 0.549084 0.053161 0.197644
1 0.230366 0.407723 0.024970 0.053665
20 0.260572 0.521597 0.040274 0.090314
11 0.320379 0.512435 0.026983 0.179319
3 0.348168 0.511126 0.020540 0.121728
9 0.432139 0.517016 0.036246 0.125654
1 0.491140 0.386126 0.020540 0.073298
9 0.679219 0.475785 0.042288 0.108639
9 0.818164 0.452880 0.037455 0.109948
4 0.783931 0.460079 0.026178 0.140052
