18 0.168058 0.544286 0.064587 0.082857
1 0.296353 0.530000 0.034710 0.160000
9 0.353032 0.532143 0.043497 0.170000
18 0.408392 0.531429 0.051406 0.097143
2 0.468366 0.516429 0.044815 0.212857
12 0.502197 0.514286 0.047452 0.294286
10 0.615993 0.550000 0.057996 0.160000
5 0.723418 0.507143 0.041740 0.197143
18 0.781415 0.517143 0.061072 0.062857
1 0.854130 0.517143 0.043058 0.197143
9 0.910369 0.541429 0.052724 0.197143
29 0.062610 0.594286 0.061072 0.325714
11 0.263181 0.509286 0.036907 0.272857
