20 0.203783 0.487711 0.039716 0.170507
9 0.363830 0.493856 0.056265 0.152074
10 0.601418 0.502304 0.061466 0.129032
12 0.951773 0.460829 0.038771 0.273425
4 0.024823 0.517665 0.037352 0.215054
9 0.086052 0.532258 0.052955 0.139785
3 0.135461 0.438556 0.034515 0.139785
0 0.260520 0.475422 0.030260 0.176651
3 0.300709 0.485407 0.035934 0.196621
18 0.438298 0.473886 0.055792 0.078341
8 0.505674 0.508449 0.043972 0.168971
4 0.688180 0.480799 0.045863 0.215054
11 0.747991 0.462366 0.047281 0.251920
9 0.794563 0.480031 0.051537 0.130568
20 0.856738 0.470814 0.038771 0.102919
0 0.911820 0.482335 0.034515 0.153610
