5 0.042741 0.460265 0.062415 0.227373
1 0.148236 0.379691 0.045455 0.185430
10 0.330393 0.495585 0.066486 0.156733
1 0.457259 0.440397 0.048847 0.236203
2 0.632972 0.346578 0.039349 0.198675
20 0.698779 0.504415 0.058345 0.187638
2 0.748982 0.454746 0.048847 0.256071
17 0.799864 0.433775 0.051560 0.267108
1 0.926730 0.378587 0.044776 0.165563
29 0.095319 0.587196 0.049525 0.282561
9 0.218792 0.505519 0.073948 0.207506
20 0.523066 0.474614 0.054274 0.176600
29 0.579376 0.562914 0.046133 0.313466
9 0.867707 0.500000 0.058345 0.196468
29 0.958616 0.598234 0.055631 0.379691
