11 0.050633 0.453782 0.072333 0.672269
9 0.122061 0.403361 0.095841 0.453782
20 0.190778 0.399160 0.056058 0.243697
1 0.251356 0.420168 0.079566 0.420168
12 0.279385 0.424370 0.045208 0.731092
26 0.329114 0.529412 0.075949 0.756303
11 0.405063 0.609244 0.039783 0.714286
29 0.435805 0.642857 0.057866 0.512605
18 0.512658 0.516807 0.048825 0.159664
0 0.613924 0.474790 0.048825 0.411765
12 0.651899 0.495798 0.066908 0.806723
10 0.804702 0.495798 0.094033 0.268908
5 0.924955 0.491597 0.066908 0.445378
