22 0.034562 0.473451 0.047619 0.398230
1 0.086790 0.269912 0.059908 0.274336
20 0.140553 0.530973 0.035330 0.230088
11 0.195084 0.442478 0.039939 0.442478
0 0.202765 0.446903 0.021505 0.238938
17 0.227343 0.460177 0.027650 0.265487
17 0.254992 0.464602 0.033794 0.221239
29 0.295699 0.592920 0.038402 0.495575
25 0.350230 0.517699 0.018433 0.168142
1 0.392473 0.464602 0.044547 0.327434
17 0.426267 0.491150 0.023041 0.256637
17 0.453917 0.495575 0.029186 0.247788
29 0.485407 0.601770 0.033794 0.442478
1 0.507680 0.384956 0.026114 0.185841
12 0.517665 0.517699 0.043011 0.734513
20 0.569892 0.637168 0.033794 0.230088
1 0.610599 0.557522 0.056836 0.371681
5 0.655146 0.575221 0.035330 0.371681
29 0.691244 0.743363 0.033794 0.407080
10 0.770353 0.650442 0.047619 0.238938
3 0.854839 0.601770 0.056836 0.353982
1 0.903994 0.597345 0.053763 0.415929
22 0.960061 0.676991 0.052227 0.292035
