1 0.064972 0.234940 0.032015 0.301205
1 0.234463 0.265060 0.039548 0.265060
23 0.191149 0.427711 0.039548 0.445783
18 0.117702 0.457831 0.032015 0.120482
10 0.317326 0.506024 0.047081 0.289157
11 0.417137 0.409639 0.047081 0.698795
22 0.472693 0.542169 0.041431 0.289157
18 0.548023 0.500000 0.037665 0.132530
23 0.606403 0.500000 0.045198 0.518072
12 0.666667 0.560241 0.037665 0.734940
11 0.733522 0.554217 0.043315 0.674699
12 0.951977 0.620482 0.047081 0.638554
23 0.901130 0.620482 0.047081 0.445783
20 0.841808 0.674699 0.045198 0.265060
22 0.785311 0.662651 0.041431 0.265060
22 0.032015 0.481928 0.041431 0.265060
