11 0.029539 0.594059 0.041787 0.772277
18 0.210375 0.589109 0.051873 0.108911
12 0.314121 0.594059 0.040346 0.811881
3 0.360231 0.267327 0.037464 0.455446
18 0.441643 0.618812 0.064841 0.227723
4 0.566282 0.475248 0.051873 0.475248
9 0.618156 0.584158 0.046110 0.356436
18 0.694524 0.514851 0.063401 0.198020
10 0.861671 0.603960 0.054755 0.356436
4 0.086455 0.544554 0.046110 0.435644
9 0.138329 0.594059 0.051873 0.277228
17 0.958213 0.564356 0.066282 0.594059
0 0.773055 0.524752 0.053314 0.534653
0 0.513689 0.524752 0.041787 0.514851
