11 0.017778 0.597938 0.029630 0.783505
5 0.077037 0.541237 0.050370 0.546392
18 0.191852 0.520619 0.040000 0.154639
12 0.312593 0.520619 0.035556 0.731959
2 0.368148 0.247423 0.037037 0.391753
18 0.442963 0.592784 0.074074 0.216495
5 0.566667 0.530928 0.054815 0.546392
9 0.626667 0.587629 0.065185 0.453608
18 0.697778 0.567010 0.044444 0.185567
1 0.755556 0.525773 0.053333 0.494845
10 0.859259 0.561856 0.062222 0.360825
9 0.126667 0.572165 0.051852 0.422680
1 0.251852 0.515464 0.062222 0.474227
0 0.515556 0.556701 0.038519 0.577320
9 0.634815 0.567010 0.078519 0.329897
17 0.962222 0.525773 0.057778 0.639175
