11 0.026871 0.390476 0.026871 0.400000
12 0.232246 0.428571 0.030710 0.457143
29 0.197697 0.547619 0.034549 0.409524
9 0.066219 0.438095 0.044146 0.266667
18 0.142994 0.442857 0.032630 0.123810
1 0.276392 0.209524 0.038388 0.266667
10 0.349328 0.538095 0.038388 0.238095
9 0.457774 0.538095 0.040307 0.257143
3 0.500000 0.352381 0.044146 0.247619
20 0.564299 0.561905 0.034549 0.209524
3 0.641075 0.547619 0.049904 0.352381
9 0.706334 0.566667 0.049904 0.238095
29 0.758157 0.700000 0.049904 0.485714
20 0.839731 0.600000 0.036468 0.209524
29 0.904990 0.709524 0.044146 0.447619
1 0.957774 0.466667 0.049904 0.190476
