11 0.020528 0.581522 0.032258 0.706522
7 0.074047 0.559783 0.048387 0.597826
18 0.206012 0.581522 0.057185 0.228261
5 0.260264 0.554348 0.048387 0.478261
4 0.366569 0.233696 0.049853 0.445652
18 0.440616 0.532609 0.063050 0.195652
9 0.647361 0.532609 0.057185 0.391304
20 0.722141 0.559783 0.048387 0.445652
10 0.881965 0.603261 0.048387 0.271739
9 0.126833 0.646739 0.048387 0.271739
12 0.307185 0.581522 0.042522 0.771739
0 0.521261 0.516304 0.042522 0.467391
0 0.568182 0.483696 0.036657 0.445652
17 0.964076 0.663043 0.054252 0.543478
2 0.786657 0.527174 0.048387 0.489130
