23 0.056064 0.490909 0.038902 0.472727
7 0.257437 0.454545 0.043478 0.509091
23 0.313501 0.409091 0.050343 0.527273
20 0.479405 0.445455 0.048055 0.381818
20 0.163616 0.463636 0.043478 0.381818
7 0.100686 0.281818 0.027460 0.345455
7 0.554920 0.390909 0.048055 0.563636
7 0.790618 0.300000 0.029748 0.381818
23 0.757437 0.554545 0.036613 0.527273
23 0.897025 0.500000 0.036613 0.527273
12 0.953089 0.500000 0.048055 0.745455
11 0.708238 0.527273 0.034325 0.690909
10 0.633867 0.572727 0.041190 0.272727
20 0.831808 0.500000 0.038902 0.454545
