2 0.082192 0.142857 0.027397 0.244898
18 0.109589 0.367347 0.039574 0.142857
23 0.165145 0.341837 0.035008 0.418367
2 0.212329 0.188776 0.031963 0.255102
10 0.292237 0.500000 0.036530 0.285714
11 0.362253 0.489796 0.039574 0.489796
22 0.398782 0.545918 0.036530 0.336735
18 0.433790 0.535714 0.027397 0.112245
23 0.481735 0.510204 0.035008 0.428571
12 0.516743 0.520408 0.031963 0.469388
11 0.605023 0.505102 0.041096 0.459184
2 0.559361 0.382653 0.028919 0.295918
22 0.637747 0.602041 0.030441 0.224490
1 0.661339 0.408163 0.022831 0.265306
18 0.684170 0.586735 0.031963 0.132653
22 0.732877 0.642857 0.041096 0.204082
23 0.772451 0.535714 0.028919 0.377551
18 0.815830 0.617347 0.027397 0.112245
23 0.862253 0.551020 0.031963 0.428571
1 0.902588 0.433673 0.033486 0.173469
12 0.938356 0.637755 0.047184 0.642857
