6 0.068862 0.242857 0.069860 0.268571
5 0.139721 0.231429 0.059880 0.268571
9 0.224551 0.262857 0.073852 0.182857
20 0.330339 0.248571 0.049900 0.131429
4 0.455090 0.214286 0.063872 0.200000
0 0.511976 0.237143 0.037924 0.200000
29 0.576846 0.328571 0.055888 0.280000
10 0.658683 0.277143 0.055888 0.131429
17 0.725549 0.225714 0.057884 0.211429
2 0.072854 0.694286 0.049900 0.257143
2 0.123752 0.682857 0.047904 0.211429
2 0.181637 0.668571 0.047904 0.205714
22 0.270459 0.711429 0.065868 0.154286
1 0.320359 0.597143 0.045908 0.154286
20 0.416168 0.671429 0.077844 0.165714
23 0.509980 0.645714 0.053892 0.251429
1 0.555888 0.554286 0.033932 0.137143
20 0.640719 0.620000 0.055888 0.142857
24 0.733533 0.614286 0.069860 0.188571
10 0.830339 0.634286 0.051896 0.148571
17 0.917166 0.620000 0.065868 0.200000
