0 0.048077 0.759542 0.033654 0.251908
8 0.110577 0.755725 0.057692 0.229008
8 0.175481 0.767176 0.072115 0.251908
18 0.263221 0.778626 0.055288 0.076336
18 0.447115 0.244275 0.081731 0.091603
9 0.312500 0.263359 0.072115 0.145038
9 0.705529 0.225191 0.064904 0.129771
0 0.153846 0.229008 0.052885 0.259542
6 0.222356 0.236641 0.074519 0.259542
2 0.358173 0.118321 0.033654 0.160305
29 0.372596 0.847328 0.057692 0.305344
2 0.424279 0.690840 0.036058 0.206107
10 0.481971 0.801527 0.060096 0.122137
10 0.826923 0.217557 0.057692 0.145038
1 0.567308 0.190840 0.057692 0.244275
1 0.633413 0.171756 0.064904 0.236641
1 0.746394 0.099237 0.040865 0.122137
17 0.579327 0.793893 0.072115 0.274809
17 0.903846 0.183206 0.062500 0.244275
