5 0.079407 0.750000 0.054101 0.267442
5 0.114311 0.200581 0.033159 0.156977
5 0.700698 0.276163 0.033159 0.226744
9 0.258290 0.787791 0.059337 0.156977
9 0.071553 0.311047 0.048866 0.122093
9 0.390925 0.308140 0.045375 0.127907
11 0.041012 0.281977 0.033159 0.319767
12 0.303665 0.293605 0.034904 0.284884
29 0.260908 0.340116 0.043630 0.238372
18 0.161431 0.793605 0.050611 0.075581
18 0.178883 0.293605 0.043630 0.063953
1 0.296684 0.677326 0.038394 0.133721
10 0.367365 0.770349 0.061082 0.122093
17 0.435428 0.758721 0.057592 0.215116
11 0.346422 0.258721 0.043630 0.319767
1 0.427574 0.183140 0.038394 0.145349
20 0.487784 0.276163 0.050611 0.145349
29 0.555846 0.337209 0.043630 0.244186
3 0.594241 0.162791 0.033159 0.127907
18 0.646597 0.308140 0.054101 0.069767
12 0.736475 0.267442 0.031414 0.279070
10 0.791449 0.287791 0.036649 0.122093
0 0.830716 0.296512 0.031414 0.209302
0 0.857766 0.276163 0.022688 0.191860
7 0.890925 0.258721 0.036649 0.203488
