18 0.189076 0.722222 0.042017 0.259259
2 0.252101 0.611111 0.037815 0.555556
18 0.381303 0.648148 0.048319 0.259259
10 0.610294 0.518519 0.039916 0.296296
2 0.789916 0.250000 0.037815 0.388889
20 0.849790 0.361111 0.027311 0.314815
24 0.074580 0.805556 0.048319 0.314815
2 0.117647 0.555556 0.029412 0.444444
24 0.293067 0.638889 0.031513 0.351852
2 0.450630 0.518519 0.039916 0.518519
11 0.681723 0.509259 0.039916 0.685185
12 0.967437 0.351852 0.035714 0.666667
24 0.901261 0.416667 0.037815 0.425926
24 0.740546 0.509259 0.039916 0.351852
