20 0.152311 0.792308 0.039916 0.353846
20 0.413866 0.646154 0.054622 0.369231
10 0.559874 0.669231 0.039916 0.353846
20 0.799370 0.461538 0.039916 0.338462
12 0.967437 0.400000 0.039916 0.676923
27 0.027311 0.838462 0.046218 0.323077
5 0.068277 0.638462 0.035714 0.323077
5 0.217437 0.715385 0.035714 0.476923
27 0.276261 0.776923 0.056723 0.323077
5 0.496849 0.615385 0.048319 0.492308
11 0.627101 0.507692 0.031513 0.707692
27 0.677521 0.538462 0.056723 0.276923
27 0.877101 0.453846 0.056723 0.261538
5 0.719538 0.330769 0.035714 0.323077
