2 0.084967 0.508065 0.034858 0.403226
18 0.145969 0.629032 0.047930 0.193548
18 0.360566 0.475806 0.050109 0.241935
2 0.416122 0.443548 0.052288 0.467742
10 0.557734 0.532258 0.065359 0.225806
2 0.778867 0.233871 0.032680 0.338710
20 0.837691 0.362903 0.032680 0.435484
2 0.199346 0.516129 0.041394 0.451613
23 0.034858 0.741935 0.039216 0.419355
23 0.261438 0.475806 0.052288 0.403226
11 0.681917 0.451613 0.039216 0.580645
12 0.973856 0.290323 0.039216 0.548387
23 0.911765 0.330645 0.032680 0.435484
23 0.738562 0.427419 0.034858 0.338710
