20 0.154309 0.817308 0.048096 0.288462
4 0.227455 0.692308 0.050100 0.538462
20 0.401804 0.740385 0.050100 0.403846
10 0.578156 0.692308 0.042084 0.423077
20 0.842685 0.346154 0.030060 0.423077
4 0.071142 0.538462 0.038076 0.461538
23 0.031062 0.798077 0.030060 0.403846
23 0.289579 0.711538 0.042084 0.500000
4 0.492986 0.615385 0.048096 0.538462
11 0.666333 0.519231 0.050100 0.884615
12 0.950902 0.442308 0.058116 0.846154
23 0.740481 0.471154 0.038076 0.557692
4 0.777555 0.211538 0.048096 0.384615
23 0.908818 0.326923 0.038076 0.615385
21 0.527054 0.769231 0.024048 0.192308
