4 0.077236 0.480000 0.032520 0.400000
20 0.139228 0.726667 0.050813 0.306667
20 0.409553 0.700000 0.054878 0.333333
5 0.495935 0.680000 0.048780 0.400000
10 0.584350 0.673333 0.050813 0.280000
20 0.839431 0.400000 0.040650 0.400000
24 0.033537 0.720000 0.038618 0.346667
5 0.228659 0.680000 0.042683 0.426667
24 0.284553 0.726667 0.044715 0.306667
11 0.662602 0.513333 0.044715 0.680000
12 0.979675 0.313333 0.036585 0.600000
24 0.905488 0.366667 0.034553 0.253333
4 0.779472 0.293333 0.046748 0.400000
24 0.718496 0.546667 0.042683 0.293333
