18 0.164871 0.637931 0.045259 0.206897
2 0.219828 0.500000 0.043103 0.517241
18 0.381466 0.500000 0.047414 0.241379
2 0.435345 0.448276 0.047414 0.482759
10 0.575431 0.534483 0.060345 0.310345
20 0.854526 0.353448 0.040948 0.431034
23 0.058190 0.706897 0.034483 0.551724
2 0.109914 0.525862 0.034483 0.396552
23 0.281250 0.500000 0.053879 0.482759
23 0.752155 0.439655 0.038793 0.362069
2 0.797414 0.241379 0.034483 0.413793
23 0.924569 0.318966 0.043103 0.465517
12 0.982759 0.301724 0.034483 0.568966
11 0.699353 0.456897 0.036638 0.603448
