3 0.105263 0.327778 0.030960 0.411111
18 0.197368 0.522222 0.054180 0.177778
18 0.419505 0.444444 0.043344 0.177778
5 0.486068 0.366667 0.040248 0.466667
10 0.611455 0.405556 0.049536 0.366667
3 0.783282 0.266667 0.034056 0.466667
20 0.853715 0.422222 0.035604 0.400000
5 0.028638 0.438889 0.038700 0.411111
29 0.066563 0.633333 0.037152 0.555556
5 0.285604 0.383333 0.032508 0.500000
29 0.332817 0.588889 0.037152 0.511111
29 0.743808 0.605556 0.041796 0.566667
11 0.695820 0.383333 0.047988 0.588889
12 0.973684 0.355556 0.027864 0.555556
29 0.910991 0.622222 0.047988 0.533333
