2 0.076563 0.186916 0.031250 0.280374
20 0.168750 0.378505 0.040625 0.364486
2 0.221875 0.317757 0.034375 0.392523
20 0.370312 0.406542 0.043750 0.308411
2 0.476562 0.373832 0.056250 0.392523
10 0.606250 0.425234 0.059375 0.289720
11 0.695312 0.350467 0.037500 0.439252
20 0.843750 0.439252 0.050000 0.299065
29 0.039844 0.504673 0.042188 0.523364
29 0.263281 0.556075 0.048438 0.588785
9 0.752344 0.434579 0.057813 0.252336
9 0.919531 0.406542 0.051562 0.289720
12 0.965625 0.560748 0.043750 0.785047
