2 0.213884 0.452703 0.033771 0.472973
20 0.368668 0.479730 0.043152 0.391892
2 0.441839 0.445946 0.046904 0.432432
10 0.526266 0.506757 0.043152 0.310811
2 0.693246 0.283784 0.039400 0.378378
20 0.773921 0.493243 0.039400 0.337838
12 0.954972 0.560811 0.041276 0.662162
2 0.076923 0.222973 0.030019 0.337838
27 0.035647 0.452703 0.048780 0.310811
27 0.259850 0.513514 0.046904 0.270270
27 0.629456 0.472973 0.054409 0.324324
27 0.870544 0.506757 0.071295 0.337838
11 0.587242 0.452703 0.041276 0.581081
20 0.148218 0.540541 0.037523 0.324324
