20 0.346626 0.368056 0.038855 0.486111
2 0.426380 0.326389 0.042945 0.486111
10 0.528630 0.493056 0.051125 0.347222
20 0.790389 0.430556 0.042945 0.388889
2 0.085890 0.305556 0.032720 0.333333
22 0.039877 0.430556 0.038855 0.305556
2 0.201431 0.402778 0.038855 0.444444
22 0.247444 0.479167 0.040900 0.347222
20 0.142127 0.381944 0.034765 0.375000
22 0.633947 0.479167 0.044990 0.319444
11 0.583845 0.305556 0.034765 0.583333
2 0.699387 0.291667 0.053170 0.361111
22 0.889571 0.444444 0.044990 0.305556
12 0.961145 0.555556 0.053170 0.722222
