18 0.183585 0.436364 0.051836 0.254545
10 0.547516 0.554545 0.045356 0.381818
18 0.829374 0.563636 0.051836 0.327273
28 0.043197 0.545455 0.034557 0.436364
28 0.282937 0.636364 0.034557 0.436364
28 0.728942 0.627273 0.032397 0.345455
28 0.892009 0.554545 0.043197 0.345455
3 0.444924 0.563636 0.051836 0.581818
3 0.236501 0.545455 0.045356 0.545455
3 0.095032 0.436364 0.038877 0.509091
3 0.765659 0.400000 0.032397 0.400000
11 0.660907 0.563636 0.030238 0.727273
12 0.955724 0.545455 0.036717 0.763636
18 0.380130 0.563636 0.043197 0.181818
