28 0.052863 0.694030 0.035242 0.283582
5 0.092511 0.477612 0.030837 0.328358
5 0.267621 0.537313 0.041850 0.417910
5 0.548458 0.477612 0.052863 0.447761
5 0.769824 0.216418 0.033040 0.343284
28 0.725771 0.425373 0.041850 0.283582
28 0.922907 0.328358 0.039648 0.298507
28 0.311674 0.597015 0.041850 0.268657
20 0.185022 0.664179 0.044053 0.283582
20 0.458150 0.529851 0.039648 0.313433
10 0.623348 0.574627 0.035242 0.283582
20 0.853524 0.305970 0.033040 0.313433
12 0.969163 0.313433 0.035242 0.567164
11 0.679515 0.388060 0.033040 0.507463
