3 0.048279 0.723056 0.053736 0.294679
9 0.115449 0.736698 0.060453 0.180082
3 0.143997 0.581173 0.057095 0.196453
20 0.219563 0.668486 0.040302 0.163711
2 0.290092 0.663029 0.057095 0.251023
9 0.357263 0.616644 0.050378 0.147340
2 0.397565 0.502046 0.030227 0.169168
20 0.458018 0.583902 0.043661 0.169168
29 0.524349 0.581173 0.052057 0.261937
20 0.606633 0.502046 0.055416 0.190996
2 0.691436 0.442019 0.047019 0.212824
9 0.767842 0.450205 0.082284 0.185539
10 0.854324 0.420191 0.047019 0.092769
17 0.943325 0.324693 0.080605 0.283765
