3 0.048849 0.584859 0.059847 0.294509
9 0.114578 0.587354 0.058312 0.176373
3 0.141944 0.429285 0.047570 0.183028
20 0.218414 0.531614 0.040921 0.154742
2 0.290281 0.537438 0.054731 0.266223
9 0.357545 0.495840 0.046036 0.139767
2 0.407673 0.387687 0.040921 0.156406
20 0.462404 0.465058 0.040921 0.154742
29 0.534015 0.475874 0.051151 0.232945
20 0.618414 0.407654 0.053197 0.183028
2 0.705371 0.335275 0.042967 0.227953
9 0.775192 0.356905 0.073146 0.161398
10 0.862148 0.321131 0.039386 0.099834
17 0.956010 0.252080 0.076726 0.271215
