2 0.048072 0.605740 0.059916 0.314199
9 0.111705 0.611027 0.057130 0.179758
3 0.166744 0.471299 0.052949 0.211480
20 0.228751 0.543807 0.043196 0.157100
3 0.301672 0.513595 0.061774 0.262840
9 0.369717 0.552115 0.060381 0.173716
4 0.428936 0.418429 0.051556 0.229607
20 0.495123 0.561178 0.046447 0.200906
5 0.557362 0.504532 0.060381 0.256798
9 0.649327 0.574773 0.078960 0.173716
20 0.737111 0.505287 0.038086 0.167674
1 0.787041 0.477341 0.061774 0.223565
10 0.854854 0.485650 0.049698 0.095166
17 0.929633 0.398792 0.075708 0.314199
