11 0.041667 0.732955 0.039216 0.511364
9 0.113971 0.715909 0.085784 0.272727
20 0.215686 0.596591 0.044118 0.215909
2 0.268382 0.625000 0.046569 0.363636
12 0.311275 0.602273 0.029412 0.522727
11 0.370098 0.590909 0.049020 0.500000
9 0.438725 0.590909 0.073529 0.318182
1 0.511029 0.397727 0.051471 0.295455
20 0.585784 0.460227 0.049020 0.284091
2 0.660539 0.414773 0.051471 0.352273
9 0.724265 0.426136 0.066176 0.261364
18 0.796569 0.312500 0.039216 0.102273
4 0.859069 0.289773 0.061275 0.284091
12 0.916667 0.272727 0.034314 0.522727
