11 0.057047 0.654206 0.038031 0.429907
9 0.129754 0.644860 0.071588 0.261682
29 0.203579 0.672897 0.049217 0.429907
18 0.266219 0.532710 0.044743 0.074766
0 0.321029 0.509346 0.033557 0.271028
12 0.366890 0.453271 0.031320 0.457944
11 0.439597 0.425234 0.046980 0.457944
9 0.512304 0.453271 0.071588 0.271028
2 0.574944 0.233645 0.049217 0.392523
18 0.639821 0.266355 0.053691 0.084112
1 0.700224 0.233645 0.062640 0.336449
9 0.770694 0.271028 0.069351 0.242991
18 0.852349 0.210280 0.049217 0.102804
7 0.929530 0.158879 0.038031 0.299065
12 0.982103 0.200935 0.031320 0.383178
