11 0.042697 0.634615 0.040449 0.480769
9 0.113483 0.644231 0.074157 0.192308
20 0.187640 0.552885 0.038202 0.182692
1 0.243820 0.538462 0.060674 0.326923
12 0.293258 0.504808 0.029213 0.471154
11 0.357303 0.504808 0.031461 0.451923
1 0.412360 0.509615 0.065169 0.346154
9 0.482022 0.509615 0.060674 0.230769
18 0.556180 0.451923 0.051685 0.115385
2 0.615730 0.432692 0.049438 0.346154
12 0.664045 0.403846 0.029213 0.480769
10 0.786517 0.456731 0.076404 0.221154
17 0.912360 0.346154 0.071910 0.326923
