5 0.063425 0.668142 0.050740 0.415929
9 0.136364 0.685841 0.065539 0.221239
1 0.193446 0.455752 0.044397 0.185841
29 0.241015 0.716814 0.054968 0.407080
20 0.318182 0.561947 0.048626 0.203540
8 0.453488 0.504425 0.057082 0.424779
9 0.520085 0.561947 0.054968 0.238938
29 0.580338 0.610619 0.048626 0.407080
1 0.624736 0.345133 0.048626 0.194690
20 0.692389 0.407080 0.044397 0.230088
1 0.769556 0.380531 0.059197 0.283186
3 0.828753 0.376106 0.042283 0.345133
9 0.890063 0.389381 0.054968 0.230088
29 0.953488 0.508850 0.050740 0.469027
