9 0.051789 0.633333 0.065913 0.311111
1 0.116761 0.411111 0.048964 0.244444
20 0.184557 0.550000 0.041431 0.233333
4 0.244821 0.516667 0.056497 0.411111
9 0.306026 0.516667 0.062147 0.255556
18 0.394539 0.422222 0.039548 0.111111
1 0.451977 0.400000 0.056497 0.444444
9 0.516008 0.433333 0.067797 0.311111
18 0.610169 0.377778 0.045198 0.133333
0 0.673258 0.394444 0.035782 0.344444
17 0.736347 0.394444 0.071563 0.322222
10 0.849341 0.400000 0.064030 0.311111
17 0.944444 0.316667 0.073446 0.366667
