9 0.070796 0.657534 0.084071 0.328767
11 0.158186 0.541096 0.050885 0.589041
9 0.232301 0.589041 0.070796 0.356164
20 0.315265 0.465753 0.046460 0.273973
4 0.369469 0.520548 0.053097 0.493151
12 0.425885 0.568493 0.028761 0.643836
18 0.494469 0.547945 0.050885 0.164384
1 0.576327 0.513699 0.073009 0.479452
11 0.634956 0.527397 0.030973 0.589041
9 0.717920 0.582192 0.073009 0.369863
20 0.795354 0.465753 0.042035 0.301370
4 0.853982 0.410959 0.053097 0.520548
12 0.941372 0.397260 0.033186 0.712329
