11 0.056660 0.510989 0.037773 0.560440
5 0.134195 0.489011 0.041750 0.428571
18 0.205765 0.423077 0.037773 0.120879
2 0.253479 0.412088 0.041750 0.384615
9 0.304175 0.478022 0.051690 0.252747
12 0.351889 0.456044 0.027833 0.538462
11 0.407555 0.434066 0.027833 0.472527
3 0.472167 0.532967 0.041750 0.472527
9 0.534791 0.521978 0.055666 0.252747
18 0.629225 0.434066 0.037773 0.076923
1 0.675944 0.456044 0.051690 0.318681
12 0.721670 0.456044 0.027833 0.560440
10 0.810139 0.554945 0.053678 0.230769
17 0.913519 0.500000 0.053678 0.362637
