11 0.047423 0.586022 0.032990 0.440860
1 0.119588 0.543011 0.065979 0.440860
9 0.178351 0.569892 0.051546 0.301075
1 0.236082 0.306452 0.055670 0.290323
20 0.306186 0.478495 0.043299 0.268817
1 0.369072 0.462366 0.061856 0.451613
9 0.426804 0.494624 0.049485 0.301075
12 0.468041 0.403226 0.020619 0.505376
11 0.519588 0.403226 0.032990 0.505376
18 0.571134 0.403226 0.037113 0.118280
1 0.634021 0.370968 0.051546 0.419355
9 0.689691 0.430108 0.055670 0.322581
1 0.732990 0.134409 0.051546 0.247312
20 0.789691 0.370968 0.045361 0.225806
1 0.847423 0.327957 0.061856 0.419355
9 0.902062 0.354839 0.059794 0.279570
12 0.954639 0.284946 0.024742 0.526882
