4 0.107610 0.539157 0.034483 0.234940
9 0.154578 0.581325 0.045184 0.174699
3 0.192628 0.457831 0.033294 0.228916
20 0.240785 0.563253 0.034483 0.174699
1 0.303805 0.545181 0.041617 0.246988
9 0.361474 0.614458 0.042806 0.192771
2 0.385850 0.463855 0.029727 0.192771
20 0.444114 0.587349 0.029727 0.174699
3 0.520214 0.599398 0.041617 0.234940
29 0.565993 0.728916 0.035672 0.325301
11 0.608799 0.611446 0.026159 0.307229
9 0.656956 0.632530 0.046373 0.180723
1 0.684304 0.512048 0.020214 0.180723
20 0.728300 0.620482 0.032105 0.204819
0 0.768728 0.626506 0.022592 0.180723
12 0.785375 0.569277 0.020214 0.343373
10 0.845422 0.683735 0.047562 0.186747
4 0.898335 0.671687 0.032105 0.222892
17 0.929251 0.701807 0.036861 0.198795
