1 0.099673 0.438356 0.127451 0.246575
11 0.282680 0.349315 0.068627 0.260274
22 0.377451 0.393836 0.094771 0.171233
20 0.483660 0.390411 0.098039 0.178082
23 0.583333 0.359589 0.062092 0.198630
20 0.689542 0.366438 0.078431 0.157534
24 0.774510 0.373288 0.071895 0.130137
12 0.826797 0.294521 0.045752 0.301370
11 0.238562 0.770548 0.065359 0.267123
22 0.336601 0.804795 0.098039 0.184932
18 0.506536 0.777397 0.104575 0.075342
23 0.635621 0.756849 0.081699 0.267123
18 0.725490 0.808219 0.084967 0.082192
24 0.849673 0.780822 0.098039 0.205479
