11 0.027311 0.602151 0.029412 0.451613
1 0.082983 0.586022 0.060924 0.397849
9 0.147059 0.612903 0.063025 0.279570
18 0.212185 0.505376 0.042017 0.107527
2 0.276261 0.494624 0.048319 0.365591
12 0.320378 0.435484 0.035714 0.677419
11 0.385504 0.483871 0.031513 0.516129
3 0.456933 0.478495 0.044118 0.440860
20 0.546218 0.446237 0.054622 0.247312
5 0.619748 0.462366 0.063025 0.408602
9 0.696429 0.424731 0.060924 0.268817
12 0.755252 0.333333 0.031513 0.494624
10 0.842437 0.424731 0.063025 0.268817
17 0.939076 0.408602 0.084034 0.430108
