11 0.047423 0.586022 0.032990 0.440860
1 0.119588 0.553763 0.065979 0.440860
9 0.180412 0.580645 0.051546 0.301075
1 0.238144 0.317204 0.055670 0.290323
20 0.306186 0.489247 0.043299 0.268817
1 0.370103 0.462366 0.059794 0.451613
9 0.427835 0.500000 0.051546 0.290323
12 0.469072 0.403226 0.022680 0.505376
11 0.521649 0.413978 0.032990 0.505376
18 0.572165 0.413978 0.039175 0.118280
1 0.634021 0.381720 0.051546 0.419355
9 0.689691 0.430108 0.055670 0.322581
1 0.732990 0.145161 0.051546 0.247312
20 0.789691 0.376344 0.045361 0.215054
1 0.843299 0.333333 0.053608 0.408602
9 0.902062 0.365591 0.059794 0.279570
12 0.955670 0.301075 0.022680 0.537634
