18 0.047974 0.607843 0.049041 0.117647
5 0.117271 0.558824 0.055437 0.431373
9 0.175906 0.588235 0.053305 0.215686
1 0.224947 0.401961 0.040512 0.274510
29 0.277186 0.671569 0.055437 0.519608
18 0.352878 0.455882 0.049041 0.127451
8 0.441365 0.401961 0.051173 0.372549
9 0.501066 0.446078 0.059701 0.205882
29 0.565032 0.573529 0.046908 0.460784
1 0.614072 0.289216 0.046908 0.284314
18 0.679104 0.406863 0.040512 0.107843
1 0.747335 0.401961 0.053305 0.372549
3 0.796375 0.411765 0.036247 0.372549
9 0.863539 0.416667 0.059701 0.264706
29 0.931770 0.563725 0.046908 0.578431
