11 0.048485 0.595588 0.042424 0.691176
2 0.084848 0.625000 0.060606 0.397059
9 0.151515 0.654412 0.078788 0.279412
18 0.248485 0.566176 0.054545 0.161765
4 0.307576 0.544118 0.057576 0.323529
12 0.372727 0.522059 0.048485 0.544118
11 0.456061 0.529412 0.045455 0.558824
9 0.536364 0.566176 0.066667 0.308824
1 0.569697 0.338235 0.054545 0.264706
18 0.624242 0.529412 0.054545 0.147059
9 0.724242 0.522059 0.072727 0.308824
20 0.810606 0.500000 0.051515 0.294118
0 0.886364 0.492647 0.039394 0.367647
12 0.933333 0.426471 0.042424 0.529412
