3 0.048463 0.580882 0.049645 0.632353
9 0.098109 0.698529 0.059102 0.367647
2 0.144208 0.426471 0.047281 0.411765
18 0.226950 0.654412 0.052009 0.191176
3 0.321513 0.551471 0.056738 0.573529
9 0.372340 0.625000 0.059102 0.367647
1 0.418440 0.345588 0.056738 0.338235
20 0.483452 0.558824 0.040189 0.323529
7 0.536643 0.522059 0.052009 0.573529
9 0.596927 0.551471 0.059102 0.308824
18 0.666667 0.492647 0.047281 0.220588
3 0.728132 0.470588 0.056738 0.500000
10 0.851064 0.433824 0.066194 0.308824
17 0.934988 0.352941 0.063830 0.382353
