3 0.071078 0.370833 0.049020 0.308333
7 0.077206 0.770833 0.051471 0.291667
18 0.067402 0.550000 0.080882 0.100000
9 0.159314 0.458333 0.058824 0.183333
1 0.219363 0.275000 0.051471 0.183333
20 0.295343 0.400000 0.051471 0.200000
18 0.417892 0.541667 0.100490 0.116667
8 0.419118 0.325000 0.073529 0.316667
7 0.419118 0.766667 0.053922 0.300000
9 0.513480 0.429167 0.071078 0.191667
18 0.625000 0.308333 0.058824 0.133333
0 0.703431 0.279167 0.044118 0.258333
10 0.824755 0.329167 0.066176 0.208333
17 0.935049 0.279167 0.085784 0.308333
