11 0.042398 0.664179 0.055556 0.671642
7 0.093567 0.634328 0.052632 0.522388
9 0.160819 0.694030 0.070175 0.283582
2 0.210526 0.462687 0.052632 0.358209
20 0.288012 0.537313 0.049708 0.298507
4 0.374269 0.522388 0.076023 0.507463
12 0.448830 0.455224 0.043860 0.552239
11 0.527778 0.432836 0.043860 0.656716
3 0.622807 0.447761 0.070175 0.567164
9 0.698830 0.477612 0.081871 0.328358
18 0.786550 0.477612 0.064327 0.179104
0 0.855263 0.388060 0.049708 0.417910
12 0.919591 0.335821 0.043860 0.611940
