6 0.040049 0.434211 0.070388 0.500000
9 0.101942 0.532895 0.063107 0.355263
1 0.154126 0.296053 0.055825 0.328947
29 0.191748 0.657895 0.063107 0.526316
20 0.266990 0.467105 0.053398 0.302632
3 0.368932 0.480263 0.048544 0.460526
9 0.421117 0.519737 0.055825 0.302632
29 0.469660 0.644737 0.041262 0.605263
1 0.503641 0.276316 0.046117 0.368421
18 0.561893 0.473684 0.041262 0.184211
6 0.646845 0.473684 0.089806 0.447368
10 0.842233 0.552632 0.072816 0.315789
17 0.941748 0.539474 0.082524 0.421053
