11 0.052557 0.556250 0.048295 0.587500
3 0.088068 0.625000 0.056818 0.400000
9 0.156250 0.637500 0.062500 0.275000
1 0.208807 0.450000 0.065341 0.250000
20 0.284091 0.562500 0.051136 0.250000
3 0.366477 0.537500 0.056818 0.400000
12 0.419034 0.525000 0.053977 0.500000
11 0.519886 0.431250 0.045455 0.512500
3 0.610795 0.456250 0.073864 0.437500
9 0.676136 0.500000 0.062500 0.300000
2 0.742898 0.243750 0.053977 0.312500
18 0.815341 0.400000 0.062500 0.125000
4 0.894886 0.368750 0.079545 0.362500
12 0.957386 0.318750 0.039773 0.512500
