5 0.055710 0.608696 0.061281 0.492754
9 0.121170 0.652174 0.058496 0.289855
1 0.158774 0.413043 0.050139 0.275362
29 0.210306 0.739130 0.069638 0.521739
20 0.278552 0.594203 0.050139 0.260870
3 0.377437 0.485507 0.069638 0.478261
29 0.447075 0.615942 0.064067 0.507246
9 0.506964 0.478261 0.055710 0.289855
1 0.557103 0.260870 0.055710 0.289855
20 0.644847 0.478261 0.041783 0.289855
5 0.767409 0.384058 0.058496 0.478261
10 0.878830 0.405797 0.069638 0.318841
17 0.969359 0.347826 0.061281 0.434783
