11 0.032009 0.528409 0.037528 0.488636
5 0.089404 0.539773 0.041943 0.397727
9 0.134658 0.545455 0.044150 0.250000
18 0.201987 0.482955 0.046358 0.102273
2 0.256071 0.477273 0.039735 0.340909
12 0.294702 0.443182 0.033113 0.477273
11 0.373068 0.448864 0.035320 0.397727
3 0.428256 0.426136 0.035320 0.397727
9 0.487859 0.431818 0.061810 0.272727
18 0.581678 0.380682 0.050773 0.102273
1 0.644592 0.340909 0.052980 0.318182
12 0.692053 0.352273 0.028698 0.500000
10 0.773731 0.386364 0.055188 0.227273
17 0.886313 0.312500 0.068433 0.397727
