9 0.049645 0.637363 0.070922 0.329670
11 0.127660 0.582418 0.042553 0.461538
1 0.182033 0.571429 0.056738 0.307692
9 0.241135 0.604396 0.056738 0.241758
18 0.307329 0.538462 0.033097 0.087912
2 0.347518 0.560440 0.037825 0.351648
12 0.382979 0.554945 0.033097 0.538462
20 0.447991 0.505495 0.044917 0.241758
1 0.515366 0.549451 0.066194 0.307692
11 0.576832 0.527473 0.037825 0.417582
1 0.645390 0.538462 0.066194 0.417582
9 0.710402 0.582418 0.059102 0.263736
20 0.793144 0.494505 0.049645 0.197802
2 0.864066 0.494505 0.059102 0.417582
12 0.932624 0.428571 0.035461 0.527473
