11 0.046914 0.650602 0.044444 0.554217
9 0.114815 0.722892 0.076543 0.313253
20 0.193827 0.620482 0.051852 0.301205
1 0.258025 0.566265 0.056790 0.361446
12 0.303704 0.548193 0.034568 0.614458
11 0.364198 0.554217 0.032099 0.506024
1 0.423457 0.548193 0.061728 0.373494
9 0.490123 0.518072 0.066667 0.289157
18 0.567901 0.421687 0.049383 0.144578
2 0.622222 0.373494 0.054321 0.433735
12 0.662963 0.373494 0.037037 0.602410
20 0.772840 0.301205 0.059259 0.313253
1 0.861728 0.234940 0.083951 0.349398
