18 0.044979 0.623711 0.056485 0.113402
2 0.104603 0.649485 0.062762 0.432990
17 0.174686 0.577320 0.052301 0.288660
9 0.242678 0.572165 0.054393 0.216495
1 0.304393 0.386598 0.056485 0.298969
20 0.402720 0.402062 0.048117 0.226804
1 0.472803 0.360825 0.066946 0.371134
17 0.539749 0.252577 0.058577 0.340206
9 0.618201 0.293814 0.073222 0.298969
20 0.702929 0.247423 0.054393 0.226804
4 0.763598 0.242268 0.050209 0.422680
10 0.848326 0.283505 0.060669 0.237113
17 0.916318 0.190722 0.066946 0.278351
