9 0.431194 0.472289 0.035979 0.122892
9 0.647812 0.459639 0.030045 0.145783
1 0.675631 0.386145 0.025593 0.102410
9 0.855527 0.449398 0.034496 0.118072
9 0.076039 0.443373 0.056380 0.178313
2 0.120364 0.356627 0.035979 0.146988
20 0.174889 0.459639 0.034496 0.107229
6 0.256677 0.452410 0.034125 0.155422
29 0.296180 0.513855 0.033754 0.201205
10 0.367953 0.465663 0.037092 0.102410
11 0.405045 0.462651 0.025964 0.187952
20 0.473294 0.472892 0.037092 0.102410
8 0.518361 0.469880 0.031528 0.137349
12 0.544510 0.465663 0.024481 0.232530
1 0.571588 0.319880 0.028932 0.097590
20 0.593472 0.481928 0.027448 0.089157
29 0.705861 0.480120 0.033383 0.169880
20 0.765579 0.448193 0.034866 0.137349
6 0.815096 0.428916 0.035979 0.156627
20 0.909496 0.456627 0.034866 0.130120
3 0.948999 0.449398 0.035237 0.151807
