9 0.043390 0.431818 0.061153 0.234848
1 0.092021 0.321023 0.037274 0.134470
11 0.168899 0.387311 0.041934 0.312500
1 0.287420 0.304924 0.028538 0.140152
18 0.348573 0.391098 0.058824 0.085227
0 0.422831 0.357008 0.027956 0.229167
1 0.456319 0.351326 0.048340 0.217803
12 0.565230 0.361742 0.043681 0.276515
20 0.651427 0.387311 0.048340 0.191288
1 0.832848 0.258523 0.037274 0.138258
10 0.946127 0.384470 0.049505 0.159091
29 0.518346 0.436553 0.039604 0.210227
3 0.731508 0.377841 0.059406 0.221591
9 0.226558 0.413826 0.055911 0.191288
29 0.788002 0.470644 0.043098 0.293561
