10 0.258163 0.453704 0.058107 0.159259
2 0.361926 0.387037 0.040952 0.229630
9 0.443276 0.422222 0.039845 0.129630
12 0.564195 0.414815 0.037078 0.296296
11 0.632817 0.370370 0.035971 0.222222
9 0.674045 0.388889 0.039845 0.185185
20 0.841173 0.406481 0.050913 0.198148
0 0.905091 0.398148 0.031544 0.229630
12 0.940786 0.427778 0.045379 0.377778
0 0.091312 0.411111 0.030991 0.207407
0 0.133924 0.405556 0.027670 0.200000
11 0.409519 0.392593 0.034311 0.214815
20 0.487825 0.435185 0.031544 0.118519
29 0.525180 0.505556 0.040952 0.292593
20 0.727726 0.411111 0.039845 0.155556
29 0.769231 0.479630 0.038738 0.262963
