11 0.025858 0.508319 0.040451 0.301165
1 0.311060 0.427621 0.031234 0.133111
11 0.541475 0.480865 0.050691 0.276206
1 0.846390 0.425125 0.034818 0.138103
9 0.069636 0.529950 0.062468 0.148087
11 0.225806 0.544925 0.052227 0.324459
9 0.266001 0.535774 0.050691 0.156406
20 0.343318 0.529950 0.033282 0.114809
12 0.433948 0.532446 0.041475 0.272879
0 0.401946 0.514143 0.025602 0.209651
12 0.474398 0.510815 0.033282 0.339434
29 0.592934 0.595674 0.049155 0.266223
20 0.673579 0.547421 0.050691 0.163062
11 0.743728 0.539101 0.049667 0.229617
20 0.876344 0.548253 0.036354 0.118136
29 0.797491 0.588186 0.046595 0.244592
0 0.914747 0.510815 0.024066 0.232945
12 0.954173 0.521631 0.051715 0.337770
20 0.145161 0.539101 0.044547 0.153078
