18 0.089088 0.455233 0.029338 0.063953
11 0.207156 0.427326 0.024329 0.173256
9 0.239535 0.440698 0.036136 0.118605
18 0.282469 0.411047 0.047585 0.056977
12 0.357782 0.402326 0.025045 0.186047
11 0.387478 0.397674 0.023614 0.181395
9 0.423256 0.409884 0.035778 0.117442
20 0.465474 0.402326 0.027191 0.097674
2 0.502504 0.381977 0.029696 0.129070
12 0.559571 0.359884 0.023614 0.182558
11 0.603757 0.394767 0.026118 0.168605
9 0.633453 0.396512 0.038283 0.109302
20 0.675134 0.405233 0.022182 0.084884
8 0.711986 0.411047 0.026476 0.166279
12 0.770304 0.380233 0.025045 0.218605
10 0.840787 0.412791 0.038640 0.090698
1 0.885689 0.390698 0.027549 0.116279
17 0.917889 0.406395 0.031843 0.098837
11 0.027549 0.458140 0.028623 0.169767
9 0.055098 0.461047 0.034347 0.129070
0 0.128444 0.441860 0.017889 0.111628
7 0.148479 0.443605 0.020751 0.138372
12 0.174419 0.428488 0.030411 0.201163
6 0.320215 0.406977 0.025045 0.113953
4 0.531843 0.371512 0.024687 0.131395
17 0.741503 0.398256 0.028980 0.131395
17 0.948301 0.390698 0.026118 0.106977
0 0.979964 0.398256 0.028623 0.131395
