2 0.073371 0.365175 0.021155 0.132096
2 0.211551 0.374454 0.022163 0.115721
9 0.393889 0.477074 0.033580 0.104803
12 0.489422 0.466157 0.024513 0.209607
10 0.654298 0.483624 0.051377 0.106987
7 0.724647 0.437227 0.028207 0.164847
11 0.809100 0.453057 0.020484 0.187773
1 0.885158 0.397926 0.035594 0.114629
12 0.986904 0.487445 0.022163 0.221616
9 0.037441 0.459061 0.041974 0.118996
20 0.131296 0.451965 0.036266 0.122271
29 0.179483 0.488537 0.040631 0.177948
20 0.273338 0.463428 0.037609 0.118996
6 0.322868 0.449782 0.041974 0.155022
11 0.371222 0.443231 0.026528 0.159389
20 0.430658 0.477620 0.025185 0.081878
29 0.457186 0.502183 0.025185 0.168122
9 0.539792 0.468341 0.039288 0.100437
29 0.577569 0.508734 0.028207 0.218341
9 0.770651 0.466157 0.036266 0.159389
0 0.958865 0.474891 0.023842 0.176856
29 0.848220 0.510917 0.034923 0.168122
20 0.921088 0.508734 0.040296 0.109170
