18 0.203556 0.467325 0.164717 0.083587
4 0.210810 0.276596 0.038839 0.203647
2 0.295742 0.214286 0.030884 0.136778
20 0.375760 0.477964 0.049602 0.162614
9 0.483154 0.683891 0.068788 0.200608
18 0.488301 0.477204 0.105288 0.094225
2 0.545625 0.189970 0.030884 0.155015
20 0.600842 0.477964 0.033692 0.141337
0 0.659336 0.452128 0.018718 0.199088
1 0.685307 0.452888 0.037904 0.209726
9 0.731633 0.465046 0.038839 0.155015
0 0.169864 0.260638 0.031820 0.189970
29 0.217829 0.720365 0.056621 0.279635
29 0.503744 0.315350 0.044455 0.232523
29 0.773514 0.547112 0.034628 0.258359
9 0.256902 0.292553 0.038372 0.147416
10 0.849088 0.480243 0.050070 0.115502
3 0.899626 0.477964 0.033224 0.168693
17 0.938465 0.484043 0.046327 0.183891
