9 0.021175 0.503049 0.038354 0.135366
1 0.059529 0.424390 0.019976 0.100000
1 0.204155 0.402439 0.033560 0.080488
20 0.269876 0.493293 0.036356 0.145122
9 0.331802 0.469512 0.029165 0.129268
5 0.666800 0.483537 0.039952 0.152439
9 0.713344 0.485976 0.030763 0.123171
17 0.933480 0.509146 0.051538 0.120732
20 0.115262 0.496951 0.035557 0.113415
29 0.166201 0.545732 0.035957 0.210976
29 0.365961 0.532927 0.032761 0.151220
18 0.427887 0.465244 0.041550 0.084146
6 0.484419 0.470122 0.038753 0.176829
9 0.537555 0.496951 0.042749 0.113415
20 0.782062 0.526829 0.033160 0.104878
0 0.810228 0.501220 0.020775 0.139024
3 0.834998 0.514024 0.026368 0.137805
10 0.880543 0.525000 0.039952 0.101220
18 0.611266 0.495122 0.043947 0.058537
