0 0.279255 0.559176 0.027414 0.187500
1 0.490998 0.520612 0.049918 0.158245
11 0.599836 0.559176 0.036825 0.307181
18 0.678601 0.505319 0.050327 0.066489
2 0.744067 0.483378 0.034779 0.182181
9 0.792144 0.497340 0.042553 0.132979
12 0.846768 0.484707 0.049509 0.280585
5 0.318740 0.553856 0.036007 0.163564
9 0.129092 0.603059 0.053601 0.158245
1 0.184738 0.501995 0.029869 0.086436
18 0.216039 0.559176 0.042553 0.062500
10 0.398118 0.545213 0.059738 0.111702
29 0.628069 0.580452 0.025368 0.246011
