1 0.050901 0.463215 0.041475 0.174387
11 0.101801 0.448229 0.031001 0.215259
2 0.155844 0.431199 0.030163 0.175749
1 0.156682 0.433924 0.035191 0.189373
18 0.204650 0.439373 0.042313 0.055858
18 0.318182 0.454360 0.037285 0.066757
12 0.404483 0.454360 0.033096 0.268392
1 0.526812 0.461853 0.034772 0.179837
1 0.925429 0.462534 0.052786 0.219346
9 0.259321 0.457084 0.046083 0.145777
29 0.361332 0.498638 0.038961 0.237057
18 0.471512 0.472752 0.032258 0.079019
9 0.581483 0.497275 0.044407 0.136240
20 0.625471 0.494550 0.032677 0.149864
2 0.663385 0.472752 0.032258 0.201635
29 0.697738 0.529973 0.036447 0.220708
20 0.745078 0.483651 0.036447 0.119891
3 0.786971 0.483651 0.036447 0.171662
10 0.859238 0.494550 0.046083 0.114441
