9 0.057640 0.535859 0.056510 0.178620
1 0.179250 0.527740 0.040235 0.162382
2 0.301763 0.467524 0.032098 0.155616
12 0.331374 0.512179 0.048825 0.280108
20 0.422468 0.520974 0.045660 0.159675
11 0.565099 0.472260 0.036166 0.267930
1 0.597875 0.502706 0.038427 0.163735
18 0.649864 0.495264 0.048373 0.078484
9 0.698011 0.503383 0.051537 0.194858
1 0.746157 0.424899 0.020344 0.083897
12 0.768083 0.486468 0.042495 0.263870
1 0.938969 0.490528 0.051537 0.207037
11 0.136754 0.504736 0.041139 0.246279
18 0.226266 0.538566 0.033906 0.062246
29 0.264693 0.594723 0.033906 0.198917
29 0.495027 0.573748 0.037975 0.202977
10 0.839964 0.512855 0.044304 0.089310
