9 0.091103 0.586792 0.066925 0.245283
20 0.198259 0.576730 0.059188 0.210063
1 0.261509 0.556604 0.047195 0.215094
12 0.298066 0.583648 0.055319 0.437736
20 0.428820 0.536478 0.045261 0.240252
1 0.500580 0.532075 0.043327 0.218868
1 0.715280 0.566667 0.044101 0.267925
12 0.755513 0.593082 0.037137 0.333333
10 0.871373 0.603145 0.063056 0.179874
4 0.966538 0.540252 0.046809 0.262893
11 0.029981 0.649057 0.043714 0.445283
11 0.568279 0.516981 0.047195 0.322013
29 0.613926 0.667925 0.044874 0.309434
20 0.676983 0.594969 0.041779 0.183648
