1 0.122372 0.532104 0.045416 0.148907
11 0.227923 0.568989 0.043734 0.244536
9 0.264298 0.563525 0.040791 0.154372
12 0.369849 0.574454 0.044996 0.277322
1 0.466569 0.546448 0.034062 0.150273
2 0.597561 0.559426 0.042052 0.178962
12 0.634357 0.567623 0.034062 0.296448
10 0.708579 0.611339 0.062237 0.159836
1 0.847351 0.531421 0.030278 0.139344
29 0.163583 0.645492 0.036165 0.269126
20 0.302145 0.580601 0.024811 0.106557
2 0.340202 0.575820 0.027754 0.146175
11 0.431665 0.547814 0.034062 0.254098
29 0.508621 0.620902 0.035744 0.200820
9 0.803827 0.612022 0.055088 0.150273
29 0.883516 0.676230 0.037006 0.251366
20 0.558242 0.573770 0.034903 0.142077
