9 0.095256 0.440299 0.048967 0.159204
1 0.249426 0.375000 0.028309 0.120647
11 0.386381 0.427861 0.028309 0.283582
9 0.448929 0.427239 0.043994 0.185323
1 0.483359 0.334577 0.025631 0.131841
18 0.523336 0.408582 0.041316 0.058458
10 0.706771 0.409204 0.051645 0.146766
1 0.139633 0.340796 0.027544 0.109453
20 0.180949 0.455224 0.042846 0.139303
29 0.226090 0.504975 0.032135 0.248756
18 0.322494 0.435323 0.044376 0.059701
12 0.614767 0.398010 0.029074 0.363184
29 0.575746 0.455224 0.030604 0.238806
3 0.769319 0.380597 0.035195 0.169154
9 0.811400 0.393035 0.042846 0.144279
18 0.855011 0.380597 0.038256 0.059701
29 0.894797 0.420398 0.035195 0.268657
