9 0.052379 0.554235 0.055352 0.187221
10 0.183669 0.555721 0.059927 0.112927
0 0.287054 0.556464 0.026990 0.147103
7 0.548948 0.527489 0.032937 0.157504
18 0.698079 0.514116 0.053980 0.077266
8 0.779963 0.505944 0.032937 0.182764
7 0.842406 0.506686 0.031565 0.169391
9 0.892040 0.501486 0.042086 0.117385
1 0.922004 0.430163 0.024245 0.129272
12 0.948994 0.461367 0.027905 0.274889
1 0.963403 0.300892 0.021043 0.117385
18 0.370540 0.545319 0.048490 0.068351
0 0.455169 0.531204 0.018298 0.144131
8 0.483989 0.545319 0.037511 0.166419
6 0.518298 0.528975 0.028362 0.130758
11 0.607274 0.511887 0.033394 0.215453
0 0.646844 0.515602 0.029277 0.139673
0 0.754803 0.491828 0.018298 0.139673
6 0.813358 0.501486 0.030192 0.167905
