9 0.108736 0.353513 0.062989 0.174888
4 0.111494 0.657698 0.046437 0.206278
18 0.126897 0.508969 0.179310 0.103139
1 0.152184 0.266069 0.023908 0.128550
18 0.422989 0.489537 0.217011 0.094170
1 0.430575 0.334081 0.028966 0.168909
1 0.432644 0.582960 0.034023 0.110613
4 0.471264 0.338565 0.034023 0.180867
1 0.672644 0.307175 0.041379 0.186846
18 0.706897 0.488789 0.175172 0.107623
10 0.862529 0.471599 0.054253 0.130045
17 0.931724 0.462631 0.043678 0.195815
23 0.396782 0.688341 0.036782 0.219731
5 0.364598 0.322123 0.029425 0.150972
0 0.398621 0.320628 0.020230 0.136024
20 0.586667 0.485800 0.039540 0.131540
20 0.266897 0.522422 0.039080 0.127055
23 0.690805 0.686099 0.036322 0.245142
0 0.705517 0.312407 0.020690 0.140508
17 0.738391 0.292975 0.032184 0.149477
