0 0.013089 0.585079 0.025373 0.183246
5 0.046114 0.566099 0.039066 0.176702
9 0.110954 0.585079 0.047926 0.154450
20 0.214257 0.580497 0.035441 0.140052
1 0.254934 0.582461 0.028192 0.162304
9 0.537455 0.595550 0.045509 0.159686
10 0.735401 0.622382 0.049134 0.119110
11 0.807894 0.585079 0.022553 0.170157
2 0.944422 0.578534 0.024164 0.151832
12 0.978655 0.564791 0.026581 0.213351
2 0.145389 0.513743 0.019331 0.113874
3 0.292590 0.594895 0.030205 0.158377
9 0.338905 0.609948 0.035038 0.123037
1 0.374950 0.536649 0.026581 0.094241
20 0.426702 0.606675 0.037455 0.098168
0 0.476238 0.573953 0.018123 0.158377
3 0.501007 0.590969 0.030608 0.166230
20 0.615989 0.609948 0.035844 0.130890
2 0.654652 0.594241 0.033427 0.180628
1 0.836689 0.589660 0.027789 0.116492
29 0.869311 0.663613 0.029400 0.204188
18 0.912002 0.577880 0.027789 0.074607
