1 0.284428 0.453774 0.040093 0.201887
1 0.746949 0.300943 0.038931 0.164151
2 0.915166 0.475472 0.058106 0.222642
3 0.058396 0.453774 0.045904 0.250943
9 0.131610 0.467925 0.063335 0.192453
20 0.223417 0.467925 0.044741 0.192453
20 0.379140 0.487736 0.040093 0.175472
11 0.472400 0.487736 0.051133 0.292453
1 0.514526 0.484906 0.033120 0.150943
29 0.560139 0.580189 0.049971 0.250943
20 0.628414 0.496226 0.047066 0.162264
3 0.676060 0.506604 0.038931 0.194340
12 0.714701 0.503774 0.031377 0.283019
10 0.819582 0.536792 0.061011 0.126415
