18 0.116197 0.332952 0.039437 0.070938
18 0.121655 0.478833 0.190493 0.124714
1 0.126761 0.609840 0.037324 0.144165
9 0.159507 0.347826 0.047887 0.139588
20 0.281866 0.471968 0.044718 0.124714
1 0.384507 0.442220 0.041549 0.133867
1 0.474648 0.427346 0.033803 0.127002
2 0.580282 0.437071 0.033803 0.180778
10 0.652641 0.477689 0.050352 0.152174
11 0.775528 0.470252 0.038380 0.231121
9 0.809859 0.477689 0.047887 0.131579
12 0.921831 0.489703 0.027465 0.249428
1 0.956866 0.352975 0.032746 0.138444
0 0.069014 0.342105 0.028873 0.135011
20 0.439789 0.457094 0.030282 0.094966
29 0.502817 0.516018 0.028169 0.192220
20 0.544366 0.436499 0.028873 0.113272
3 0.728521 0.465103 0.041549 0.202517
18 0.850176 0.466819 0.028521 0.052632
0 0.891549 0.473112 0.022535 0.113272
