1 0.136313 0.484461 0.041034 0.164534
18 0.216414 0.586837 0.060708 0.117002
11 0.430017 0.567642 0.034851 0.312614
2 0.630972 0.570384 0.044407 0.248629
12 0.676223 0.539305 0.042721 0.332724
10 0.779089 0.546618 0.065205 0.164534
11 0.027825 0.660878 0.039910 0.312614
27 0.082912 0.593236 0.064643 0.151737
0 0.289770 0.590494 0.028668 0.182815
12 0.353007 0.593236 0.038224 0.301645
27 0.489320 0.606947 0.065767 0.164534
27 0.906127 0.556673 0.083193 0.199269
20 0.572232 0.598720 0.039348 0.129799
