1 0.050054 0.530552 0.047344 0.219741
9 0.530900 0.458284 0.041200 0.176263
1 0.809360 0.410693 0.034333 0.177438
9 0.863932 0.401880 0.050235 0.169213
2 0.912902 0.307873 0.044814 0.169213
9 0.110408 0.538190 0.047344 0.141011
2 0.141128 0.438895 0.027828 0.130435
18 0.224431 0.513514 0.046982 0.082256
3 0.287676 0.495300 0.040477 0.144536
9 0.335562 0.495300 0.050235 0.153937
1 0.376762 0.404818 0.029274 0.090482
20 0.451753 0.481786 0.034695 0.136310
2 0.491326 0.461810 0.033610 0.166863
18 0.601915 0.463572 0.048789 0.071680
0 0.665884 0.431845 0.029274 0.153937
10 0.731117 0.434195 0.048428 0.104583
