2 0.148733 0.457143 0.042938 0.168067
18 0.222711 0.573109 0.067770 0.090756
9 0.376617 0.550420 0.060010 0.196639
1 0.424211 0.454622 0.038282 0.163025
17 0.652354 0.502521 0.046560 0.151261
9 0.740300 0.502521 0.063114 0.164706
17 0.920072 0.477311 0.052250 0.205042
29 0.085877 0.647059 0.054837 0.295798
29 0.309622 0.624370 0.049146 0.223529
18 0.498189 0.533613 0.063114 0.095798
4 0.568288 0.529412 0.040869 0.205042
17 0.609415 0.510924 0.036213 0.131092
10 0.844542 0.488235 0.061562 0.132773
