2 0.186827 0.449863 0.039467 0.135989
18 0.271656 0.530220 0.072783 0.076923
9 0.356228 0.505495 0.064582 0.156593
1 0.471297 0.423077 0.039467 0.096154
1 0.587904 0.467720 0.045105 0.144231
17 0.639416 0.464286 0.043567 0.101648
10 0.822399 0.456731 0.064070 0.133242
17 0.909534 0.427885 0.069195 0.157967
9 0.131984 0.556319 0.066120 0.137363
29 0.420810 0.546703 0.050231 0.192308
20 0.532035 0.494505 0.036904 0.098901
17 0.679908 0.460165 0.031266 0.115385
29 0.727832 0.521978 0.036904 0.175824
