18 0.157334 0.362319 0.193756 0.086957
11 0.304014 0.359098 0.048067 0.470209
18 0.371160 0.352657 0.107037 0.074074
20 0.457631 0.345411 0.033201 0.123994
18 0.532706 0.357488 0.111001 0.067633
12 0.609514 0.363124 0.036670 0.417069
20 0.681368 0.355878 0.032706 0.138486
1 0.756690 0.277778 0.053518 0.152979
2 0.784440 0.488728 0.023786 0.130435
0 0.939049 0.305153 0.023786 0.181965
18 0.944004 0.425926 0.111992 0.091787
0 0.176908 0.225443 0.038652 0.183575
11 0.082260 0.573269 0.022795 0.257649
9 0.110258 0.545089 0.034192 0.130435
20 0.147423 0.550725 0.027255 0.086957
29 0.181368 0.610306 0.039643 0.238325
1 0.237116 0.421900 0.026264 0.074074
12 0.217047 0.566023 0.031715 0.259259
0 0.367691 0.221417 0.031715 0.175523
0 0.534936 0.231079 0.034192 0.169082
9 0.373885 0.488728 0.055005 0.136876
1 0.407830 0.416264 0.021804 0.078905
29 0.527007 0.578100 0.042121 0.231884
1 0.567146 0.442029 0.026264 0.098229
18 0.756690 0.388889 0.088206 0.062802
29 0.747027 0.625604 0.040139 0.243156
10 0.863231 0.394525 0.043608 0.122383
0 0.917493 0.647343 0.030228 0.180354
5 0.955401 0.645733 0.041625 0.157810
