9 0.160267 0.295205 0.076267 0.168493
18 0.166400 0.426712 0.187733 0.105479
10 0.360267 0.398630 0.072000 0.164384
2 0.462133 0.664384 0.052800 0.213699
2 0.492800 0.254110 0.045867 0.201370
18 0.620267 0.689041 0.073600 0.071233
18 0.618400 0.441781 0.413333 0.116438
4 0.705067 0.249315 0.052267 0.205479
9 0.552000 0.256849 0.073600 0.168493
29 0.162667 0.649315 0.057600 0.254795
17 0.517600 0.676027 0.056000 0.198630
5 0.704800 0.690411 0.069867 0.180822
29 0.760000 0.785616 0.054400 0.226027
20 0.636800 0.260959 0.046933 0.135616
