2 0.208451 0.343791 0.028169 0.156863
18 0.294165 0.483660 0.061167 0.081046
1 0.396982 0.461438 0.039034 0.172549
9 0.886519 0.483660 0.041851 0.141176
9 0.059759 0.513725 0.037425 0.138562
11 0.030584 0.502614 0.020926 0.233987
20 0.123944 0.501961 0.032998 0.094118
29 0.160966 0.565359 0.028974 0.215686
12 0.196781 0.518301 0.032193 0.252288
0 0.364789 0.480392 0.026157 0.163399
11 0.451308 0.461438 0.035815 0.235294
9 0.489135 0.482353 0.041449 0.130719
18 0.526962 0.486275 0.035010 0.070588
0 0.559960 0.490850 0.022133 0.145098
12 0.584306 0.490850 0.028169 0.233987
11 0.619316 0.466013 0.032998 0.226144
29 0.657948 0.562745 0.034608 0.220915
18 0.702817 0.486928 0.035815 0.087582
12 0.756137 0.497386 0.028974 0.257516
10 0.828974 0.490850 0.052314 0.108497
29 0.920121 0.571895 0.030986 0.228758
0 0.734608 0.479085 0.017304 0.155556
