18 0.204024 0.468085 0.164717 0.085106
4 0.210810 0.276596 0.038839 0.203647
2 0.295742 0.214286 0.030884 0.136778
20 0.376228 0.477964 0.049602 0.162614
9 0.483154 0.685410 0.068788 0.200608
18 0.488769 0.477204 0.105288 0.094225
2 0.545625 0.191489 0.030884 0.155015
20 0.601310 0.479483 0.033692 0.141337
11 0.659336 0.452128 0.018718 0.199088
1 0.685774 0.452888 0.037904 0.209726
9 0.731867 0.465046 0.038372 0.155015
0 0.170332 0.261398 0.031820 0.191489
29 0.217829 0.721884 0.056621 0.279635
29 0.503744 0.315350 0.044455 0.232523
29 0.773982 0.548632 0.034628 0.258359
9 0.257136 0.293313 0.038839 0.145897
10 0.849088 0.481003 0.050070 0.117021
3 0.899626 0.477964 0.033224 0.168693
17 0.938699 0.484043 0.045859 0.183891
