20 0.154720 0.581148 0.033821 0.162295
2 0.215295 0.563115 0.051994 0.224590
11 0.320545 0.525410 0.039374 0.257377
1 0.408380 0.454098 0.040384 0.137705
20 0.466179 0.559836 0.044927 0.181967
1 0.672135 0.513115 0.036850 0.173770
12 0.774609 0.507377 0.042908 0.339344
10 0.869763 0.486066 0.053508 0.129508
17 0.958607 0.415574 0.048460 0.244262
11 0.045432 0.604098 0.031297 0.300000
9 0.087834 0.586066 0.065623 0.155738
12 0.262998 0.564754 0.038364 0.263934
29 0.363200 0.620492 0.044927 0.234426
7 0.517668 0.550000 0.031802 0.208197
29 0.570924 0.623770 0.058556 0.247541
20 0.637557 0.539344 0.037355 0.114754
17 0.720596 0.509016 0.043917 0.152459
