9 0.087680 0.518692 0.049692 0.156208
4 0.140452 0.404539 0.033676 0.125501
18 0.190760 0.510013 0.064476 0.074766
0 0.252567 0.489987 0.029569 0.157543
9 0.339220 0.489319 0.036961 0.161549
2 0.383368 0.386515 0.042300 0.156208
20 0.429979 0.479306 0.045996 0.130841
9 0.581109 0.466622 0.048460 0.180240
18 0.653799 0.467290 0.047639 0.066756
1 0.707187 0.433244 0.046817 0.190921
6 0.756263 0.433244 0.047228 0.209613
10 0.835113 0.469292 0.059548 0.140187
17 0.924025 0.439252 0.059959 0.208278
4 0.291376 0.483979 0.034908 0.180240
3 0.493224 0.461949 0.031211 0.146862
4 0.534908 0.457276 0.038193 0.156208
