0 0.055012 0.388193 0.023618 0.186047
7 0.086406 0.690519 0.063364 0.261181
18 0.091014 0.532200 0.152074 0.130590
6 0.100230 0.385510 0.047235 0.209302
11 0.223790 0.537567 0.040899 0.599284
18 0.334965 0.516100 0.128456 0.130590
18 0.569700 0.491950 0.142857 0.082290
12 0.679724 0.483900 0.058756 0.509839
10 0.787154 0.480322 0.063940 0.173524
1 0.889689 0.305009 0.038594 0.166369
18 0.920219 0.445438 0.134217 0.128801
3 0.926555 0.626118 0.044355 0.239714
9 0.316820 0.368515 0.056452 0.128801
29 0.328917 0.692308 0.047235 0.239714
20 0.456797 0.494633 0.038018 0.137746
9 0.575173 0.641324 0.054724 0.162791
29 0.565380 0.344365 0.051267 0.187835
0 0.937212 0.299642 0.038018 0.169946
