11 0.125284 0.583026 0.033523 0.335793
20 0.299148 0.600554 0.044886 0.193727
0 0.367045 0.586716 0.032955 0.247232
12 0.406534 0.588561 0.042614 0.309963
18 0.497159 0.568266 0.071591 0.081181
1 0.579830 0.557196 0.042614 0.188192
10 0.744318 0.548893 0.056818 0.134686
18 0.850000 0.538745 0.065909 0.092251
2 0.915057 0.516605 0.048295 0.228782
9 0.044034 0.625461 0.063068 0.180812
3 0.171307 0.616236 0.044886 0.199262
29 0.226136 0.666974 0.048864 0.226937
29 0.633239 0.619926 0.039205 0.221402
