11 0.018776 0.582851 0.036801 0.412514
7 0.090312 0.411356 0.031168 0.162225
1 0.115096 0.753187 0.027413 0.099652
9 0.133872 0.421784 0.028915 0.129780
17 0.146451 0.756663 0.022531 0.088065
17 0.172550 0.756663 0.031168 0.106605
18 0.197334 0.564311 0.321066 0.113557
20 0.205032 0.409618 0.036050 0.112399
1 0.217612 0.745655 0.028915 0.121669
1 0.246151 0.400348 0.028164 0.117034
17 0.276568 0.406721 0.028164 0.097335
12 0.389223 0.490151 0.037176 0.366165
2 0.402366 0.248552 0.031919 0.126304
10 0.491551 0.513326 0.045062 0.113557
3 0.584679 0.460603 0.024033 0.130939
3 0.666354 0.452491 0.027413 0.147161
9 0.708224 0.466976 0.035299 0.113557
18 0.778258 0.464079 0.043935 0.054461
1 0.831018 0.443801 0.025535 0.118192
17 0.862561 0.443801 0.024033 0.118192
17 0.886031 0.439166 0.028164 0.111240
0 0.918513 0.440324 0.022531 0.134415
17 0.302103 0.404983 0.020653 0.098494
0 0.334022 0.411356 0.018400 0.146002
17 0.607210 0.465238 0.016523 0.107764
17 0.632370 0.473349 0.022531 0.128621
