18 0.168497 0.544286 0.064587 0.082857
1 0.296573 0.530000 0.035149 0.160000
9 0.353032 0.532143 0.043497 0.170000
18 0.408831 0.532143 0.051406 0.098571
1 0.468366 0.516429 0.044815 0.212857
12 0.502636 0.515714 0.047452 0.294286
10 0.616432 0.550000 0.057996 0.160000
5 0.723638 0.507143 0.042179 0.197143
18 0.781415 0.517143 0.061072 0.062857
1 0.854569 0.517143 0.043058 0.197143
9 0.910808 0.541429 0.052724 0.197143
29 0.063049 0.594286 0.061072 0.325714
11 0.263620 0.509286 0.036907 0.272857
