11 0.045174 0.535132 0.024710 0.204517
1 0.075869 0.520703 0.028185 0.132999
17 0.110039 0.529486 0.033205 0.102886
0 0.180309 0.510038 0.023166 0.149310
18 0.235328 0.515056 0.043629 0.058971
9 0.276255 0.508156 0.038996 0.125471
12 0.311776 0.508156 0.027413 0.198243
3 0.338417 0.362610 0.026641 0.135508
20 0.405212 0.504391 0.023552 0.110414
11 0.460425 0.481807 0.027413 0.258469
17 0.541699 0.495609 0.030116 0.117942
2 0.571815 0.488708 0.020849 0.136763
18 0.619305 0.489962 0.037066 0.046424
9 0.658880 0.484944 0.044402 0.116688
12 0.697104 0.494354 0.027413 0.215809
1 0.846139 0.476788 0.032046 0.127980
17 0.884942 0.467378 0.030888 0.104141
17 0.916216 0.479297 0.030888 0.097867
17 0.141699 0.518821 0.033205 0.111669
1 0.488996 0.499373 0.030502 0.125471
17 0.515830 0.499373 0.023166 0.125471
3 0.718919 0.372647 0.023166 0.115433
10 0.776834 0.469260 0.034749 0.120452
17 0.946718 0.481179 0.030116 0.126725
