2 0.058461 0.306090 0.037987 0.195513
20 0.147509 0.396635 0.041441 0.133013
10 0.317464 0.407853 0.044894 0.110577
1 0.386532 0.382212 0.040947 0.184295
5 0.425012 0.374199 0.043907 0.158654
9 0.468180 0.413462 0.038481 0.096154
2 0.510853 0.331731 0.035027 0.150641
20 0.554761 0.425481 0.032067 0.126603
1 0.619882 0.425481 0.037987 0.145833
9 0.737050 0.447917 0.037494 0.133013
1 0.781450 0.377404 0.030587 0.110577
20 0.817711 0.476763 0.037987 0.129808
8 0.893932 0.469551 0.036507 0.192308
6 0.208683 0.377404 0.039467 0.184295
29 0.026147 0.431090 0.040454 0.192308
6 0.666009 0.431090 0.042427 0.163462
9 0.938826 0.491186 0.048347 0.145833
