9 0.548395 0.542219 0.041263 0.144040
7 0.939633 0.516556 0.052471 0.264901
11 0.055527 0.589404 0.034641 0.357616
9 0.098574 0.537252 0.063678 0.190397
29 0.159705 0.617550 0.043301 0.258278
20 0.216251 0.591887 0.044320 0.177152
2 0.291900 0.535596 0.036679 0.206954
12 0.329343 0.534768 0.032094 0.278146
1 0.376974 0.354305 0.028528 0.092715
20 0.433775 0.562914 0.049414 0.119205
11 0.517066 0.548013 0.031584 0.314570
20 0.606470 0.566225 0.041263 0.145695
29 0.657157 0.643212 0.044829 0.309603
12 0.709119 0.566225 0.039735 0.331126
1 0.762354 0.382450 0.032094 0.119205
10 0.838003 0.527318 0.056037 0.150662
