22 0.093960 0.224265 0.114094 0.198529
26 0.229866 0.209559 0.063758 0.330882
0 0.312081 0.224265 0.073826 0.198529
1 0.401007 0.231618 0.077181 0.227941
10 0.582215 0.238971 0.090604 0.154412
5 0.709732 0.238971 0.097315 0.227941
9 0.095638 0.654412 0.110738 0.176471
18 0.241611 0.643382 0.080537 0.095588
29 0.422819 0.676471 0.087248 0.279412
26 0.493289 0.606618 0.053691 0.286765
0 0.548658 0.621324 0.030201 0.169118
17 0.605705 0.613971 0.070470 0.169118
10 0.744966 0.610294 0.087248 0.161765
4 0.914430 0.595588 0.090604 0.235294
