23 0.062914 0.762590 0.064018 0.330935
2 0.110375 0.672662 0.030905 0.179856
18 0.197572 0.794964 0.059603 0.079137
1 0.303532 0.733813 0.055188 0.273381
23 0.380795 0.715827 0.055188 0.280576
1 0.423841 0.633094 0.035320 0.187050
20 0.518764 0.762590 0.066225 0.158273
1 0.613687 0.723022 0.052980 0.237410
4 0.672185 0.744604 0.059603 0.251799
23 0.759382 0.708633 0.052980 0.266187
10 0.866446 0.751799 0.059603 0.136691
17 0.945916 0.726619 0.068433 0.230216
8 0.041943 0.291367 0.057395 0.266187
3 0.104857 0.298561 0.050773 0.237410
6 0.186534 0.280576 0.072848 0.230216
22 0.278146 0.330935 0.070640 0.201439
1 0.324503 0.187050 0.048565 0.172662
20 0.423841 0.298561 0.052980 0.165468
23 0.532009 0.237410 0.057395 0.302158
20 0.633554 0.291367 0.057395 0.208633
24 0.750552 0.294964 0.070640 0.230216
10 0.841060 0.280576 0.057395 0.158273
17 0.911700 0.251799 0.061810 0.230216
