2 0.051151 0.750000 0.056266 0.210843
5 0.098465 0.307229 0.084399 0.265060
17 0.132992 0.753012 0.071611 0.192771
7 0.214834 0.743976 0.046036 0.198795
18 0.223785 0.355422 0.089514 0.072289
9 0.356777 0.346386 0.089514 0.162651
1 0.416880 0.216867 0.051151 0.168675
10 0.511509 0.328313 0.071611 0.126506
17 0.615090 0.316265 0.079284 0.210843
20 0.333760 0.765060 0.084399 0.120482
29 0.434783 0.825301 0.061381 0.228916
1 0.489770 0.665663 0.048593 0.126506
18 0.599744 0.783133 0.069054 0.084337
9 0.725064 0.774096 0.094629 0.174699
10 0.846547 0.756024 0.066496 0.102410
17 0.938619 0.737952 0.071611 0.210843
