7 0.119318 0.257862 0.065909 0.276730
17 0.180682 0.264151 0.052273 0.226415
9 0.271591 0.301887 0.070455 0.138365
6 0.118182 0.767296 0.063636 0.251572
6 0.189773 0.783019 0.056818 0.245283
0 0.240909 0.786164 0.022727 0.213836
22 0.314773 0.827044 0.065909 0.157233
1 0.311364 0.157233 0.040909 0.125786
1 0.356818 0.716981 0.036364 0.150943
20 0.430682 0.827044 0.056818 0.157233
18 0.386364 0.286164 0.054545 0.069182
23 0.488636 0.220126 0.059091 0.276730
23 0.506818 0.767296 0.050000 0.238994
10 0.561364 0.261006 0.054545 0.132075
10 0.846591 0.808176 0.061364 0.132075
1 0.550000 0.657233 0.040909 0.157233
17 0.628409 0.251572 0.061364 0.201258
18 0.638636 0.814465 0.050000 0.094340
24 0.717045 0.811321 0.065909 0.176101
1 0.759091 0.691824 0.036364 0.138365
17 0.906818 0.761006 0.050000 0.176101
