18 0.048255 0.699346 0.059548 0.091503
18 0.035934 0.316993 0.063655 0.071895
2 0.131417 0.647059 0.041068 0.209150
2 0.174538 0.647059 0.045175 0.209150
2 0.215606 0.630719 0.036961 0.202614
0 0.120123 0.290850 0.030801 0.189542
17 0.162218 0.281046 0.045175 0.183007
17 0.214579 0.287582 0.051335 0.183007
9 0.283368 0.647059 0.053388 0.143791
9 0.328542 0.303922 0.065708 0.137255
7 0.260780 0.274510 0.032854 0.209150
7 0.721766 0.571895 0.039014 0.241830
29 0.364476 0.692810 0.047228 0.235294
29 0.524641 0.686275 0.047228 0.261438
29 0.765914 0.669935 0.045175 0.228758
3 0.319302 0.526144 0.039014 0.163399
18 0.415811 0.297386 0.059548 0.098039
5 0.494867 0.251634 0.057495 0.228758
1 0.556468 0.222222 0.053388 0.209150
10 0.628337 0.222222 0.045175 0.130719
17 0.683778 0.205882 0.057495 0.228758
20 0.449692 0.669935 0.061602 0.163399
20 0.647844 0.620915 0.055441 0.183007
1 0.558522 0.493464 0.053388 0.163399
10 0.860370 0.591503 0.057495 0.124183
17 0.916838 0.562092 0.051335 0.222222
3 0.794661 0.513072 0.045175 0.228758
