7 0.124146 0.727586 0.056948 0.241379
7 0.107062 0.303448 0.050114 0.262069
7 0.406606 0.734483 0.047836 0.241379
7 0.636674 0.751724 0.047836 0.234483
9 0.189066 0.782759 0.063781 0.172414
20 0.299544 0.789655 0.061503 0.158621
20 0.545558 0.772414 0.066059 0.193103
24 0.162870 0.327586 0.056948 0.186207
18 0.260820 0.334483 0.056948 0.075862
1 0.359909 0.327586 0.050114 0.241379
22 0.425968 0.382759 0.077449 0.186207
20 0.531891 0.344828 0.052392 0.206897
0 0.625285 0.327586 0.029613 0.241379
2 0.661731 0.331034 0.038724 0.262069
23 0.730068 0.320690 0.061503 0.255172
10 0.841686 0.386207 0.047836 0.137931
17 0.907745 0.372414 0.066059 0.206897
10 0.749431 0.796552 0.068337 0.172414
29 0.456720 0.820690 0.047836 0.220690
17 0.822323 0.779310 0.063781 0.193103
