8 0.091160 0.242857 0.066298 0.300000
22 0.167127 0.285714 0.080110 0.185714
0 0.082873 0.771429 0.049724 0.214286
17 0.151934 0.753571 0.082873 0.207143
4 0.234807 0.725000 0.088398 0.221429
1 0.223757 0.167857 0.044199 0.121429
18 0.357735 0.271429 0.080110 0.085714
23 0.381215 0.714286 0.071823 0.300000
5 0.488950 0.246429 0.066298 0.250000
18 0.567680 0.810714 0.069061 0.078571
1 0.574586 0.257143 0.060773 0.257143
22 0.651934 0.285714 0.093923 0.185714
23 0.696133 0.760714 0.066298 0.292857
1 0.450276 0.657143 0.055249 0.157143
10 0.796961 0.289286 0.063536 0.135714
17 0.908840 0.260714 0.088398 0.250000
10 0.787293 0.828571 0.077348 0.142857
17 0.866022 0.810714 0.058011 0.235714
