1 0.060748 0.227273 0.065421 0.272727
6 0.114486 0.212121 0.051402 0.272727
17 0.165888 0.215909 0.046729 0.265152
17 0.223131 0.215909 0.063084 0.265152
22 0.050234 0.746212 0.067757 0.174242
11 0.129673 0.704545 0.049065 0.348485
22 0.191589 0.746212 0.060748 0.143939
1 0.253505 0.609848 0.044393 0.159091
18 0.343458 0.719697 0.070093 0.075758
18 0.316589 0.246212 0.063084 0.083333
22 0.414720 0.261364 0.067757 0.174242
22 0.737150 0.265152 0.072430 0.181818
22 0.494159 0.761364 0.072430 0.159091
2 0.431075 0.727273 0.049065 0.227273
1 0.467290 0.106061 0.046729 0.181818
20 0.577103 0.246212 0.060748 0.143939
8 0.661215 0.223485 0.056075 0.250000
18 0.625000 0.761364 0.058411 0.113636
5 0.718458 0.746212 0.053738 0.265152
17 0.774533 0.746212 0.053738 0.204545
10 0.873832 0.829545 0.051402 0.159091
10 0.851636 0.287879 0.063084 0.151515
17 0.921729 0.257576 0.067757 0.257576
17 0.942757 0.776515 0.072430 0.234848
12 0.551402 0.731061 0.051402 0.325758
