0 0.074176 0.737705 0.060440 0.229508
0 0.071429 0.295082 0.049451 0.245902
0 0.133242 0.725410 0.041209 0.221311
0 0.497253 0.762295 0.032967 0.278689
0 0.535714 0.286885 0.027473 0.180328
18 0.387363 0.770492 0.076923 0.098361
18 0.447802 0.286885 0.065934 0.081967
17 0.685440 0.295082 0.068681 0.229508
17 0.126374 0.274590 0.054945 0.188525
17 0.756868 0.774590 0.074176 0.221311
17 0.907967 0.331967 0.074176 0.221311
17 0.583791 0.303279 0.046703 0.213115
7 0.185440 0.266393 0.046703 0.254098
9 0.280220 0.319672 0.076923 0.180328
29 0.228022 0.819672 0.071429 0.278689
3 0.271978 0.627049 0.049451 0.221311
4 0.336538 0.131148 0.068681 0.180328
1 0.550824 0.762295 0.063187 0.278689
10 0.670330 0.811475 0.060440 0.163934
10 0.803571 0.303279 0.074176 0.131148
7 0.627747 0.303279 0.030220 0.245902
