0 0.045000 0.340741 0.050000 0.266667
0 0.092500 0.362963 0.045000 0.237037
1 0.170000 0.366667 0.075000 0.259259
27 0.272500 0.348148 0.090000 0.177778
10 0.431250 0.366667 0.072500 0.125926
17 0.555000 0.300000 0.075000 0.288889
7 0.055000 0.748148 0.055000 0.251852
9 0.128750 0.807407 0.067500 0.177778
1 0.172500 0.659259 0.040000 0.177778
20 0.262500 0.825926 0.065000 0.155556
9 0.380000 0.800000 0.075000 0.192593
20 0.498750 0.803704 0.062500 0.170370
0 0.615000 0.777778 0.055000 0.251852
10 0.757500 0.788889 0.060000 0.185185
17 0.863750 0.740741 0.087500 0.281481
