5 0.101333 0.172956 0.064000 0.257862
6 0.106667 0.767296 0.085333 0.289308
29 0.180000 0.292453 0.077333 0.283019
27 0.214667 0.817610 0.098667 0.138365
20 0.270667 0.220126 0.061333 0.125786
20 0.352000 0.786164 0.058667 0.138365
2 0.378667 0.191824 0.064000 0.232704
10 0.477333 0.235849 0.069333 0.132075
17 0.574667 0.213836 0.082667 0.213836
7 0.489333 0.767296 0.066667 0.201258
17 0.556000 0.764151 0.066667 0.194969
28 0.654667 0.795597 0.082667 0.132075
10 0.772000 0.761006 0.072000 0.113208
17 0.880000 0.735849 0.074667 0.201258
