9 0.048183 0.771795 0.058452 0.158974
29 0.279621 0.784615 0.047393 0.287179
9 0.048973 0.300000 0.050553 0.148718
5 0.075039 0.176923 0.030016 0.148718
18 0.157188 0.266667 0.042654 0.071795
9 0.258294 0.253846 0.052133 0.138462
3 0.294629 0.130769 0.042654 0.158974
20 0.386256 0.251282 0.045814 0.143590
4 0.469984 0.210256 0.058452 0.215385
17 0.524487 0.215385 0.047393 0.174359
9 0.586098 0.246154 0.044234 0.133333
18 0.662717 0.235897 0.048973 0.071795
0 0.713270 0.194872 0.020537 0.184615
6 0.117694 0.612821 0.042654 0.189744
6 0.073460 0.625641 0.039494 0.174359
17 0.737757 0.200000 0.028436 0.153846
17 0.771722 0.176923 0.036335 0.138462
17 0.808057 0.187179 0.039494 0.169231
10 0.881517 0.194872 0.047393 0.112821
17 0.929700 0.197436 0.045814 0.220513
20 0.203002 0.712821 0.052133 0.164103
4 0.311216 0.584615 0.037915 0.143590
4 0.349131 0.584615 0.041074 0.133333
10 0.409163 0.728205 0.053712 0.102564
17 0.485782 0.692308 0.064771 0.194872
