9 0.084795 0.337563 0.068226 0.157360
9 0.072125 0.809645 0.085770 0.187817
9 0.453216 0.276650 0.064327 0.126904
9 0.775828 0.758883 0.066277 0.147208
3 0.118908 0.192893 0.042885 0.152284
4 0.135478 0.642132 0.056530 0.177665
20 0.227096 0.304569 0.068226 0.131980
18 0.229045 0.781726 0.052632 0.071066
7 0.337232 0.256345 0.050682 0.187817
11 0.406433 0.238579 0.037037 0.253807
1 0.486355 0.185279 0.029240 0.096447
20 0.562378 0.269036 0.056530 0.121827
29 0.627680 0.276650 0.046784 0.177665
1 0.658869 0.149746 0.038986 0.116751
12 0.709552 0.197970 0.042885 0.253807
10 0.772904 0.225888 0.052632 0.096447
17 0.843080 0.205584 0.064327 0.197970
5 0.331384 0.723350 0.054581 0.197970
1 0.384990 0.736041 0.052632 0.182741
7 0.440546 0.710660 0.042885 0.182741
11 0.514620 0.736041 0.054581 0.243655
29 0.574074 0.784264 0.040936 0.167513
1 0.614035 0.649746 0.046784 0.121827
18 0.688109 0.761421 0.050682 0.071066
12 0.817739 0.700508 0.033138 0.253807
10 0.872320 0.723350 0.040936 0.086294
17 0.937622 0.697970 0.054581 0.187817
