8 0.095930 0.704403 0.052326 0.251572
22 0.148256 0.729560 0.056202 0.163522
22 0.485465 0.726415 0.063953 0.194969
1 0.191860 0.632075 0.034884 0.144654
18 0.281977 0.720126 0.052326 0.081761
5 0.379845 0.707547 0.054264 0.232704
1 0.436047 0.701258 0.050388 0.245283
10 0.592054 0.738994 0.048450 0.132075
17 0.670543 0.710692 0.058140 0.226415
6 0.053295 0.223270 0.044574 0.245283
22 0.104651 0.273585 0.058140 0.169811
15 0.165698 0.213836 0.044574 0.339623
6 0.216085 0.232704 0.060078 0.226415
23 0.274225 0.226415 0.048450 0.226415
11 0.326550 0.226415 0.040698 0.301887
22 0.365310 0.267296 0.060078 0.157233
1 0.406008 0.160377 0.036822 0.144654
18 0.468992 0.254717 0.054264 0.081761
4 0.531008 0.257862 0.054264 0.213836
12 0.558140 0.242138 0.042636 0.333333
18 0.622093 0.261006 0.058140 0.081761
2 0.692829 0.235849 0.044574 0.207547
2 0.732558 0.232704 0.038760 0.201258
23 0.779070 0.248428 0.042636 0.220126
16 0.812016 0.232704 0.054264 0.377358
10 0.876938 0.264151 0.048450 0.138365
17 0.939922 0.238994 0.062016 0.238994
