9 0.129679 0.245223 0.098930 0.159236
9 0.132353 0.792994 0.104278 0.184713
0 0.161765 0.570064 0.029412 0.133758
5 0.200535 0.592357 0.042781 0.191083
18 0.314171 0.726115 0.061497 0.076433
3 0.181818 0.136943 0.058824 0.184713
18 0.319519 0.229299 0.082888 0.063694
7 0.439840 0.168790 0.066845 0.248408
10 0.534759 0.197452 0.064171 0.178344
17 0.664439 0.191083 0.082888 0.229299
29 0.517380 0.802548 0.072193 0.267516
1 0.572193 0.624204 0.048128 0.114650
26 0.624332 0.707006 0.056150 0.331210
1 0.695187 0.722930 0.074866 0.248408
10 0.830214 0.742038 0.066845 0.133758
17 0.911765 0.735669 0.069519 0.197452
