3 0.073290 0.231250 0.032573 0.412500
18 0.175081 0.625000 0.053746 0.175000
18 0.398208 0.525000 0.040717 0.150000
10 0.610749 0.481250 0.039088 0.262500
18 0.824104 0.443750 0.052117 0.162500
29 0.029316 0.606250 0.039088 0.637500
3 0.244300 0.506250 0.032573 0.462500
29 0.290717 0.687500 0.034202 0.625000
3 0.481270 0.462500 0.030945 0.450000
29 0.712541 0.600000 0.034202 0.525000
29 0.911238 0.656250 0.037459 0.587500
11 0.665309 0.443750 0.034202 0.537500
12 0.978013 0.418750 0.030945 0.562500
3 0.765472 0.275000 0.029316 0.325000
