18 0.223602 0.613636 0.059006 0.348485
18 0.450311 0.553030 0.040373 0.257576
10 0.628882 0.507576 0.043478 0.439394
20 0.854037 0.424242 0.034161 0.454545
8 0.026398 0.636364 0.034161 0.545455
24 0.076087 0.795455 0.043478 0.348485
2 0.125776 0.522727 0.034161 0.500000
8 0.295807 0.553030 0.029503 0.590909
24 0.340839 0.628788 0.041925 0.469697
8 0.513975 0.530303 0.043478 0.696970
11 0.694876 0.431818 0.029503 0.621212
24 0.735248 0.568182 0.035714 0.348485
2 0.785714 0.257576 0.024845 0.393939
24 0.916149 0.545455 0.040373 0.363636
12 0.972826 0.522727 0.038820 0.803030
