4 0.067700 0.344595 0.040783 0.472973
18 0.410277 0.425676 0.040783 0.229730
10 0.609299 0.344595 0.044046 0.337838
12 0.953507 0.533784 0.034258 0.878378
22 0.023654 0.567568 0.030995 0.378378
18 0.167210 0.560811 0.030995 0.175676
4 0.252855 0.405405 0.052202 0.567568
22 0.307504 0.513514 0.040783 0.324324
4 0.488581 0.317568 0.040783 0.554054
22 0.739804 0.425676 0.037520 0.364865
4 0.695759 0.358108 0.030995 0.689189
22 0.907015 0.459459 0.048940 0.378378
4 0.782219 0.195946 0.037520 0.364865
18 0.842577 0.385135 0.034258 0.148649
