18 0.197966 0.578571 0.029734 0.157143
7 0.287950 0.478571 0.040689 0.614286
20 0.434272 0.471429 0.035994 0.485714
7 0.512520 0.435714 0.045383 0.642857
10 0.634585 0.578571 0.042254 0.300000
20 0.849765 0.507143 0.034429 0.471429
7 0.028169 0.528571 0.034429 0.542857
23 0.075900 0.600000 0.039124 0.457143
1 0.121283 0.342857 0.029734 0.400000
23 0.350548 0.500000 0.037559 0.571429
23 0.740219 0.500000 0.034429 0.485714
11 0.694053 0.500000 0.029734 0.685714
12 0.977308 0.435714 0.029734 0.700000
23 0.914710 0.485714 0.035994 0.485714
1 0.784038 0.250000 0.031299 0.385714
