3 0.076672 0.267442 0.039152 0.372093
18 0.177814 0.581395 0.052202 0.209302
18 0.404568 0.529070 0.055465 0.151163
10 0.614192 0.558140 0.047308 0.348837
18 0.829527 0.575581 0.050571 0.127907
29 0.035889 0.558140 0.035889 0.534884
3 0.252039 0.494186 0.037520 0.406977
29 0.297716 0.674419 0.040783 0.558140
3 0.487765 0.523256 0.039152 0.395349
3 0.766721 0.406977 0.032626 0.279070
29 0.717781 0.715116 0.039152 0.523256
29 0.911093 0.720930 0.040783 0.511628
11 0.670473 0.552326 0.032626 0.430233
12 0.973899 0.523256 0.032626 0.488372
