5 0.081667 0.310345 0.036667 0.321839
18 0.189167 0.465517 0.045000 0.172414
18 0.424167 0.465517 0.045000 0.172414
10 0.651667 0.482759 0.050000 0.298851
11 0.706667 0.402299 0.023333 0.551724
18 0.856667 0.465517 0.040000 0.149425
23 0.041667 0.505747 0.030000 0.413793
5 0.259167 0.442529 0.038333 0.540230
23 0.324167 0.459770 0.035000 0.436782
5 0.506667 0.408046 0.046667 0.494253
5 0.804167 0.264368 0.028333 0.321839
22 0.916667 0.534483 0.043333 0.310345
12 0.977500 0.586207 0.035000 0.781609
23 0.764167 0.488506 0.035000 0.402299
