9 0.024046 0.604167 0.044776 0.375000
18 0.185738 0.527778 0.043118 0.222222
1 0.245439 0.395833 0.039801 0.458333
9 0.284411 0.527778 0.051410 0.416667
18 0.414594 0.479167 0.059701 0.263889
10 0.621061 0.451389 0.048093 0.319444
11 0.676617 0.375000 0.033167 0.694444
9 0.730514 0.395833 0.054726 0.430556
2 0.791045 0.201389 0.036484 0.375000
18 0.850746 0.402778 0.046434 0.166667
12 0.983416 0.375000 0.033167 0.583333
2 0.076285 0.319444 0.029851 0.388889
0 0.485904 0.451389 0.029851 0.458333
9 0.924544 0.423611 0.051410 0.402778
