6 0.082077 0.356061 0.043551 0.439394
18 0.193467 0.621212 0.035176 0.242424
18 0.427973 0.636364 0.045226 0.242424
6 0.515075 0.568182 0.058626 0.621212
10 0.646566 0.598485 0.053601 0.378788
18 0.857621 0.598485 0.043551 0.227273
24 0.041876 0.666667 0.033501 0.333333
6 0.275544 0.575758 0.041876 0.545455
24 0.317420 0.666667 0.035176 0.393939
11 0.706868 0.575758 0.036851 0.727273
24 0.747069 0.598485 0.033501 0.378788
24 0.915410 0.643939 0.045226 0.439394
12 0.969849 0.598485 0.036851 0.621212
2 0.804020 0.363636 0.036851 0.484848
