18 0.157233 0.574627 0.041929 0.194030
2 0.214885 0.402985 0.044025 0.477612
18 0.370021 0.432836 0.048218 0.238806
2 0.417191 0.388060 0.046122 0.477612
10 0.556604 0.470149 0.060797 0.313433
20 0.825996 0.276119 0.041929 0.432836
23 0.056604 0.649254 0.037736 0.432836
2 0.104822 0.462687 0.033543 0.388060
23 0.273585 0.440299 0.052411 0.462687
23 0.729560 0.358209 0.037736 0.358209
2 0.773585 0.194030 0.029350 0.268657
23 0.902516 0.261194 0.044025 0.402985
12 0.960168 0.246269 0.033543 0.462687
11 0.681342 0.410448 0.041929 0.522388
