18 0.101626 0.420139 0.199639 0.131944
2 0.034779 0.687500 0.026197 0.250000
18 0.107046 0.045139 0.024390 0.076389
10 0.250226 0.406250 0.028907 0.215278
18 0.373532 0.388889 0.026197 0.125000
18 0.724029 0.343750 0.026197 0.145833
14 0.790876 0.378472 0.020777 0.506944
22 0.889792 0.381944 0.021680 0.208333
20 0.920506 0.392361 0.021680 0.159722
19 0.056911 0.774306 0.014453 0.159722
4 0.081301 0.659722 0.021680 0.277778
21 0.110208 0.756944 0.014453 0.125000
29 0.151310 0.763889 0.029810 0.361111
6 0.181572 0.597222 0.023487 0.194444
29 0.036585 0.156250 0.020777 0.298611
29 0.148148 0.187500 0.027100 0.361111
22 0.298555 0.406250 0.026197 0.215278
6 0.327913 0.204861 0.025294 0.159722
23 0.418699 0.343750 0.024390 0.312500
7 0.445348 0.184028 0.016260 0.201389
20 0.492773 0.388889 0.017164 0.180556
7 0.543360 0.378472 0.020777 0.284722
19 0.565492 0.482639 0.010840 0.104167
4 0.592593 0.357639 0.028907 0.270833
21 0.616079 0.416667 0.012647 0.111111
13 0.654472 0.413194 0.035230 0.520833
22 0.689702 0.350694 0.024390 0.201389
23 0.757453 0.326389 0.022584 0.305556
25 0.820687 0.361111 0.017164 0.222222
15 0.857724 0.364583 0.028004 0.423611
23 0.953478 0.375000 0.018970 0.236111
16 0.980126 0.395833 0.025294 0.347222
