1 0.112027 0.625000 0.033948 0.430000
20 0.174103 0.625000 0.024248 0.330000
3 0.293889 0.615000 0.025218 0.430000
10 0.353540 0.660000 0.024248 0.180000
2 0.495635 0.565000 0.029098 0.370000
9 0.539767 0.680000 0.032008 0.340000
3 0.602328 0.615000 0.032978 0.490000
10 0.677983 0.630000 0.031038 0.260000
20 0.814743 0.420000 0.023278 0.340000
10 0.909311 0.460000 0.028128 0.300000
28 0.023278 0.720000 0.032978 0.300000
25 0.069835 0.685000 0.017459 0.310000
2 0.221145 0.605000 0.027158 0.370000
25 0.255092 0.660000 0.015519 0.300000
1 0.411251 0.595000 0.032978 0.390000
21 0.451988 0.685000 0.015519 0.210000
29 0.762852 0.535000 0.032008 0.570000
4 0.861300 0.300000 0.032978 0.540000
5 0.965082 0.290000 0.032978 0.520000
