2 0.036649 0.662037 0.015707 0.231481
20 0.066754 0.824074 0.016579 0.277778
2 0.123909 0.601852 0.015707 0.259259
20 0.153141 0.810185 0.018325 0.231481
24 0.181937 0.800926 0.023560 0.250000
2 0.203316 0.620370 0.017452 0.240741
10 0.373473 0.736111 0.022688 0.194444
11 0.418412 0.592593 0.013089 0.537037
20 0.532286 0.648148 0.013962 0.203704
24 0.557592 0.648148 0.017452 0.277778
11 0.600349 0.550926 0.012216 0.509259
1 0.638743 0.444444 0.013962 0.222222
20 0.657504 0.592593 0.013089 0.203704
1 0.698517 0.435185 0.013089 0.222222
20 0.719459 0.560185 0.016579 0.212963
1 0.761344 0.384259 0.016579 0.250000
18 0.787522 0.546296 0.020070 0.148148
18 0.851658 0.550926 0.013962 0.101852
18 0.910558 0.518519 0.021815 0.129630
22 0.021379 0.851852 0.023560 0.240741
23 0.104276 0.750000 0.016579 0.370370
18 0.236038 0.861111 0.016579 0.148148
2 0.270942 0.726852 0.020070 0.287037
22 0.299738 0.759259 0.020070 0.222222
23 0.321117 0.648148 0.017452 0.351852
24 0.338133 0.717593 0.020070 0.231481
22 0.442408 0.680556 0.020942 0.231481
20 0.471640 0.703704 0.014834 0.222222
23 0.499564 0.592593 0.018325 0.351852
12 0.575044 0.569444 0.015707 0.472222
22 0.618674 0.629630 0.020942 0.240741
23 0.682373 0.532407 0.015707 0.342593
24 0.743019 0.550926 0.021815 0.268519
22 0.811955 0.578704 0.020070 0.212963
23 0.831588 0.500000 0.017452 0.370370
23 0.870855 0.527778 0.017452 0.333333
24 0.888743 0.560185 0.014834 0.194444
22 0.930628 0.518519 0.018325 0.240741
24 0.948080 0.541667 0.016579 0.231481
12 0.965532 0.444444 0.016579 0.555556
1 0.989965 0.138889 0.020070 0.259259
