18 0.061931 0.482301 0.116576 0.115044
2 0.029144 0.274336 0.032787 0.247788
2 0.032787 0.685841 0.036430 0.256637
6 0.104736 0.287611 0.045537 0.238938
10 0.192168 0.482301 0.049180 0.203540
9 0.292350 0.482301 0.052823 0.221239
1 0.341530 0.327434 0.034608 0.230088
9 0.437158 0.477876 0.051002 0.194690
2 0.478142 0.318584 0.034608 0.194690
9 0.588342 0.473451 0.061931 0.221239
18 0.628415 0.300885 0.032787 0.123894
18 0.710383 0.420354 0.043716 0.115044
20 0.860656 0.402655 0.038251 0.221239
18 0.935337 0.420354 0.085610 0.115044
1 0.926230 0.261062 0.041894 0.221239
1 0.940801 0.610619 0.060109 0.247788
25 0.062842 0.712389 0.020036 0.168142
26 0.068306 0.278761 0.034608 0.256637
6 0.093807 0.707965 0.041894 0.265487
26 0.387978 0.438053 0.040073 0.274336
25 0.535519 0.495575 0.018215 0.159292
0 0.653916 0.261062 0.014572 0.203540
0 0.786885 0.398230 0.029144 0.283186
