19 0.084108 0.539735 0.010989 0.152318
18 0.154269 0.440397 0.017751 0.112583
19 0.221893 0.516556 0.010989 0.172185
15 0.598901 0.433775 0.024514 0.443709
20 0.793322 0.430464 0.017751 0.211921
8 0.826289 0.397351 0.022823 0.251656
10 0.944210 0.397351 0.018597 0.172185
13 0.020287 0.503311 0.028740 0.781457
22 0.062130 0.470199 0.021133 0.198675
23 0.112849 0.420530 0.024514 0.298013
9 0.194421 0.470199 0.030431 0.198675
29 0.252325 0.549669 0.019442 0.397351
26 0.294167 0.496689 0.023669 0.370861
27 0.327980 0.543046 0.037194 0.185430
19 0.353339 0.622517 0.010144 0.145695
28 0.380811 0.516556 0.022823 0.185430
25 0.416737 0.473510 0.013525 0.192053
1 0.459425 0.460265 0.026205 0.258278
19 0.482249 0.562914 0.010989 0.132450
4 0.517329 0.437086 0.038884 0.317881
14 0.551564 0.456954 0.022823 0.596026
21 0.576923 0.552980 0.010989 0.125828
22 0.636095 0.453642 0.026205 0.205298
22 0.758242 0.274834 0.021978 0.165563
23 0.661877 0.298013 0.016906 0.211921
23 0.734996 0.403974 0.019442 0.264901
18 0.701606 0.423841 0.021978 0.105960
25 0.851648 0.413907 0.009298 0.165563
7 0.876162 0.370861 0.019442 0.251656
16 0.905748 0.347682 0.021133 0.337748
2 0.972527 0.360927 0.027895 0.324503
