2 0.074257 0.311111 0.026403 0.222222
20 0.089934 0.527778 0.021452 0.233333
2 0.185644 0.333333 0.024752 0.222222
10 0.245875 0.550000 0.033003 0.211111
20 0.405116 0.522222 0.028053 0.244444
2 0.551980 0.233333 0.034653 0.244444
18 0.602310 0.444444 0.033003 0.111111
2 0.664191 0.494444 0.034653 0.344444
11 0.789604 0.533333 0.028053 0.577778
20 0.892739 0.561111 0.026403 0.211111
22 0.045380 0.538889 0.034653 0.255556
23 0.154290 0.466667 0.031353 0.355556
11 0.336634 0.455556 0.033003 0.622222
22 0.361386 0.527778 0.036304 0.255556
23 0.456271 0.500000 0.031353 0.444444
12 0.501650 0.405556 0.042904 0.544444
22 0.698020 0.583333 0.026403 0.233333
23 0.732673 0.505556 0.033003 0.411111
22 0.834983 0.588889 0.036304 0.266667
23 0.936469 0.516667 0.031353 0.411111
12 0.977723 0.555556 0.041254 0.600000
