2 0.045161 0.580247 0.051613 0.370370
1 0.094624 0.561728 0.047312 0.432099
2 0.263441 0.401235 0.040860 0.259259
18 0.341935 0.629630 0.055914 0.197531
1 0.439785 0.567901 0.058065 0.395062
9 0.502151 0.604938 0.049462 0.296296
1 0.546237 0.364198 0.043011 0.308642
10 0.629032 0.617284 0.045161 0.222222
9 0.803226 0.555556 0.053763 0.296296
2 0.848387 0.370370 0.032258 0.271605
18 0.901075 0.506173 0.047312 0.098765
1 0.092473 0.580247 0.047312 0.419753
4 0.152688 0.555556 0.051613 0.395062
29 0.215054 0.753086 0.047312 0.469136
4 0.737634 0.475309 0.055914 0.407407
0 0.968817 0.512346 0.027957 0.407407
