3 0.058532 0.591398 0.033730 0.408602
3 0.109127 0.580645 0.035714 0.387097
2 0.160714 0.586022 0.047619 0.354839
1 0.301587 0.580645 0.067460 0.408602
18 0.447421 0.580645 0.037698 0.172043
0 0.515873 0.532258 0.031746 0.376344
20 0.579365 0.586022 0.035714 0.290323
2 0.653770 0.532258 0.045635 0.376344
20 0.768849 0.548387 0.029762 0.236559
4 0.836310 0.489247 0.057540 0.354839
10 0.879960 0.553763 0.037698 0.225806
1 0.960317 0.483871 0.059524 0.365591
26 0.219246 0.591398 0.053571 0.365591
29 0.364087 0.725806 0.045635 0.462366
29 0.709325 0.655914 0.045635 0.430108
