2 0.098392 0.464602 0.026490 0.362832
1 0.176916 0.473451 0.041627 0.415929
18 0.392621 0.473451 0.035951 0.168142
1 0.436140 0.398230 0.035951 0.460177
12 0.983917 0.451327 0.017029 0.530973
0 0.031220 0.513274 0.020814 0.247788
0 0.070956 0.464602 0.015137 0.274336
26 0.131031 0.460177 0.029328 0.424779
20 0.233680 0.500000 0.020814 0.327434
2 0.293283 0.491150 0.028382 0.345133
19 0.315516 0.690265 0.014191 0.194690
4 0.347682 0.438053 0.036897 0.433628
21 0.464522 0.526549 0.015137 0.132743
9 0.506623 0.473451 0.044465 0.327434
9 0.614475 0.464602 0.031220 0.256637
13 0.567171 0.451327 0.029328 0.690265
14 0.645695 0.446903 0.023652 0.663717
15 0.697256 0.402655 0.022706 0.557522
16 0.765847 0.438053 0.021760 0.522124
29 0.733207 0.606195 0.028382 0.522124
11 0.809839 0.433628 0.026490 0.548673
11 0.922422 0.407080 0.018921 0.460177
12 0.894513 0.424779 0.021760 0.389381
27 0.855724 0.469027 0.042573 0.300885
28 0.951750 0.460177 0.028382 0.283186
