18 0.0939 0.6269 0.0249 0.0778
19 0.1797 0.6509 0.0089 0.0712
21 0.2345 0.5873 0.0112 0.0679
17 0.2720 0.5463 0.0237 0.1799
18 0.3262 0.5427 0.0232 0.0612
11 0.3938 0.7712 0.0175 0.4197
2 0.4139 0.2071 0.0202 0.1782
1 0.4255 0.8803 0.0187 0.1519
18 0.4463 0.1938 0.0221 0.0970
12 0.4694 0.7508 0.0225 0.3910
20 0.5470 0.1754 0.0197 0.1512
8 0.5931 0.5712 0.0135 0.1459
18 0.6173 0.6383 0.0186 0.0724
20 0.6993 0.3740 0.0202 0.1373
11 0.7820 0.3768 0.0172 0.2357
17 0.8199 0.3787 0.0254 0.2089
18 0.8704 0.3123 0.0228 0.0625
2 0.9087 0.3111 0.0215 0.1950
1 0.9750 0.2708 0.0188 0.1789
