1 0.102305 0.365672 0.031700 0.253731
18 0.151297 0.552239 0.048991 0.089552
1 0.275216 0.283582 0.037464 0.268657
10 0.355908 0.567164 0.043228 0.268657
11 0.442363 0.507463 0.037464 0.447761
18 0.536023 0.529851 0.040346 0.164179
23 0.599424 0.514925 0.040346 0.432836
11 0.706052 0.462687 0.034582 0.567164
12 0.902017 0.402985 0.051873 0.507463
22 0.054755 0.574627 0.057637 0.283582
22 0.484150 0.567164 0.046110 0.238806
23 0.221902 0.477612 0.046110 0.447761
12 0.642651 0.470149 0.046110 0.582090
22 0.749280 0.544776 0.046110 0.283582
20 0.789625 0.507463 0.034582 0.238806
23 0.844380 0.447761 0.046110 0.477612
