6 0.048055 0.444444 0.059497 0.419753
9 0.137300 0.518519 0.068650 0.271605
2 0.192220 0.370370 0.045767 0.246914
1 0.394737 0.500000 0.061785 0.456790
3 0.532037 0.364198 0.029748 0.308642
20 0.612128 0.530864 0.043478 0.271605
10 0.869565 0.629630 0.041190 0.172840
17 0.957666 0.487654 0.048055 0.382716
18 0.307780 0.555556 0.048055 0.172840
29 0.483982 0.666667 0.061785 0.518519
4 0.673913 0.469136 0.066362 0.395062
29 0.737986 0.679012 0.052632 0.493827
5 0.802059 0.425926 0.043478 0.333333
