11 0.027516 0.504348 0.029874 0.452174
9 0.067610 0.526087 0.047170 0.234783
18 0.126572 0.486957 0.033019 0.086957
12 0.225629 0.452174 0.033019 0.382609
1 0.264151 0.304348 0.037736 0.226087
20 0.303459 0.286957 0.028302 0.191304
10 0.432390 0.569565 0.047170 0.200000
18 0.573113 0.465217 0.036164 0.113043
12 0.643082 0.430435 0.034591 0.391304
20 0.839623 0.386957 0.031447 0.217391
29 0.179245 0.595652 0.044025 0.443478
29 0.356132 0.334783 0.039308 0.304348
11 0.492925 0.473913 0.036164 0.460870
29 0.522799 0.591304 0.036164 0.365217
0 0.617138 0.417391 0.023585 0.278261
15 0.697327 0.404348 0.045597 0.408696
27 0.768868 0.413043 0.069182 0.200000
28 0.906447 0.382609 0.061321 0.208696
16 0.963836 0.321739 0.047170 0.434783
