1 0.033333 0.476351 0.031884 0.277027
1 0.324155 0.702703 0.043478 0.229730
2 0.320773 0.354730 0.030918 0.304054
21 0.648792 0.662162 0.012560 0.135135
21 0.846377 0.699324 0.011594 0.128378
3 0.883092 0.638514 0.025121 0.263514
10 0.933816 0.662162 0.020290 0.148649
19 0.061836 0.597973 0.015459 0.141892
4 0.082126 0.439189 0.032850 0.310811
5 0.119324 0.449324 0.037681 0.304054
6 0.168116 0.452703 0.027053 0.243243
26 0.202899 0.500000 0.030918 0.378378
1 0.237681 0.483108 0.042512 0.304054
25 0.283092 0.516892 0.017391 0.182432
18 0.324155 0.540541 0.057005 0.108108
26 0.393720 0.527027 0.033816 0.405405
1 0.445894 0.523649 0.035749 0.277027
25 0.477778 0.540541 0.014493 0.202703
2 0.517391 0.540541 0.026087 0.256757
21 0.540097 0.618243 0.011594 0.101351
9 0.581159 0.594595 0.031884 0.216216
28 0.616425 0.412162 0.019324 0.162162
2 0.689372 0.625000 0.026087 0.236486
26 0.733333 0.618243 0.027053 0.263514
5 0.768116 0.614865 0.023188 0.243243
29 0.807246 0.736486 0.024155 0.351351
17 0.966667 0.597973 0.031884 0.290541
