18 0.238226 0.453586 0.428258 0.139241
4 0.102410 0.647679 0.036145 0.113924
1 0.207010 0.719409 0.041621 0.181435
4 0.222892 0.135021 0.029573 0.135021
18 0.277656 0.217300 0.029573 0.054852
20 0.307777 0.727848 0.024096 0.156118
2 0.329135 0.215190 0.033954 0.194093
9 0.371303 0.251055 0.039430 0.122363
4 0.421139 0.139241 0.036145 0.160338
10 0.518620 0.462025 0.036145 0.139241
2 0.608434 0.402954 0.033954 0.223629
1 0.698795 0.398734 0.050383 0.240506
20 0.886090 0.396624 0.026287 0.143460
29 0.067360 0.782700 0.033954 0.240506
5 0.058598 0.248945 0.029573 0.168776
17 0.090361 0.248945 0.027382 0.143460
2 0.126506 0.246835 0.033954 0.139241
29 0.177985 0.291139 0.033954 0.185654
18 0.156627 0.713080 0.028478 0.075949
29 0.245345 0.799578 0.032859 0.248945
5 0.353779 0.698312 0.037240 0.172996
26 0.647317 0.409283 0.037240 0.227848
25 0.771632 0.428270 0.023001 0.130802
5 0.822015 0.373418 0.038335 0.206751
4 0.962760 0.356540 0.063527 0.215190
