11 0.0352 0.7259 0.0243 0.4023
18 0.2544 0.4306 0.4252 0.1223
1 0.0547 0.8332 0.0202 0.1590
15 0.0736 0.1715 0.0245 0.2349
0 0.0720 0.1652 0.0203 0.2049
18 0.1697 0.5873 0.0201 0.0571
18 0.1759 0.1934 0.0221 0.0526
3 0.2468 0.7497 0.0181 0.1862
16 0.2616 0.1665 0.0182 0.2118
18 0.3847 0.7785 0.0230 0.0651
14 0.4578 0.1690 0.0173 0.2517
7 0.5743 0.3866 0.0237 0.1681
10 0.6184 0.4154 0.0240 0.0905
15 0.6696 0.4026 0.0240 0.2728
1 0.7069 0.3868 0.0211 0.1523
1 0.8115 0.3980 0.0233 0.1491
12 0.8768 0.4155 0.0187 0.2166
19 0.9060 0.4198 0.0104 0.0468
