18 0.127951 0.349315 0.254013 0.063014
2 0.033050 0.216438 0.022663 0.120548
2 0.087347 0.483562 0.025496 0.090411
6 0.086874 0.095890 0.020774 0.082192
1 0.125590 0.095890 0.026440 0.087671
18 0.168083 0.149315 0.018886 0.035616
5 0.216242 0.147945 0.022663 0.115068
18 0.517941 0.369863 0.295562 0.065753
18 0.505194 0.209589 0.234183 0.057534
2 0.428234 0.283562 0.023607 0.084932
18 0.533050 0.620548 0.184136 0.046575
1 0.484419 0.146575 0.026440 0.073973
1 0.479698 0.256164 0.015109 0.052055
2 0.484419 0.694521 0.024551 0.084932
18 0.541076 0.771233 0.134089 0.052055
0 0.489141 0.046575 0.011331 0.060274
19 0.490085 0.046575 0.011331 0.060274
20 0.513220 0.284932 0.019830 0.060274
21 0.514636 0.105479 0.011331 0.035616
0 0.542021 0.286301 0.011331 0.073973
18 0.569877 0.283562 0.017941 0.030137
1 0.580264 0.058904 0.025496 0.068493
10 0.720491 0.368493 0.033994 0.068493
0 0.797923 0.352055 0.016997 0.112329
1 0.827668 0.347945 0.031161 0.136986
19 0.882436 0.397260 0.016053 0.065753
2 0.914070 0.360274 0.022663 0.084932
19 0.943815 0.383562 0.008499 0.038356
29 0.065628 0.169863 0.017941 0.098630
9 0.057602 0.563014 0.035883 0.095890
18 0.115203 0.475342 0.015109 0.030137
1 0.137866 0.475342 0.024551 0.079452
29 0.173749 0.498630 0.024551 0.104110
10 0.299339 0.369863 0.028329 0.071233
18 0.487252 0.095890 0.033994 0.032877
9 0.550047 0.110959 0.036827 0.073973
9 0.459396 0.293151 0.029273 0.071233
29 0.597262 0.306849 0.029273 0.093151
0 0.521246 0.443836 0.016997 0.098630
18 0.525968 0.500000 0.071766 0.041096
27 0.531161 0.567123 0.053824 0.065753
26 0.511331 0.702740 0.025496 0.090411
29 0.542493 0.871233 0.033050 0.147945
1 0.533994 0.706849 0.029273 0.098630
25 0.561379 0.709589 0.012276 0.071233
3 0.587347 0.705479 0.028329 0.095890
7 0.858829 0.345205 0.021719 0.126027
29 0.972616 0.387671 0.032106 0.145205
