11 0.033514 0.512500 0.027174 0.600000
20 0.098732 0.556250 0.030797 0.237500
10 0.237319 0.593750 0.028986 0.212500
2 0.374094 0.456250 0.038043 0.262500
2 0.497283 0.562500 0.038043 0.325000
1 0.576087 0.468750 0.021739 0.237500
20 0.671196 0.662500 0.023551 0.225000
2 0.730978 0.587500 0.034420 0.350000
1 0.834239 0.462500 0.023551 0.250000
22 0.057971 0.550000 0.028986 0.250000
23 0.136775 0.512500 0.027174 0.375000
22 0.330616 0.631250 0.034420 0.262500
20 0.431159 0.681250 0.025362 0.262500
2 0.194746 0.362500 0.027174 0.250000
12 0.166667 0.493750 0.025362 0.462500
22 0.543478 0.625000 0.032609 0.225000
23 0.615942 0.537500 0.032609 0.400000
22 0.760870 0.675000 0.032609 0.200000
23 0.802536 0.593750 0.028986 0.387500
20 0.883152 0.650000 0.023551 0.250000
23 0.926630 0.606250 0.034420 0.437500
2 0.966486 0.431250 0.038043 0.387500
