19 0.056462 0.535912 0.015056 0.132597
8 0.094730 0.458564 0.026349 0.187845
2 0.283563 0.428177 0.035132 0.182320
19 0.310540 0.513812 0.013802 0.110497
19 0.383940 0.488950 0.012547 0.071823
21 0.383940 0.488950 0.012547 0.071823
18 0.537014 0.511050 0.271016 0.138122
9 0.455458 0.756906 0.042660 0.198895
8 0.494981 0.140884 0.021330 0.182320
2 0.501882 0.662983 0.030113 0.143646
1 0.578419 0.720994 0.037641 0.193370
1 0.597240 0.234807 0.037641 0.226519
4 0.641154 0.720994 0.037641 0.237569
18 0.793601 0.483425 0.036386 0.082873
1 0.849435 0.441989 0.045169 0.220994
10 0.914053 0.477901 0.043915 0.127072
17 0.976788 0.417127 0.031368 0.248619
6 0.030740 0.469613 0.036386 0.154696
7 0.131117 0.461326 0.028858 0.193370
6 0.176286 0.447514 0.036386 0.165746
25 0.227102 0.469613 0.017566 0.132597
4 0.346299 0.447514 0.042660 0.232044
29 0.449812 0.301105 0.036386 0.270718
18 0.543915 0.256906 0.026349 0.082873
29 0.639900 0.314917 0.035132 0.254144
18 0.543915 0.729282 0.023839 0.088398
19 0.603513 0.837017 0.017566 0.116022
27 0.717691 0.502762 0.042660 0.132597
