18 0.164077 0.544872 0.311700 0.185897
2 0.048903 0.782051 0.035649 0.179487
1 0.058958 0.423077 0.033821 0.198718
2 0.105576 0.394231 0.026508 0.179487
19 0.106490 0.838141 0.019196 0.086538
0 0.141682 0.358974 0.014625 0.173077
1 0.146252 0.741987 0.034735 0.176282
18 0.234004 0.740385 0.023766 0.064103
10 0.364260 0.483974 0.028336 0.076923
1 0.440585 0.427885 0.036563 0.182692
21 0.477148 0.464744 0.009141 0.044872
9 0.515996 0.429487 0.033821 0.108974
2 0.543419 0.323718 0.022852 0.102564
0 0.598263 0.320513 0.011883 0.102564
2 0.649452 0.306090 0.021024 0.137821
18 0.724406 0.378205 0.028336 0.051282
11 0.775137 0.373397 0.027422 0.375000
18 0.813985 0.357372 0.064899 0.067308
1 0.808958 0.498397 0.038391 0.150641
12 0.853748 0.376603 0.023766 0.375000
3 0.909506 0.084936 0.018282 0.080128
20 0.935558 0.139423 0.017367 0.073718
4 0.970750 0.131410 0.034735 0.147436
1 0.080896 0.767628 0.031993 0.163462
9 0.187843 0.753205 0.042962 0.108974
29 0.271024 0.788462 0.031993 0.224359
20 0.568556 0.328526 0.021938 0.067308
26 0.622943 0.302885 0.021024 0.131410
0 0.813528 0.245192 0.016453 0.105769
9 0.886197 0.150641 0.026508 0.089744
