1 0.076352 0.397810 0.040297 0.343066
20 0.175504 0.427007 0.030753 0.226277
15 0.325027 0.350365 0.026511 0.437956
2 0.368505 0.375912 0.032874 0.328467
2 0.439024 0.277372 0.019088 0.218978
18 0.479852 0.401460 0.028632 0.116788
0 0.855779 0.273723 0.016967 0.343066
10 0.907211 0.317518 0.024390 0.153285
17 0.956522 0.244526 0.031813 0.313869
13 0.034995 0.474453 0.025451 0.656934
9 0.119830 0.445255 0.036055 0.218978
4 0.235949 0.343066 0.043478 0.335766
14 0.279427 0.379562 0.028632 0.525547
29 0.407211 0.496350 0.029692 0.321168
4 0.531813 0.390511 0.034995 0.284672
16 0.560976 0.346715 0.029692 0.474453
21 0.610817 0.375912 0.019088 0.124088
5 0.652174 0.277372 0.029692 0.350365
26 0.683987 0.281022 0.027572 0.401460
5 0.719512 0.313869 0.026511 0.321168
29 0.762460 0.445255 0.031813 0.364964
20 0.815483 0.339416 0.025451 0.197080
