17 0.0499 0.8073 0.0225 0.1959
18 0.0699 0.2197 0.0477 0.0521
8 0.1095 0.7963 0.0233 0.2102
20 0.1259 0.2160 0.0175 0.1400
19 0.1439 0.7962 0.0184 0.0726
2 0.1710 0.2026 0.0281 0.1969
8 0.1798 0.7831 0.0250 0.1846
1 0.2298 0.2003 0.0475 0.2334
10 0.3738 0.4495 0.0275 0.1397
1 0.4581 0.2563 0.0216 0.2002
20 0.4968 0.3902 0.0165 0.1336
18 0.6242 0.4113 0.0216 0.0538
18 0.7473 0.4244 0.1917 0.1281
2 0.6693 0.6756 0.0184 0.1713
2 0.6708 0.2687 0.0206 0.1473
4 0.6708 0.2687 0.0206 0.1473
1 0.6701 0.6753 0.0186 0.1629
19 0.6867 0.6932 0.0088 0.1044
18 0.7413 0.2482 0.0135 0.0562
1 0.7658 0.2170 0.0186 0.1617
18 0.7775 0.6362 0.0197 0.0627
20 0.8665 0.4033 0.0161 0.1214
1 0.9309 0.3613 0.0152 0.2555
