2 0.051331 0.537500 0.053232 0.425000
19 0.088403 0.737500 0.017110 0.225000
3 0.140684 0.531250 0.041825 0.387500
20 0.281369 0.587500 0.030418 0.325000
19 0.430608 0.668750 0.024715 0.237500
10 0.643536 0.468750 0.032319 0.212500
1 0.857414 0.343750 0.064639 0.362500
1 0.960076 0.306250 0.038023 0.237500
29 0.197719 0.750000 0.041825 0.500000
4 0.374525 0.481250 0.060837 0.437500
5 0.476236 0.437500 0.047529 0.450000
9 0.560837 0.487500 0.076046 0.325000
4 0.723384 0.356250 0.051331 0.387500
25 0.782319 0.425000 0.024715 0.300000
9 0.917300 0.443750 0.058935 0.337500
