1 0.140820 0.522472 0.032086 0.258427
20 0.414439 0.623596 0.040998 0.258427
18 0.747772 0.511236 0.037433 0.123596
10 0.877897 0.500000 0.040998 0.213483
27 0.070410 0.691011 0.076649 0.280899
20 0.191622 0.651685 0.033868 0.269663
27 0.295009 0.640449 0.073084 0.247191
6 0.349376 0.398876 0.035651 0.258427
7 0.502674 0.494382 0.039216 0.404494
4 0.553476 0.483146 0.048128 0.426966
27 0.626560 0.556180 0.065954 0.235955
8 0.676471 0.280899 0.030303 0.314607
8 0.810160 0.426966 0.030303 0.359551
28 0.951872 0.488764 0.042781 0.258427
