11 0.056088 0.560185 0.027360 0.638889
18 0.164159 0.555556 0.041040 0.148148
1 0.313269 0.236111 0.030096 0.268519
10 0.383037 0.518519 0.046512 0.259259
1 0.551300 0.314815 0.024624 0.259259
18 0.613543 0.453704 0.036936 0.092593
1 0.694254 0.370370 0.075239 0.518519
20 0.870041 0.388889 0.032832 0.240741
1 0.972640 0.226852 0.041040 0.342593
22 0.083447 0.634259 0.054720 0.324074
23 0.212038 0.500000 0.054720 0.500000
12 0.270862 0.439815 0.038304 0.583333
22 0.501368 0.467593 0.045144 0.361111
22 0.753762 0.425926 0.046512 0.277778
23 0.805746 0.282407 0.046512 0.509259
23 0.917921 0.361111 0.041040 0.500000
