1 0.055672 0.568182 0.056723 0.318182
9 0.125000 0.579545 0.056723 0.272727
1 0.200630 0.340909 0.035714 0.250000
2 0.360294 0.522727 0.048319 0.340909
20 0.590336 0.545455 0.037815 0.227273
5 0.817227 0.244318 0.033613 0.329545
10 0.870798 0.545455 0.048319 0.204545
0 0.173319 0.380682 0.014706 0.215909
20 0.272059 0.522727 0.039916 0.272727
0 0.788866 0.284091 0.023109 0.250000
6 0.954832 0.448864 0.065126 0.375000
29 0.429622 0.687500 0.048319 0.443182
4 0.514706 0.318182 0.037815 0.295455
0 0.478992 0.409091 0.021008 0.227273
5 0.662815 0.465909 0.044118 0.386364
29 0.740546 0.613636 0.048319 0.477273
