11 0.027115 0.445783 0.041215 0.578313
18 0.177874 0.493976 0.039046 0.120482
12 0.347072 0.457831 0.039046 0.506024
11 0.458785 0.475904 0.028200 0.493976
18 0.662690 0.584337 0.036876 0.156627
9 0.720174 0.602410 0.052061 0.313253
12 0.778742 0.560241 0.034707 0.518072
10 0.848156 0.656627 0.039046 0.253012
17 0.942516 0.536145 0.045553 0.373494
27 0.088937 0.518072 0.091106 0.240964
28 0.263557 0.512048 0.058568 0.253012
4 0.405640 0.289157 0.047722 0.265060
1 0.530369 0.554217 0.062907 0.361446
29 0.587852 0.710843 0.043384 0.481928
