4 0.031732 0.572368 0.027199 0.214912
18 0.154578 0.546053 0.019039 0.039474
18 0.368994 0.462719 0.389846 0.267544
2 0.201269 0.331140 0.025385 0.171053
1 0.230734 0.315789 0.033545 0.219298
1 0.228921 0.765351 0.028105 0.171053
2 0.265186 0.732456 0.024479 0.166667
19 0.280598 0.361842 0.011786 0.118421
18 0.374887 0.701754 0.022665 0.061404
2 0.399819 0.258772 0.025385 0.184211
18 0.435177 0.243421 0.021759 0.083333
1 0.534451 0.236842 0.037171 0.184211
2 0.677244 0.320175 0.030825 0.192982
1 0.736627 0.328947 0.031732 0.175439
4 0.818676 0.274123 0.032638 0.197368
25 0.058477 0.587719 0.013599 0.149123
4 0.102448 0.550439 0.030825 0.214912
0 0.265639 0.263158 0.014506 0.219298
9 0.320036 0.315789 0.041704 0.140351
0 0.206256 0.771930 0.015413 0.166667
29 0.300544 0.809211 0.026292 0.232456
29 0.327289 0.640351 0.018132 0.140351
26 0.357661 0.265351 0.026292 0.250000
4 0.472348 0.223684 0.032638 0.175439
25 0.499093 0.245614 0.013599 0.149123
4 0.423391 0.675439 0.030825 0.201754
27 0.464189 0.677632 0.039891 0.118421
18 0.499093 0.660088 0.019039 0.065789
28 0.539438 0.664474 0.032638 0.127193
10 0.618767 0.399123 0.028105 0.131579
26 0.709429 0.339912 0.019039 0.162281
26 0.789665 0.293860 0.021759 0.175439
26 0.860381 0.258772 0.019946 0.175439
5 0.892566 0.223684 0.024479 0.175439
26 0.936537 0.192982 0.019946 0.184211
6 0.973255 0.186404 0.031732 0.179825
