17 0.674538 0.426667 0.043121 0.453333
1 0.798768 0.233333 0.065708 0.333333
10 0.874743 0.433333 0.041068 0.280000
1 0.948665 0.320000 0.073922 0.506667
0 0.037988 0.740000 0.030801 0.493333
1 0.090349 0.700000 0.057495 0.466667
2 0.172485 0.700000 0.053388 0.440000
3 0.265914 0.620000 0.043121 0.386667
4 0.356263 0.573333 0.063655 0.453333
5 0.418891 0.546667 0.049281 0.453333
6 0.495893 0.526667 0.067762 0.413333
7 0.562628 0.520000 0.041068 0.453333
8 0.619097 0.486667 0.043121 0.466667
28 0.742300 0.486667 0.051335 0.253333
