18 0.050647 0.432203 0.099138 0.152542
5 0.039871 0.690678 0.034483 0.330508
2 0.072198 0.156780 0.032328 0.296610
2 0.072198 0.152542 0.032328 0.288136
10 0.142241 0.483051 0.023707 0.203390
2 0.226832 0.377119 0.029095 0.364407
4 0.625000 0.385593 0.038793 0.415254
1 0.696659 0.385593 0.029095 0.347458
15 0.731681 0.406780 0.021552 0.457627
18 0.811961 0.402542 0.022629 0.110169
10 0.927802 0.500000 0.025862 0.152542
1 0.038793 0.250000 0.032328 0.296610
26 0.254849 0.423729 0.018319 0.372881
1 0.293103 0.402542 0.036638 0.279661
25 0.334591 0.461864 0.016164 0.262712
8 0.371767 0.440678 0.025862 0.322034
13 0.436961 0.478814 0.029095 0.618644
2 0.485453 0.423729 0.031250 0.322034
25 0.522629 0.449153 0.021552 0.254237
6 0.558728 0.406780 0.033405 0.338983
19 0.593211 0.572034 0.016164 0.161017
21 0.655711 0.512712 0.016164 0.144068
9 0.767780 0.406780 0.033405 0.305085
29 0.843750 0.487288 0.028017 0.466102
16 0.880927 0.461864 0.026940 0.381356
1 0.982220 0.415254 0.035560 0.355932
