19 0.058387 0.743506 0.011121 0.149351
4 0.189991 0.425325 0.027804 0.227273
18 0.243744 0.555195 0.016682 0.071429
19 0.375348 0.652597 0.012975 0.149351
6 0.507878 0.428571 0.020389 0.181818
21 0.630213 0.568182 0.009268 0.084416
1 0.778035 0.470779 0.036145 0.279221
10 0.887859 0.490260 0.027804 0.149351
8 0.032437 0.607143 0.024096 0.318182
4 0.096849 0.558442 0.037998 0.272727
29 0.148749 0.685065 0.025023 0.396104
13 0.302595 0.581169 0.032437 0.590909
4 0.353105 0.532468 0.025950 0.272727
5 0.403614 0.519481 0.023170 0.259740
21 0.439296 0.600649 0.012975 0.097403
29 0.477757 0.652597 0.025023 0.370130
21 0.539852 0.581169 0.013902 0.149351
27 0.585264 0.548701 0.045412 0.188312
28 0.673309 0.525974 0.030584 0.168831
8 0.708063 0.324675 0.018536 0.194805
26 0.737720 0.483766 0.027804 0.344156
14 0.829008 0.431818 0.023170 0.474026
15 0.927711 0.444805 0.029657 0.357143
16 0.984245 0.399351 0.027804 0.344156
4 0.958758 0.431818 0.023170 0.240260
