8 0.091328 0.556738 0.023985 0.290780
19 0.268911 0.684397 0.010148 0.177305
7 0.440498 0.343972 0.021218 0.219858
2 0.526292 0.514184 0.032288 0.333333
8 0.628690 0.475177 0.023063 0.354610
20 0.681734 0.489362 0.020295 0.241135
7 0.722325 0.471631 0.025830 0.347518
10 0.772140 0.507092 0.027675 0.177305
7 0.866236 0.429078 0.025830 0.304965
19 0.892528 0.606383 0.011993 0.134752
4 0.039207 0.563830 0.028598 0.304965
19 0.058579 0.726950 0.011993 0.163121
21 0.127306 0.613475 0.012915 0.120567
4 0.183579 0.531915 0.031365 0.241135
19 0.203875 0.666667 0.012915 0.141844
6 0.237546 0.524823 0.034133 0.255319
7 0.298432 0.507092 0.026753 0.290780
21 0.343635 0.599291 0.015683 0.120567
29 0.404520 0.638298 0.026753 0.397163
26 0.482472 0.507092 0.031365 0.375887
25 0.576568 0.485816 0.012915 0.234043
13 0.825646 0.450355 0.033210 0.602837
7 0.922048 0.418440 0.026753 0.326241
14 0.960332 0.404255 0.036900 0.709220
