9 0.168796 0.335052 0.049270 0.216495
20 0.205292 0.314433 0.031022 0.195876
1 0.418796 0.505155 0.052920 0.371134
20 0.554745 0.525773 0.029197 0.185567
2 0.671533 0.345361 0.029197 0.257732
18 0.726277 0.474227 0.036496 0.123711
10 0.864964 0.536082 0.054745 0.206186
17 0.940693 0.494845 0.038321 0.247423
27 0.082117 0.515464 0.080292 0.268041
29 0.249088 0.360825 0.045620 0.350515
18 0.329380 0.505155 0.041971 0.144330
29 0.485401 0.608247 0.047445 0.391753
29 0.625912 0.623711 0.040146 0.422680
24 0.785584 0.541237 0.049270 0.257732
