2 0.089464 0.377660 0.017257 0.287234
18 0.119437 0.500000 0.024523 0.127660
20 0.197094 0.531915 0.021798 0.212766
18 0.262943 0.494681 0.017257 0.117021
20 0.335150 0.542553 0.019982 0.276596
16 0.393279 0.521277 0.019982 0.489362
2 0.452770 0.531915 0.026340 0.425532
26 0.475477 0.526596 0.020890 0.500000
10 0.536331 0.606383 0.024523 0.212766
4 0.623524 0.255319 0.022707 0.340426
18 0.645777 0.563830 0.023615 0.148936
8 0.724796 0.281915 0.016349 0.287234
18 0.753860 0.563830 0.016349 0.106383
2 0.786104 0.457447 0.020890 0.361702
1 0.808356 0.452128 0.021798 0.351064
15 0.023615 0.500000 0.023615 0.638298
9 0.061308 0.574468 0.029973 0.297872
27 0.160763 0.531915 0.036331 0.212766
28 0.225250 0.531915 0.027248 0.255319
4 0.304269 0.484043 0.027248 0.393617
8 0.372389 0.494681 0.019982 0.393617
25 0.421889 0.526596 0.013624 0.308511
5 0.497275 0.526596 0.019074 0.351064
27 0.594460 0.595745 0.035422 0.255319
27 0.695277 0.590426 0.029973 0.202128
0 0.832425 0.452128 0.009991 0.351064
13 0.864214 0.537234 0.022707 0.670213
9 0.896912 0.500000 0.031789 0.297872
14 0.920073 0.558511 0.018165 0.734043
21 0.942779 0.542553 0.012716 0.148936
2 0.971844 0.452128 0.032698 0.436170
