18 0.149826 0.486111 0.296167 0.083333
11 0.037456 0.244444 0.026132 0.255556
1 0.068815 0.683333 0.050523 0.166667
9 0.066202 0.280556 0.048780 0.127778
18 0.115854 0.255556 0.029617 0.055556
12 0.196864 0.233333 0.027875 0.222222
2 0.236934 0.147222 0.034843 0.138889
2 0.243902 0.633333 0.034843 0.144444
18 0.405923 0.477778 0.045296 0.088889
18 0.633275 0.472222 0.357143 0.077778
2 0.499129 0.275000 0.043554 0.172222
1 0.552265 0.252778 0.048780 0.227778
1 0.567944 0.583333 0.041812 0.144444
0 0.594077 0.255556 0.020906 0.233333
18 0.615854 0.677778 0.036585 0.055556
19 0.616725 0.344444 0.017422 0.088889
2 0.668118 0.255556 0.047038 0.200000
1 0.682056 0.675000 0.047038 0.216667
10 0.880662 0.488889 0.050523 0.166667
0 0.114983 0.669444 0.027875 0.172222
6 0.152439 0.666667 0.050523 0.166667
29 0.203833 0.763889 0.048780 0.250000
29 0.165505 0.302778 0.034843 0.227778
27 0.740418 0.286111 0.073171 0.127778
27 0.520035 0.705556 0.064460 0.133333
29 0.736063 0.761111 0.050523 0.266667
24 0.972125 0.488889 0.055749 0.188889
