21 0.118971 0.592000 0.012862 0.112000
1 0.294212 0.256000 0.048232 0.224000
18 0.353698 0.464000 0.048232 0.096000
19 0.488746 0.656000 0.022508 0.256000
20 0.624598 0.488000 0.036977 0.192000
1 0.780547 0.512000 0.053055 0.320000
10 0.859325 0.540000 0.049839 0.216000
27 0.059486 0.608000 0.067524 0.208000
28 0.235531 0.520000 0.065916 0.192000
6 0.172026 0.468000 0.048232 0.296000
2 0.444534 0.500000 0.049839 0.296000
6 0.553859 0.484000 0.075563 0.280000
6 0.700161 0.464000 0.053055 0.304000
26 0.729100 0.508000 0.040193 0.376000
6 0.956592 0.476000 0.051447 0.328000
