12 0.041459 0.511628 0.029851 0.651163
11 0.042289 0.517442 0.028192 0.546512
1 0.090381 0.500000 0.044776 0.395349
19 0.133499 0.476744 0.018242 0.302326
1 0.276119 0.296512 0.028192 0.197674
20 0.331675 0.500000 0.029851 0.232558
2 0.721393 0.325581 0.023217 0.232558
20 0.765340 0.488372 0.028192 0.232558
8 0.821725 0.430233 0.034826 0.395349
12 0.867330 0.453488 0.036484 0.558140
10 0.904643 0.534884 0.031509 0.232558
6 0.176617 0.465116 0.041459 0.325581
29 0.232172 0.622093 0.036484 0.453488
4 0.394693 0.436047 0.049751 0.337209
12 0.446103 0.406977 0.039801 0.581395
11 0.491708 0.395349 0.028192 0.558140
0 0.531509 0.453488 0.018242 0.325581
8 0.558043 0.441860 0.024876 0.325581
19 0.584577 0.598837 0.018242 0.127907
6 0.628524 0.447674 0.043118 0.313953
29 0.681592 0.627907 0.036484 0.488372
8 0.946103 0.453488 0.031509 0.395349
