20 0.205205 0.509259 0.028028 0.216049
10 0.488488 0.512346 0.032032 0.172840
2 0.714214 0.410494 0.031031 0.265432
0 0.813814 0.410494 0.014014 0.203704
1 0.848348 0.404321 0.035035 0.290123
27 0.049049 0.546296 0.050050 0.179012
26 0.107608 0.487654 0.033033 0.283951
1 0.140641 0.496914 0.041041 0.277778
2 0.261762 0.493827 0.025025 0.259259
19 0.284284 0.626543 0.016016 0.129630
4 0.319319 0.450617 0.024024 0.308642
25 0.356356 0.515432 0.014014 0.166667
29 0.413914 0.570988 0.029029 0.339506
5 0.554555 0.354938 0.026026 0.290123
19 0.575576 0.512346 0.018018 0.148148
4 0.617117 0.354938 0.047047 0.314815
26 0.650651 0.376543 0.032032 0.308642
25 0.760761 0.466049 0.020020 0.166667
3 0.883884 0.376543 0.026026 0.246914
4 0.955956 0.345679 0.036036 0.320988
19 0.918919 0.484568 0.016016 0.166667
