20 0.094930 0.804878 0.020875 0.317073
20 0.173459 0.768293 0.018887 0.292683
1 0.275348 0.359756 0.017893 0.304878
10 0.314115 0.725610 0.027833 0.256098
1 0.401093 0.432927 0.018887 0.280488
20 0.425944 0.689024 0.020875 0.304878
1 0.586978 0.426829 0.022863 0.292683
20 0.867296 0.347561 0.022863 0.353659
11 0.024354 0.689024 0.020875 0.621951
22 0.057157 0.835366 0.026839 0.329268
23 0.137177 0.670732 0.023857 0.536585
24 0.214215 0.768293 0.024851 0.390244
12 0.245030 0.628049 0.020875 0.670732
22 0.374254 0.682927 0.028827 0.390244
23 0.464215 0.560976 0.023857 0.536585
1 0.489066 0.384146 0.017893 0.280488
20 0.523360 0.628049 0.020875 0.304878
24 0.559145 0.597561 0.022863 0.341463
20 0.623260 0.518293 0.021869 0.304878
1 0.665507 0.432927 0.030815 0.402439
22 0.690855 0.506098 0.021869 0.280488
23 0.713718 0.390244 0.017893 0.536585
20 0.743539 0.481707 0.021869 0.304878
1 0.780815 0.378049 0.028827 0.439024
23 0.809642 0.365854 0.018887 0.463415
24 0.830020 0.420732 0.019881 0.280488
1 0.906561 0.317073 0.033797 0.487805
22 0.940358 0.396341 0.025845 0.304878
24 0.974155 0.396341 0.031809 0.304878
