11 0.027197 0.514706 0.033473 0.688235
18 0.071130 0.511765 0.081590 0.141176
1 0.065377 0.729412 0.038703 0.270588
2 0.162657 0.200000 0.024059 0.176471
2 0.360879 0.470588 0.027197 0.223529
19 0.385983 0.544118 0.010460 0.135294
1 0.417364 0.450000 0.027197 0.252941
20 0.704498 0.411765 0.019874 0.141176
2 0.747908 0.394118 0.020921 0.176471
1 0.810146 0.388235 0.038703 0.223529
19 0.836820 0.473529 0.010460 0.123529
10 0.908996 0.405882 0.027197 0.117647
2 0.961820 0.379412 0.024059 0.217647
12 0.123431 0.526471 0.039749 0.605882
29 0.070607 0.341176 0.034519 0.211765
18 0.189854 0.211765 0.021967 0.082353
29 0.227510 0.273529 0.030335 0.276471
20 0.301778 0.508824 0.024059 0.194118
29 0.457113 0.514706 0.033473 0.241176
6 0.492155 0.326471 0.028243 0.182353
18 0.532427 0.479412 0.025105 0.088235
27 0.581590 0.435294 0.039749 0.129412
26 0.624477 0.426471 0.025105 0.217647
28 0.661088 0.429412 0.029289 0.152941
25 0.771444 0.417647 0.013598 0.129412
4 0.867678 0.361765 0.032427 0.217647
