18 0.209544 0.492908 0.414938 0.120567
0 0.063278 0.748227 0.026971 0.177305
4 0.105809 0.737589 0.049793 0.212766
19 0.142116 0.847518 0.022822 0.148936
0 0.158714 0.226950 0.022822 0.184397
1 0.202282 0.219858 0.056017 0.212766
8 0.196058 0.744681 0.039419 0.269504
19 0.264523 0.329787 0.026971 0.163121
3 0.337137 0.248227 0.051867 0.241135
10 0.507261 0.521277 0.068465 0.177305
1 0.790456 0.404255 0.045643 0.212766
18 0.089212 0.244681 0.045643 0.078014
1 0.651452 0.425532 0.066390 0.241135
21 0.721992 0.485816 0.029046 0.120567
29 0.857884 0.521277 0.047718 0.361702
10 0.920124 0.432624 0.047718 0.156028
17 0.964730 0.393617 0.041494 0.276596
