2 0.065891 0.573034 0.058140 0.382022
19 0.106589 0.730337 0.023256 0.224719
1 0.159884 0.550562 0.063953 0.382022
9 0.247093 0.578652 0.052326 0.280899
20 0.306202 0.528090 0.042636 0.224719
4 0.388566 0.432584 0.056202 0.348315
2 0.469961 0.483146 0.048450 0.337079
10 0.653101 0.516854 0.038760 0.224719
9 0.794574 0.426966 0.050388 0.292135
2 0.916667 0.370787 0.042636 0.426966
19 0.431202 0.617978 0.025194 0.179775
29 0.550388 0.606742 0.054264 0.471910
5 0.733527 0.376404 0.048450 0.393258
25 0.861434 0.460674 0.025194 0.247191
29 0.963178 0.578652 0.042636 0.528090
