21 0.074940 0.696629 0.010791 0.157303
1 0.128297 0.595506 0.035971 0.359551
21 0.171463 0.674157 0.016787 0.179775
21 0.172062 0.679775 0.015588 0.168539
2 0.211031 0.578652 0.031175 0.325843
21 0.263789 0.696629 0.014388 0.089888
3 0.307554 0.578652 0.027578 0.348315
7 0.468225 0.516854 0.025180 0.382022
8 0.548561 0.522472 0.022782 0.370787
10 0.604317 0.578652 0.026379 0.168539
2 0.661271 0.443820 0.029976 0.370787
1 0.804556 0.275281 0.021583 0.235955
20 0.908873 0.426966 0.026379 0.382022
6 0.041367 0.606742 0.039568 0.426966
21 0.341727 0.679775 0.014388 0.123596
6 0.392686 0.550562 0.032374 0.404494
21 0.437050 0.707865 0.010791 0.112360
21 0.510192 0.612360 0.013189 0.101124
5 0.689448 0.421348 0.028777 0.348315
4 0.721223 0.443820 0.032374 0.393258
29 0.767986 0.617978 0.029976 0.404494
20 0.832134 0.494382 0.019185 0.224719
0 0.859712 0.410112 0.014388 0.348315
