1 0.045090 0.427632 0.058116 0.434211
2 0.098196 0.440789 0.056112 0.434211
3 0.156313 0.401316 0.048096 0.434211
4 0.218437 0.407895 0.060120 0.421053
19 0.941884 0.644737 0.028056 0.289474
8 0.292585 0.407895 0.052104 0.421053
5 0.351703 0.368421 0.042084 0.421053
6 0.438878 0.407895 0.060120 0.394737
7 0.510020 0.460526 0.046092 0.473684
13 0.588176 0.506579 0.058116 0.697368
14 0.675351 0.486842 0.044088 0.684211
21 0.720441 0.453947 0.022044 0.171053
15 0.771543 0.486842 0.064128 0.605263
16 0.835671 0.467105 0.040080 0.644737
25 0.889780 0.375000 0.024048 0.328947
