1 0.226244 0.345000 0.058824 0.230000
20 0.315611 0.530000 0.047511 0.240000
2 0.410633 0.485000 0.061086 0.330000
1 0.516968 0.550000 0.065611 0.280000
2 0.722851 0.510000 0.061086 0.320000
10 0.823529 0.525000 0.049774 0.170000
1 0.888009 0.450000 0.061086 0.300000
4 0.946833 0.275000 0.052036 0.230000
27 0.154977 0.580000 0.074661 0.200000
28 0.059955 0.610000 0.074661 0.200000
26 0.459276 0.525000 0.049774 0.310000
29 0.592760 0.650000 0.040724 0.360000
25 0.658371 0.555000 0.027149 0.210000
