1 0.094013 0.450617 0.028999 0.197531
20 0.144995 0.614198 0.026193 0.216049
1 0.192236 0.583333 0.038354 0.339506
10 0.318054 0.638889 0.026193 0.166667
18 0.458372 0.555556 0.026193 0.123457
2 0.546773 0.401235 0.028999 0.209877
20 0.609916 0.570988 0.026193 0.228395
6 0.725444 0.148148 0.038354 0.259259
18 0.785781 0.537037 0.035547 0.111111
1 0.840037 0.484568 0.048644 0.290123
10 0.906455 0.524691 0.035547 0.222222
9 0.043031 0.663580 0.046773 0.216049
9 0.254911 0.608025 0.042095 0.203704
4 0.391955 0.540123 0.039289 0.314815
24 0.512629 0.598765 0.041160 0.222222
24 0.667446 0.577160 0.038354 0.216049
24 0.701123 0.333333 0.027128 0.172840
17 0.970065 0.459877 0.054256 0.327160
