2 0.108462 0.333333 0.029231 0.349206
18 0.153846 0.547619 0.043077 0.206349
2 0.299231 0.349206 0.041538 0.412698
18 0.372308 0.523810 0.046154 0.222222
10 0.554615 0.452381 0.038462 0.365079
18 0.737692 0.460317 0.035385 0.222222
20 0.860000 0.436508 0.030769 0.396825
8 0.033077 0.571429 0.032308 0.476190
9 0.076923 0.634921 0.046154 0.349206
1 0.217692 0.492063 0.047692 0.507937
29 0.265385 0.682540 0.038462 0.603175
7 0.433846 0.412698 0.040000 0.571429
9 0.485385 0.468254 0.047692 0.365079
27 0.651538 0.436508 0.063077 0.365079
24 0.798462 0.428571 0.040000 0.380952
24 0.924615 0.380952 0.043077 0.412698
6 0.965385 0.206349 0.044615 0.317460
