11 0.040501 0.525140 0.025072 0.402235
2 0.130183 0.382682 0.019286 0.150838
18 0.166827 0.500000 0.015429 0.061453
1 0.217454 0.469274 0.035680 0.268156
18 0.319190 0.505587 0.023144 0.072626
12 0.391996 0.491620 0.026037 0.391061
11 0.425265 0.483240 0.027001 0.541899
2 0.459499 0.472067 0.026037 0.229050
18 0.560752 0.491620 0.022179 0.111732
1 0.594021 0.508380 0.032787 0.201117
15 0.639826 0.516760 0.027965 0.284916
0 0.664899 0.513966 0.012536 0.156425
1 0.685149 0.511173 0.026037 0.184358
16 0.774831 0.519553 0.020251 0.290503
18 0.806172 0.508380 0.025072 0.089385
2 0.873192 0.539106 0.020251 0.240223
20 0.897782 0.539106 0.015429 0.162011
9 0.091128 0.553073 0.029894 0.178771
29 0.255545 0.578212 0.025072 0.296089
6 0.286885 0.388268 0.029894 0.150838
4 0.360174 0.474860 0.029894 0.234637
1 0.490357 0.472067 0.035680 0.206704
19 0.508679 0.578212 0.014465 0.139665
0 0.532787 0.480447 0.016393 0.212291
17 0.708775 0.494413 0.023144 0.195531
29 0.742044 0.569832 0.024108 0.234637
13 0.841851 0.550279 0.025072 0.407821
4 0.923819 0.544693 0.030858 0.217877
14 0.944069 0.558659 0.021215 0.413408
12 0.965284 0.508380 0.028930 0.525140
