18 0.2477 0.5117 0.5231 0.0956
11 0.0220 0.7716 0.0214 0.2963
4 0.0448 0.2409 0.0352 0.1153
5 0.0448 0.2409 0.0352 0.1153
1 0.0459 0.8512 0.0224 0.1206
12 0.0763 0.7761 0.0206 0.3135
2 0.1037 0.6200 0.0214 0.1191
18 0.1598 0.6360 0.0252 0.0526
0 0.1545 0.2833 0.0108 0.0780
19 0.1551 0.2829 0.0110 0.0756
4 0.1800 0.2269 0.0256 0.1753
8 0.1902 0.6231 0.0191 0.1577
1 0.2360 0.5616 0.0164 0.0715
21 0.2355 0.2682 0.0127 0.0509
18 0.3170 0.8124 0.0233 0.0528
13 0.3555 0.8061 0.0178 0.3432
1 0.3797 0.7719 0.0175 0.1836
1 0.4228 0.7951 0.0178 0.1991
18 0.5221 0.4970 0.0236 0.0800
16 0.5733 0.5117 0.0210 0.2887
18 0.7551 0.5330 0.2965 0.1422
1 0.6166 0.7546 0.0169 0.2204
1 0.6288 0.1900 0.0343 0.1826
1 0.6557 0.0756 0.0222 0.1414
8 0.6868 0.7391 0.0151 0.1123
2 0.7086 0.0489 0.0126 0.1031
18 0.7219 0.8119 0.0201 0.0502
18 0.7205 0.0840 0.0122 0.0549
1 0.7879 0.7257 0.0171 0.1334
20 0.7917 0.1882 0.0211 0.1377
20 0.8174 0.7981 0.0161 0.0765
4 0.8406 0.1742 0.0334 0.1918
5 0.8443 0.1651 0.0234 0.1629
16 0.9294 0.5234 0.0215 0.2355
