6 0.141405 0.409574 0.038817 0.244681
8 0.360444 0.324468 0.033272 0.351064
20 0.430684 0.579787 0.033272 0.223404
18 0.658041 0.515957 0.029575 0.117021
10 0.804067 0.542553 0.040665 0.148936
4 0.910351 0.430851 0.046211 0.372340
27 0.079482 0.654255 0.070240 0.223404
20 0.188540 0.643617 0.036969 0.223404
27 0.289279 0.643617 0.060998 0.223404
27 0.544362 0.526596 0.068392 0.202128
6 0.602588 0.244681 0.033272 0.234043
6 0.716266 0.462766 0.049908 0.329787
0 0.869686 0.441489 0.024030 0.329787
