18 0.150391 0.556604 0.035156 0.207547
20 0.300781 0.547170 0.023438 0.415094
18 0.407227 0.594340 0.029297 0.207547
20 0.560547 0.518868 0.027344 0.396226
0 0.616211 0.424528 0.025391 0.547170
17 0.743164 0.424528 0.041016 0.622642
20 0.793945 0.396226 0.037109 0.490566
10 0.894531 0.452830 0.046875 0.264151
17 0.950195 0.396226 0.041016 0.603774
5 0.042969 0.537736 0.042969 0.584906
3 0.092773 0.603774 0.033203 0.603774
0 0.207031 0.594340 0.027344 0.471698
2 0.245117 0.566038 0.041016 0.603774
8 0.356445 0.584906 0.033203 0.679245
4 0.499023 0.537736 0.048828 0.547170
18 0.680664 0.433962 0.037109 0.188679
0 0.843750 0.386792 0.027344 0.584906
