18 0.188716 0.563725 0.050584 0.107843
20 0.396887 0.534314 0.038911 0.245098
1 0.470817 0.715686 0.058366 0.294118
18 0.473735 0.509804 0.056420 0.117647
0 0.474708 0.348039 0.019455 0.264706
2 0.592412 0.303922 0.033074 0.196078
18 0.654669 0.460784 0.040856 0.098039
18 0.747082 0.450980 0.101167 0.117647
1 0.745136 0.676471 0.062257 0.313725
2 0.739300 0.269608 0.038911 0.264706
1 0.857977 0.161765 0.038911 0.186275
10 0.895914 0.397059 0.040856 0.205882
27 0.070039 0.588235 0.062257 0.196078
28 0.132296 0.426471 0.042802 0.166667
28 0.258755 0.583333 0.042802 0.186275
27 0.324903 0.387255 0.054475 0.166667
29 0.553502 0.583333 0.040856 0.441176
9 0.828794 0.421569 0.054475 0.215686
6 0.976654 0.328431 0.046693 0.323529
