2 0.062500 0.619565 0.053571 0.326087
19 0.107143 0.750000 0.025510 0.217391
2 0.344388 0.489130 0.045918 0.239130
18 0.426020 0.597826 0.051020 0.130435
1 0.565051 0.576087 0.073980 0.326087
19 0.625000 0.706522 0.020408 0.173913
2 0.812500 0.413043 0.043367 0.260870
10 0.872449 0.554348 0.040816 0.195652
17 0.947704 0.472826 0.048469 0.293478
5 0.150510 0.597826 0.051020 0.304348
27 0.267857 0.679348 0.086735 0.184783
6 0.690051 0.527174 0.048469 0.315217
29 0.765306 0.673913 0.051020 0.391304
