18 0.101363 0.510309 0.022147 0.195876
2 0.329642 0.257732 0.032368 0.247423
9 0.575809 0.484536 0.051107 0.288660
2 0.611584 0.278351 0.023850 0.268041
18 0.650767 0.463918 0.034072 0.082474
2 0.813458 0.448454 0.045997 0.360825
10 0.879898 0.489691 0.039182 0.237113
27 0.045997 0.541237 0.057922 0.216495
28 0.167802 0.530928 0.042589 0.216495
27 0.287053 0.515464 0.066440 0.247423
26 0.229131 0.479381 0.042589 0.360825
20 0.387564 0.505155 0.028961 0.350515
28 0.454003 0.494845 0.045997 0.206186
25 0.507666 0.484536 0.023850 0.185567
29 0.703578 0.582474 0.044293 0.567010
25 0.749574 0.479381 0.023850 0.237113
17 0.948893 0.386598 0.064736 0.463918
