2 0.191067 0.543011 0.054591 0.333333
11 0.358561 0.478495 0.032258 0.505376
2 0.434243 0.478495 0.044665 0.376344
10 0.770471 0.403226 0.057072 0.182796
2 0.933002 0.145161 0.044665 0.268817
13 0.076923 0.650538 0.064516 0.677419
0 0.129032 0.586022 0.024814 0.290323
4 0.276675 0.494624 0.081886 0.365591
5 0.492556 0.430108 0.047146 0.322581
17 0.538462 0.387097 0.044665 0.301075
12 0.594293 0.419355 0.052109 0.451613
14 0.666253 0.403226 0.042184 0.720430
29 0.867246 0.494624 0.066998 0.494624
