18 0.1919 0.4800 0.3323 0.1604
19 0.0802 0.7550 0.0071 0.0729
18 0.1184 0.2306 0.0272 0.0998
18 0.1477 0.1538 0.0101 0.0564
2 0.1633 0.2042 0.0245 0.1979
18 0.1726 0.7522 0.0211 0.0784
2 0.2145 0.7241 0.0220 0.1971
20 0.2382 0.2407 0.0214 0.1664
1 0.2840 0.7435 0.0328 0.2304
10 0.3805 0.4651 0.0276 0.1755
18 0.5470 0.4483 0.2374 0.1886
2 0.4493 0.2509 0.0276 0.2364
1 0.5175 0.2496 0.0250 0.2431
20 0.5588 0.2590 0.0206 0.1521
18 0.6154 0.7831 0.0212 0.0947
7 0.6442 0.7180 0.0206 0.2317
20 0.7121 0.4031 0.0181 0.1749
2 0.8084 0.3765 0.0238 0.2127
18 0.8428 0.3637 0.0230 0.0948
1 0.8830 0.3630 0.0322 0.2582
19 0.9138 0.4251 0.0105 0.1061
4 0.9393 0.3563 0.0208 0.2000
12 0.9771 0.4278 0.0251 0.4187
