1 0.129338 0.421053 0.050473 0.421053
18 0.184543 0.684211 0.047319 0.175439
1 0.272871 0.578947 0.072555 0.456140
20 0.520505 0.614035 0.044164 0.315789
2 0.597792 0.429825 0.053628 0.438596
10 0.720820 0.570175 0.072555 0.298246
4 0.938486 0.412281 0.078864 0.543860
7 0.052050 0.666667 0.066246 0.561404
4 0.356467 0.526316 0.075710 0.526316
24 0.421136 0.605263 0.053628 0.333333
19 0.651420 0.210526 0.034700 0.350877
8 0.812303 0.438596 0.053628 0.421053
19 0.861199 0.736842 0.044164 0.280702
