1 0.153589 0.608974 0.063439 0.397436
1 0.348080 0.583333 0.061770 0.423077
19 0.390651 0.698718 0.013356 0.192308
2 0.431553 0.557692 0.045075 0.397436
10 0.521703 0.596154 0.041736 0.269231
1 0.873957 0.333333 0.048414 0.435897
2 0.040067 0.698718 0.040067 0.371795
25 0.086811 0.692308 0.020033 0.230769
19 0.200334 0.788462 0.023372 0.192308
6 0.242905 0.608974 0.048414 0.397436
26 0.286311 0.576923 0.038397 0.435897
2 0.605175 0.474359 0.041736 0.358974
29 0.682805 0.564103 0.056761 0.538462
27 0.738731 0.185897 0.048414 0.217949
18 0.813856 0.423077 0.035058 0.179487
29 0.945743 0.538462 0.068447 0.589744
