0 0.056058 0.621875 0.025316 0.218750
18 0.232369 0.412500 0.432188 0.162500
2 0.075949 0.225000 0.054250 0.225000
1 0.103074 0.609375 0.050633 0.218750
2 0.127486 0.212500 0.045208 0.225000
1 0.175407 0.212500 0.050633 0.237500
1 0.246835 0.515625 0.041591 0.143750
18 0.278481 0.518750 0.025316 0.050000
0 0.305606 0.500000 0.018083 0.162500
18 0.369801 0.612500 0.052441 0.075000
1 0.418626 0.609375 0.045208 0.218750
10 0.531646 0.400000 0.050633 0.125000
2 0.648282 0.284375 0.059675 0.243750
1 0.706148 0.281250 0.059675 0.237500
19 0.807414 0.393750 0.023508 0.150000
4 0.871609 0.265625 0.072333 0.256250
29 0.254973 0.250000 0.054250 0.212500
29 0.216998 0.703125 0.054250 0.281250
0 0.763110 0.262500 0.025316 0.262500
29 0.944846 0.415625 0.066908 0.406250
