1 0.111372 0.470085 0.031015 0.376068
6 0.364192 0.448718 0.031015 0.350427
4 0.426692 0.461538 0.033835 0.393162
20 0.477914 0.589744 0.025376 0.341880
0 0.562030 0.487179 0.018797 0.324786
17 0.616071 0.457265 0.021617 0.299145
1 0.726034 0.525641 0.034774 0.316239
17 0.777256 0.495726 0.020677 0.307692
11 0.833647 0.504274 0.016917 0.478632
9 0.865602 0.538462 0.026316 0.273504
2 0.890508 0.346154 0.015977 0.230769
12 0.904135 0.500000 0.022556 0.521368
10 0.926692 0.521368 0.016917 0.222222
27 0.028195 0.564103 0.048872 0.222222
26 0.075658 0.478632 0.031015 0.410256
25 0.158835 0.521368 0.011278 0.222222
28 0.213346 0.512821 0.037594 0.222222
19 0.245771 0.628205 0.015977 0.196581
2 0.289004 0.435897 0.032895 0.358974
21 0.327538 0.555556 0.012218 0.136752
19 0.397086 0.636752 0.015977 0.179487
13 0.530545 0.542735 0.025376 0.641026
4 0.592105 0.452991 0.031955 0.341880
14 0.648496 0.508547 0.022556 0.623932
15 0.692669 0.529915 0.026316 0.529915
4 0.754699 0.512821 0.026316 0.290598
16 0.795113 0.495726 0.030075 0.444444
17 0.968045 0.461538 0.031955 0.324786
