18 0.308605 0.438596 0.356083 0.210526
4 0.240356 0.135965 0.071217 0.254386
2 0.253709 0.635965 0.044510 0.166667
1 0.252226 0.842105 0.053412 0.210526
1 0.262611 0.355263 0.050445 0.166667
17 0.304154 0.850877 0.044510 0.228070
10 0.596439 0.394737 0.041543 0.140351
5 0.796736 0.399123 0.056380 0.219298
1 0.807122 0.140351 0.065282 0.192982
17 0.305638 0.350877 0.041543 0.157895
17 0.287834 0.096491 0.047478 0.175439
18 0.290801 0.228070 0.213650 0.157895
17 0.308605 0.600877 0.041543 0.166667
17 0.356083 0.074561 0.053412 0.131579
18 0.292285 0.697368 0.181009 0.131579
24 0.737389 0.320175 0.068249 0.271930
