21 0.185622 0.713542 0.023605 0.093750
8 0.286481 0.572917 0.040773 0.375000
2 0.372318 0.494792 0.045064 0.239583
18 0.454936 0.666667 0.055794 0.104167
3 0.594421 0.479167 0.038627 0.270833
10 0.678112 0.651042 0.047210 0.197917
4 0.796137 0.541667 0.064378 0.333333
27 0.057940 0.666667 0.068670 0.208333
28 0.133047 0.682292 0.055794 0.197917
6 0.236052 0.588542 0.051502 0.322917
22 0.332618 0.666667 0.042918 0.270833
23 0.540773 0.640625 0.051502 0.406250
23 0.843348 0.510417 0.038627 0.354167
24 0.889485 0.588542 0.040773 0.260417
22 0.954936 0.619792 0.060086 0.260417
