18 0.107143 0.464539 0.023810 0.120567
18 0.307234 0.439716 0.022894 0.099291
4 0.433608 0.421986 0.028388 0.304965
16 0.463828 0.361702 0.024725 0.382979
18 0.518773 0.354610 0.024725 0.113475
2 0.596154 0.418440 0.018315 0.212766
26 0.617216 0.418440 0.014652 0.226950
2 0.720696 0.429078 0.025641 0.262411
10 0.917125 0.450355 0.021062 0.163121
13 0.030220 0.478723 0.023810 0.531915
9 0.066392 0.478723 0.032051 0.234043
29 0.150183 0.521277 0.023810 0.404255
14 0.184524 0.450355 0.028388 0.475177
15 0.225275 0.429078 0.027473 0.432624
27 0.271978 0.443262 0.032967 0.191489
28 0.338370 0.429078 0.028388 0.205674
26 0.374542 0.397163 0.025641 0.283688
1 0.390568 0.414894 0.024725 0.234043
19 0.405678 0.528369 0.010989 0.148936
13 0.570513 0.439716 0.025641 0.553191
1 0.638278 0.425532 0.021978 0.255319
25 0.682692 0.450355 0.010073 0.177305
26 0.768315 0.443262 0.020147 0.248227
0 0.799451 0.425532 0.010989 0.255319
19 0.815934 0.528369 0.010989 0.163121
2 0.838828 0.439716 0.025641 0.269504
14 0.871795 0.475177 0.021978 0.510638
13 0.949634 0.485816 0.018315 0.446809
14 0.988553 0.475177 0.021062 0.482270
6 0.967033 0.475177 0.021978 0.255319
