0 0.065990 0.662791 0.030457 0.325581
8 0.096447 0.627907 0.040609 0.372093
2 0.319797 0.406977 0.045685 0.255814
1 0.545685 0.412791 0.040609 0.220930
18 0.640863 0.558140 0.068528 0.139535
1 0.711929 0.430233 0.068528 0.395349
6 0.158629 0.627907 0.068528 0.418605
29 0.262690 0.726744 0.058376 0.453488
20 0.383249 0.587209 0.040609 0.267442
22 0.496193 0.627907 0.068528 0.302326
23 0.771574 0.430233 0.050761 0.488372
10 0.850254 0.546512 0.045685 0.279070
17 0.926396 0.430233 0.065990 0.418605
