1 0.092965 0.468085 0.055276 0.297872
19 0.214824 0.579787 0.027638 0.180851
1 0.486181 0.297872 0.032663 0.212766
18 0.589196 0.489362 0.047739 0.106383
5 0.660804 0.452128 0.050251 0.351064
2 0.792714 0.329787 0.032663 0.276596
0 0.043970 0.478723 0.037688 0.276596
8 0.146985 0.473404 0.042714 0.308511
0 0.277638 0.441489 0.037688 0.287234
8 0.319095 0.462766 0.040201 0.308511
27 0.409548 0.473404 0.085427 0.202128
29 0.741206 0.595745 0.065327 0.425532
10 0.842965 0.542553 0.057789 0.212766
5 0.917085 0.414894 0.070352 0.361702
