18 0.168269 0.485149 0.036538 0.099010
20 0.332692 0.267327 0.026923 0.178218
20 0.438462 0.504950 0.038462 0.257426
2 0.512500 0.410891 0.044231 0.346535
19 0.555769 0.554455 0.023077 0.198020
1 0.607692 0.425743 0.057692 0.376238
1 0.727885 0.430693 0.051923 0.326733
10 0.813462 0.504950 0.050000 0.178218
17 0.904808 0.440594 0.055769 0.346535
27 0.059615 0.495050 0.065385 0.198020
28 0.118269 0.292079 0.036538 0.168317
28 0.292308 0.301980 0.038462 0.188119
0 0.369231 0.227723 0.019231 0.297030
29 0.242308 0.603960 0.038462 0.475248
25 0.667308 0.504950 0.019231 0.198020
