1 0.039432 0.482955 0.047319 0.443182
2 0.138013 0.511364 0.042587 0.363636
20 0.198738 0.585227 0.025237 0.284091
2 0.304416 0.494318 0.044164 0.352273
25 0.343060 0.534091 0.020505 0.250000
1 0.389590 0.494318 0.047319 0.352273
20 0.459779 0.477273 0.029968 0.272727
4 0.535489 0.454545 0.045741 0.386364
1 0.624606 0.426136 0.044164 0.375000
20 0.759464 0.409091 0.029968 0.250000
2 0.820978 0.426136 0.039432 0.352273
9 0.852524 0.471591 0.033123 0.238636
10 0.892744 0.505682 0.028391 0.193182
26 0.086751 0.505682 0.031546 0.420455
26 0.574921 0.477273 0.029968 0.340909
29 0.678233 0.596591 0.041009 0.534091
4 0.958991 0.397727 0.050473 0.431818
