2 0.065397 0.690678 0.041391 0.296610
19 0.100166 0.771186 0.018212 0.237288
1 0.159768 0.635593 0.054636 0.338983
20 0.243377 0.652542 0.036424 0.288136
3 0.322848 0.631356 0.036424 0.262712
19 0.360099 0.711864 0.018212 0.203390
4 0.404801 0.605932 0.048013 0.313559
10 0.475166 0.656780 0.046358 0.211864
2 0.580298 0.588983 0.041391 0.262712
1 0.680464 0.580508 0.062914 0.313559
20 0.754967 0.576271 0.033113 0.220339
1 0.841060 0.538136 0.062914 0.279661
9 0.908940 0.580508 0.056291 0.228814
2 0.967715 0.334746 0.041391 0.245763
25 0.618377 0.605932 0.018212 0.211864
