1 0.145418 0.642857 0.043825 0.457143
21 0.210159 0.814286 0.013944 0.142857
2 0.273904 0.685714 0.037849 0.400000
3 0.387450 0.585714 0.037849 0.400000
21 0.435259 0.778571 0.013944 0.157143
21 0.544821 0.700000 0.017928 0.171429
19 0.666335 0.621429 0.017928 0.157143
19 0.782869 0.600000 0.015936 0.142857
10 0.889442 0.514286 0.029880 0.257143
17 0.956175 0.385714 0.047809 0.457143
6 0.073705 0.671429 0.051793 0.428571
21 0.109562 0.864286 0.019920 0.128571
21 0.311753 0.800000 0.017928 0.142857
4 0.482072 0.585714 0.039841 0.457143
5 0.598606 0.492857 0.041833 0.442857
6 0.713147 0.450000 0.043825 0.385714
7 0.834661 0.428571 0.031873 0.428571
