1 0.149138 0.494444 0.063793 0.388889
20 0.251724 0.544444 0.051724 0.288889
2 0.502586 0.416667 0.050000 0.366667
20 0.581034 0.455556 0.034483 0.288889
10 0.779310 0.500000 0.048276 0.266667
2 0.850000 0.433333 0.048276 0.311111
1 0.965517 0.405556 0.068966 0.366667
27 0.043966 0.516667 0.067241 0.277778
26 0.101724 0.466667 0.037931 0.377778
28 0.378448 0.511111 0.074138 0.311111
25 0.439655 0.500000 0.027586 0.288889
1 0.643966 0.433333 0.056897 0.400000
29 0.703448 0.594444 0.048276 0.500000
25 0.900000 0.461111 0.020690 0.211111
