19 0.085246 0.852113 0.019672 0.267606
0 0.135246 0.577465 0.014754 0.450704
3 0.169672 0.605634 0.037705 0.450704
19 0.377869 0.718310 0.018033 0.253521
20 0.548361 0.436620 0.027869 0.309859
19 0.640164 0.570423 0.018033 0.211268
1 0.685246 0.359155 0.045902 0.464789
2 0.822951 0.359155 0.039344 0.380282
2 0.040984 0.661972 0.045902 0.507042
8 0.218852 0.514085 0.037705 0.492958
21 0.272131 0.661972 0.022951 0.169014
2 0.336066 0.528169 0.039344 0.436620
0 0.420492 0.464789 0.018033 0.422535
1 0.445902 0.436620 0.036066 0.450704
2 0.487705 0.464789 0.037705 0.450704
0 0.602459 0.387324 0.024590 0.408451
18 0.750000 0.352113 0.034426 0.169014
10 0.894262 0.408451 0.037705 0.253521
0 0.952459 0.246479 0.022951 0.436620
4 0.981148 0.260563 0.031148 0.436620
