10 0.889076 0.320312 0.033613 0.296875
5 0.033613 0.625000 0.036975 0.500000
22 0.084874 0.664062 0.042017 0.390625
21 0.142857 0.679688 0.026891 0.234375
6 0.215126 0.523438 0.050420 0.515625
23 0.270588 0.507812 0.040336 0.640625
21 0.339496 0.632812 0.026891 0.296875
21 0.529412 0.515625 0.030252 0.281250
21 0.694118 0.476562 0.026891 0.296875
28 0.956303 0.250000 0.053782 0.343750
27 0.812605 0.359375 0.058824 0.375000
24 0.459664 0.429688 0.042017 0.390625
7 0.403361 0.390625 0.040336 0.531250
8 0.587395 0.351562 0.038655 0.578125
1 0.741176 0.304688 0.063866 0.578125
