15 0.031000 0.527778 0.036000 0.458333
2 0.080500 0.493056 0.027000 0.305556
19 0.108500 0.607639 0.013000 0.159722
10 0.347000 0.527778 0.030000 0.166667
18 0.401000 0.496528 0.014000 0.090278
1 0.437000 0.482639 0.036000 0.284722
9 0.479000 0.527778 0.030000 0.236111
20 0.531000 0.559028 0.024000 0.201389
20 0.648000 0.527778 0.028000 0.250000
4 0.758000 0.388889 0.032000 0.263889
18 0.803500 0.513889 0.033000 0.111111
1 0.869500 0.666667 0.043000 0.263889
10 0.936500 0.513889 0.025000 0.111111
4 0.149500 0.465278 0.037000 0.333333
21 0.195000 0.562500 0.018000 0.125000
8 0.239500 0.496528 0.025000 0.312500
4 0.295000 0.468750 0.036000 0.312500
19 0.267000 0.621528 0.012000 0.159722
4 0.584500 0.510417 0.045000 0.312500
5 0.691500 0.524306 0.031000 0.270833
29 0.719500 0.684028 0.027000 0.368056
0 0.869000 0.326389 0.016000 0.236111
18 0.869000 0.479167 0.036000 0.097222
17 0.973500 0.437500 0.029000 0.250000
16 0.317500 0.458333 0.023000 0.388889
