1 0.054825 0.507246 0.052632 0.405797
1 0.235746 0.500000 0.050439 0.391304
1 0.436404 0.485507 0.048246 0.362319
1 0.634868 0.449275 0.046053 0.376812
10 0.774123 0.463768 0.035088 0.231884
2 0.850877 0.391304 0.048246 0.434783
19 0.885965 0.557971 0.030702 0.275362
1 0.947368 0.326087 0.065789 0.507246
4 0.110746 0.449275 0.054825 0.434783
26 0.168860 0.536232 0.043860 0.434783
5 0.290570 0.478261 0.037281 0.405797
26 0.372807 0.500000 0.035088 0.420290
6 0.491228 0.434783 0.057018 0.347826
26 0.567982 0.471014 0.043860 0.420290
4 0.697368 0.413043 0.061404 0.420290
