17 0.428571 0.461538 0.045351 0.351648
17 0.482993 0.461538 0.058957 0.351648
9 0.574830 0.423077 0.074830 0.428571
1 0.577098 0.417582 0.079365 0.417582
2 0.663265 0.412088 0.065760 0.362637
10 0.900227 0.478022 0.054422 0.230769
1 0.960317 0.423077 0.056689 0.362637
17 0.080499 0.549451 0.061224 0.351648
19 0.119048 0.736264 0.029478 0.219780
17 0.167800 0.500000 0.045351 0.296703
17 0.210884 0.521978 0.049887 0.296703
17 0.261905 0.494505 0.052154 0.307692
17 0.316327 0.489011 0.052154 0.274725
17 0.366213 0.489011 0.056689 0.296703
27 0.789116 0.445055 0.104308 0.252747
