19 0.409009 0.640152 0.021622 0.174242
18 0.840541 0.511364 0.034234 0.113636
12 0.936937 0.431818 0.036036 0.393939
13 0.058559 0.571970 0.055856 0.613636
14 0.204505 0.553030 0.048649 0.545455
14 0.606306 0.515152 0.045045 0.590909
13 0.309009 0.522727 0.052252 0.606061
6 0.131532 0.522727 0.061261 0.333333
6 0.463964 0.481061 0.063063 0.310606
8 0.372973 0.473485 0.036036 0.310606
11 0.689189 0.500000 0.041441 0.378788
27 0.765766 0.545455 0.075676 0.181818
28 0.885586 0.541667 0.048649 0.174242
