6 0.061404 0.664835 0.048246 0.340659
1 0.112939 0.626374 0.054825 0.307692
0 0.155702 0.615385 0.026316 0.307692
20 0.304825 0.571429 0.035088 0.263736
1 0.369518 0.582418 0.046053 0.329670
20 0.550439 0.560440 0.043860 0.263736
2 0.638158 0.521978 0.061404 0.362637
10 0.878289 0.549451 0.046053 0.197802
1 0.940789 0.472527 0.057018 0.373626
27 0.229167 0.642857 0.072368 0.230769
27 0.476974 0.428571 0.063596 0.197802
29 0.425439 0.692308 0.048246 0.417582
28 0.710526 0.549451 0.061404 0.285714
27 0.789474 0.516484 0.074561 0.263736
