18 0.084661 0.682927 0.019920 0.146341
18 0.165837 0.646341 0.016932 0.170732
1 0.255478 0.347561 0.020916 0.256098
10 0.282371 0.731707 0.018924 0.219512
1 0.376494 0.408537 0.017928 0.304878
20 0.409861 0.615854 0.016932 0.304878
1 0.471116 0.323171 0.017928 0.304878
1 0.574203 0.396341 0.020916 0.304878
18 0.618526 0.536585 0.017928 0.170732
20 0.734562 0.432927 0.016932 0.256098
1 0.770916 0.310976 0.027888 0.451220
18 0.872510 0.317073 0.023904 0.146341
1 0.910359 0.225610 0.033865 0.402439
11 0.022908 0.658537 0.023904 0.682927
22 0.047809 0.713415 0.029880 0.353659
23 0.125996 0.615854 0.022908 0.524390
24 0.206175 0.658537 0.029880 0.365854
12 0.235060 0.567073 0.017928 0.621951
22 0.351096 0.646341 0.024900 0.341463
23 0.446713 0.518293 0.018924 0.500000
20 0.512948 0.597561 0.019920 0.268293
24 0.547311 0.585366 0.022908 0.317073
1 0.656375 0.457317 0.031873 0.426829
22 0.682271 0.512195 0.021912 0.268293
23 0.705179 0.384146 0.019920 0.500000
23 0.798805 0.317073 0.017928 0.439024
24 0.824203 0.341463 0.020916 0.317073
22 0.938247 0.250000 0.019920 0.231707
24 0.968127 0.231707 0.027888 0.365854
