27 0.101763 0.447761 0.088141 0.208955
11 0.174679 0.402985 0.038462 0.298507
9 0.243590 0.444030 0.070513 0.276119
1 0.290064 0.276119 0.032051 0.179104
20 0.360577 0.466418 0.054487 0.246269
1 0.412660 0.455224 0.049679 0.208955
12 0.446314 0.425373 0.030449 0.432836
20 0.538462 0.485075 0.060897 0.223881
27 0.641026 0.548507 0.070513 0.171642
1 0.686699 0.373134 0.036859 0.194030
9 0.748397 0.567164 0.057692 0.223881
10 0.862981 0.548507 0.072115 0.216418
3 0.954327 0.533582 0.059295 0.320896
