1 0.096405 0.434932 0.127451 0.239726
11 0.282680 0.342466 0.068627 0.260274
22 0.375817 0.393836 0.091503 0.171233
20 0.480392 0.386986 0.098039 0.171233
23 0.580065 0.356164 0.062092 0.191781
20 0.686275 0.359589 0.078431 0.157534
24 0.772876 0.373288 0.068627 0.130137
12 0.823529 0.294521 0.045752 0.301370
11 0.236928 0.767123 0.062092 0.260274
22 0.333333 0.804795 0.098039 0.184932
18 0.504902 0.770548 0.101307 0.075342
23 0.633987 0.750000 0.078431 0.267123
18 0.722222 0.801370 0.084967 0.082192
24 0.846405 0.777397 0.098039 0.198630
18 0.547386 0.558219 0.702614 0.143836
