4 0.074349 0.560127 0.042131 0.246835
9 0.118340 0.604430 0.045849 0.196203
3 0.161090 0.493671 0.037175 0.240506
20 0.211276 0.607595 0.040892 0.189873
1 0.277571 0.594937 0.052045 0.240506
9 0.333953 0.651899 0.050805 0.202532
2 0.365551 0.490506 0.029740 0.183544
20 0.423792 0.617089 0.042131 0.221519
3 0.500620 0.658228 0.037175 0.291139
29 0.547088 0.756329 0.040892 0.348101
11 0.594176 0.645570 0.023544 0.291139
9 0.644362 0.664557 0.044610 0.177215
1 0.674721 0.541139 0.026022 0.170886
20 0.719950 0.658228 0.029740 0.164557
0 0.760843 0.661392 0.022305 0.158228
12 0.778191 0.607595 0.022305 0.392405
10 0.837670 0.708861 0.047088 0.189873
4 0.894052 0.721519 0.028501 0.227848
17 0.927509 0.731013 0.030979 0.234177
