1 0.047809 0.585227 0.051793 0.443182
9 0.099602 0.613636 0.047809 0.272727
3 0.143426 0.409091 0.039841 0.409091
20 0.215139 0.579545 0.047809 0.272727
5 0.289841 0.573864 0.053785 0.534091
9 0.346614 0.568182 0.051793 0.295455
2 0.400398 0.289773 0.043825 0.306818
20 0.476096 0.460227 0.043825 0.261364
8 0.539841 0.477273 0.055777 0.454545
9 0.601594 0.573864 0.059761 0.329545
1 0.654382 0.329545 0.049801 0.295455
18 0.698207 0.539773 0.045817 0.102273
4 0.765936 0.454545 0.053785 0.363636
10 0.860558 0.534091 0.059761 0.318182
17 0.955179 0.448864 0.065737 0.375000
