1 0.052529 0.565657 0.058366 0.383838
9 0.104086 0.601010 0.040856 0.272727
2 0.155642 0.409091 0.042802 0.272727
20 0.226654 0.525253 0.036965 0.222222
4 0.288911 0.525253 0.052529 0.343434
9 0.342412 0.570707 0.050584 0.232323
1 0.389105 0.368687 0.050584 0.272727
18 0.439689 0.565657 0.042802 0.101010
7 0.501946 0.545455 0.038911 0.383838
9 0.549611 0.580808 0.048638 0.252525
20 0.656615 0.505051 0.056420 0.242424
0 0.719844 0.454545 0.031128 0.303030
5 0.762646 0.454545 0.050584 0.424242
10 0.872568 0.530303 0.060311 0.272727
17 0.954280 0.484848 0.079767 0.383838
