2 0.062500 0.461240 0.068878 0.286822
9 0.126276 0.511628 0.053571 0.186047
1 0.181122 0.356589 0.061224 0.201550
20 0.286990 0.418605 0.053571 0.170543
5 0.391582 0.406977 0.073980 0.286822
9 0.470663 0.449612 0.079082 0.201550
18 0.576531 0.430233 0.056122 0.054264
1 0.692602 0.251938 0.073980 0.240310
18 0.695153 0.441860 0.094388 0.062016
2 0.693878 0.620155 0.096939 0.217054
10 0.817602 0.457364 0.068878 0.217054
6 0.937500 0.271318 0.079082 0.232558
18 0.937500 0.507752 0.114796 0.085271
7 0.938776 0.705426 0.051020 0.248062
