3 0.033525 0.603960 0.047893 0.396040
9 0.082375 0.648515 0.045977 0.247525
2 0.130268 0.410891 0.038314 0.287129
18 0.172414 0.579208 0.034483 0.089109
4 0.256705 0.579208 0.057471 0.326733
9 0.314176 0.623762 0.057471 0.237624
1 0.374521 0.475248 0.047893 0.217822
20 0.435824 0.594059 0.040230 0.257426
5 0.493295 0.613861 0.051724 0.415842
9 0.555556 0.633663 0.061303 0.297030
18 0.639847 0.628713 0.049808 0.108911
1 0.717433 0.564356 0.063218 0.356436
10 0.833333 0.618812 0.061303 0.247525
17 0.944444 0.594059 0.084291 0.415842
