11 0.038519 0.614943 0.023704 0.471264
1 0.077778 0.620690 0.040000 0.390805
20 0.175556 0.597701 0.025185 0.229885
2 0.234074 0.545977 0.035556 0.333333
1 0.347407 0.304598 0.025185 0.218391
10 0.403704 0.614943 0.034074 0.264368
3 0.486667 0.511494 0.034074 0.356322
9 0.522963 0.545977 0.029630 0.287356
1 0.555556 0.373563 0.020741 0.241379
20 0.593333 0.465517 0.028148 0.264368
2 0.711852 0.367816 0.034074 0.390805
1 0.983704 0.166667 0.023704 0.264368
9 0.120000 0.632184 0.038519 0.275862
29 0.271111 0.724138 0.032593 0.482759
12 0.311111 0.534483 0.032593 0.563218
1 0.645926 0.436782 0.038519 0.413793
21 0.665185 0.517241 0.014815 0.160920
9 0.764444 0.436782 0.035556 0.298851
29 0.801481 0.511494 0.032593 0.471264
29 0.947407 0.511494 0.028148 0.540230
8 0.912593 0.339080 0.032593 0.379310
20 0.857778 0.431034 0.026667 0.264368
