2 0.086735 0.353261 0.023810 0.228261
1 0.171769 0.304348 0.030612 0.304348
20 0.229592 0.543478 0.030612 0.282609
6 0.431973 0.244565 0.037415 0.293478
10 0.579932 0.505435 0.037415 0.184783
2 0.664116 0.369565 0.035714 0.347826
4 0.746599 0.309783 0.054422 0.423913
24 0.054422 0.608696 0.047619 0.326087
24 0.296769 0.527174 0.042517 0.315217
24 0.958333 0.429348 0.042517 0.293478
5 0.701531 0.358696 0.032313 0.326087
4 0.829082 0.353261 0.052721 0.380435
22 0.876701 0.434783 0.039116 0.260870
23 0.916667 0.347826 0.030612 0.369565
19 0.776361 0.608696 0.022109 0.217391
23 0.134354 0.494565 0.040816 0.402174
27 0.384354 0.527174 0.057823 0.228261
28 0.474490 0.505435 0.044218 0.206522
0 0.513605 0.255435 0.017007 0.206522
0 0.534014 0.206522 0.013605 0.195652
8 0.326531 0.309783 0.023810 0.250000
