1 0.074037 0.800971 0.079108 0.300971
18 0.080122 0.548544 0.070994 0.126214
6 0.247465 0.296117 0.040568 0.281553
18 0.321501 0.432039 0.050710 0.106796
20 0.523327 0.466019 0.036511 0.233010
6 0.693712 0.296117 0.040568 0.281553
10 0.764706 0.509709 0.056795 0.203883
18 0.912779 0.456311 0.024341 0.097087
0 0.087221 0.354369 0.028398 0.300971
27 0.178499 0.519417 0.081136 0.223301
29 0.407708 0.548544 0.040568 0.417476
7 0.462475 0.189320 0.040568 0.262136
29 0.631846 0.572816 0.050710 0.407767
27 0.854970 0.480583 0.079108 0.223301
28 0.962475 0.456311 0.050710 0.213592
