18 0.221290 0.500000 0.405477 0.112000
1 0.053887 0.814000 0.042403 0.204000
4 0.096290 0.226000 0.022968 0.132000
18 0.123675 0.278000 0.021201 0.060000
20 0.218640 0.816000 0.016784 0.112000
18 0.230124 0.192000 0.016784 0.064000
4 0.263693 0.782000 0.029152 0.188000
1 0.268993 0.246000 0.029152 0.100000
18 0.272085 0.170000 0.026502 0.036000
18 0.348057 0.172000 0.017668 0.072000
6 0.365283 0.668000 0.020318 0.136000
10 0.484982 0.476000 0.030035 0.120000
2 0.538428 0.428000 0.022085 0.160000
19 0.558304 0.488000 0.008834 0.072000
1 0.596290 0.412000 0.031802 0.176000
21 0.628534 0.454000 0.009717 0.060000
20 0.713339 0.414000 0.013251 0.084000
1 0.743816 0.616000 0.024735 0.120000
18 0.828622 0.410000 0.173145 0.060000
0 0.766343 0.306000 0.011484 0.124000
18 0.789753 0.302000 0.022968 0.060000
18 0.796378 0.532000 0.016784 0.048000
2 0.819346 0.528000 0.015018 0.104000
4 0.847615 0.200000 0.020318 0.136000
20 0.850707 0.606000 0.015901 0.116000
18 0.868816 0.280000 0.020318 0.048000
20 0.931537 0.390000 0.015018 0.108000
2 0.956714 0.386000 0.014134 0.140000
19 0.976590 0.436000 0.009717 0.088000
5 0.990283 0.386000 0.008834 0.140000
19 0.089664 0.878000 0.015018 0.092000
29 0.060071 0.332000 0.026502 0.216000
4 0.123675 0.796000 0.033569 0.200000
29 0.173145 0.328000 0.024735 0.208000
29 0.154594 0.860000 0.022968 0.224000
5 0.202297 0.204000 0.017668 0.112000
6 0.188604 0.712000 0.029152 0.112000
25 0.292403 0.802000 0.014134 0.100000
0 0.272085 0.114000 0.010601 0.100000
21 0.294611 0.188000 0.011484 0.048000
29 0.310512 0.202000 0.020318 0.172000
29 0.384717 0.214000 0.020318 0.172000
29 0.335247 0.814000 0.027385 0.204000
6 0.405477 0.140000 0.015901 0.088000
29 0.664311 0.492000 0.019435 0.176000
6 0.689046 0.326000 0.021201 0.100000
29 0.771201 0.554000 0.015901 0.108000
29 0.821555 0.310000 0.017668 0.140000
8 0.887809 0.264000 0.017668 0.128000
0 0.885159 0.596000 0.014134 0.144000
