19 0.040338 0.486239 0.024390 0.385321
0 0.040338 0.495413 0.024390 0.403670
1 0.251407 0.293578 0.030019 0.275229
20 0.325516 0.504587 0.043152 0.238532
2 0.423077 0.444954 0.054409 0.321101
1 0.468105 0.444954 0.043152 0.357798
1 0.638837 0.293578 0.046904 0.238532
10 0.706379 0.536697 0.054409 0.229358
4 0.794559 0.380734 0.050657 0.357798
8 0.870544 0.440367 0.041276 0.366972
19 0.903377 0.605505 0.024390 0.183486
1 0.955910 0.440367 0.065666 0.403670
4 0.087242 0.463303 0.054409 0.357798
8 0.131332 0.467890 0.041276 0.385321
29 0.194184 0.614679 0.054409 0.495413
0 0.514071 0.463303 0.026266 0.321101
29 0.575047 0.591743 0.043152 0.412844
5 0.837711 0.408257 0.043152 0.376147
