2 0.031579 0.648438 0.038278 0.359375
20 0.137321 0.628906 0.022010 0.257812
20 0.457416 0.515625 0.019139 0.265625
18 0.558852 0.457031 0.019139 0.148438
9 0.700000 0.457031 0.033493 0.242188
1 0.739713 0.246094 0.022967 0.242188
18 0.778947 0.421875 0.021053 0.140625
1 0.825837 0.402344 0.032536 0.335938
9 0.866986 0.390625 0.026794 0.234375
10 0.920096 0.371094 0.025837 0.195312
1 0.965550 0.269531 0.042105 0.382812
19 0.056938 0.796875 0.016268 0.187500
1 0.087081 0.613281 0.034450 0.351562
4 0.195215 0.578125 0.028708 0.343750
19 0.217703 0.734375 0.016268 0.187500
4 0.245455 0.558594 0.029665 0.382812
18 0.296651 0.609375 0.024880 0.125000
1 0.344498 0.523438 0.032536 0.296875
21 0.371292 0.597656 0.011483 0.148438
29 0.406220 0.632812 0.031579 0.500000
2 0.503828 0.441406 0.033493 0.367188
29 0.534928 0.175781 0.024880 0.289062
5 0.590909 0.457031 0.031579 0.335938
19 0.616746 0.640625 0.020096 0.187500
4 0.657895 0.425781 0.037321 0.351562
