11 0.027632 0.531250 0.021053 0.500000
9 0.076974 0.635417 0.040789 0.250000
20 0.123684 0.635417 0.028947 0.229167
1 0.174342 0.604167 0.040789 0.375000
2 0.246711 0.432292 0.025000 0.260417
10 0.289474 0.713542 0.028947 0.197917
2 0.426974 0.463542 0.019737 0.281250
20 0.477632 0.713542 0.023684 0.239583
1 0.624342 0.479167 0.022368 0.208333
1 0.765132 0.557292 0.038158 0.322917
12 0.209211 0.619792 0.026316 0.531250
9 0.390789 0.697917 0.042105 0.270833
5 0.533553 0.625000 0.030263 0.375000
9 0.584211 0.697917 0.044737 0.270833
20 0.690132 0.572917 0.025000 0.270833
0 0.734868 0.510417 0.017105 0.333333
9 0.820395 0.619792 0.027632 0.239583
20 0.874342 0.604167 0.027632 0.229167
7 0.909211 0.557292 0.031579 0.406250
