11 0.044386 0.529126 0.023499 0.456311
1 0.081593 0.538835 0.040470 0.378641
9 0.122715 0.563107 0.036554 0.291262
20 0.178198 0.538835 0.037859 0.281553
2 0.237598 0.475728 0.039164 0.349515
1 0.350522 0.286408 0.024804 0.242718
10 0.403394 0.587379 0.039164 0.281553
3 0.489556 0.514563 0.033943 0.349515
1 0.556136 0.393204 0.020888 0.223301
20 0.592689 0.504854 0.031332 0.310680
2 0.707572 0.480583 0.031332 0.359223
1 0.977154 0.378641 0.022193 0.233010
29 0.274151 0.669903 0.033943 0.466019
12 0.310052 0.495146 0.035248 0.524272
9 0.526762 0.558252 0.035248 0.242718
1 0.646214 0.504854 0.041775 0.388350
21 0.664491 0.611650 0.018277 0.155340
9 0.759138 0.553398 0.037859 0.252427
29 0.796997 0.640777 0.035248 0.446602
20 0.851828 0.592233 0.032637 0.233010
8 0.904700 0.514563 0.033943 0.368932
29 0.941253 0.708738 0.028721 0.504854
