3 0.030000 0.333333 0.026316 0.400000
1 0.119474 0.329167 0.043158 0.375000
11 0.231053 0.320833 0.026316 0.525000
2 0.280526 0.316667 0.030526 0.316667
19 0.310526 0.437500 0.014737 0.225000
9 0.418947 0.416667 0.033684 0.266667
1 0.614211 0.408333 0.036842 0.350000
20 0.657895 0.475000 0.027368 0.216667
4 0.706842 0.470833 0.038947 0.325000
18 0.822105 0.412500 0.025263 0.175000
2 0.864737 0.433333 0.030526 0.350000
10 0.915263 0.445833 0.030526 0.225000
17 0.962105 0.408333 0.035789 0.316667
26 0.072632 0.345833 0.025263 0.375000
25 0.181053 0.329167 0.012632 0.258333
4 0.348421 0.333333 0.029474 0.333333
21 0.381579 0.445833 0.013684 0.175000
13 0.470000 0.391667 0.026316 0.600000
9 0.520526 0.400000 0.045263 0.283333
18 0.574737 0.408333 0.025263 0.116667
14 0.737895 0.537500 0.029474 0.625000
12 0.781053 0.391667 0.023158 0.600000
