1 0.038062 0.500000 0.044983 0.447368
9 0.095156 0.565789 0.044983 0.394737
11 0.154844 0.506579 0.032872 0.776316
18 0.313149 0.519737 0.031142 0.144737
2 0.403114 0.500000 0.038062 0.447368
20 0.494810 0.532895 0.024221 0.197368
8 0.532872 0.519737 0.027682 0.381579
1 0.692907 0.381579 0.029412 0.236842
20 0.727509 0.506579 0.025952 0.250000
10 0.912630 0.572368 0.036332 0.223684
17 0.965398 0.480263 0.034602 0.355263
2 0.198097 0.480263 0.039792 0.460526
2 0.617647 0.480263 0.038062 0.328947
29 0.249135 0.684211 0.044983 0.500000
29 0.657439 0.618421 0.031142 0.473684
22 0.445502 0.552632 0.036332 0.236842
0 0.757785 0.473684 0.017301 0.289474
15 0.361592 0.493421 0.031142 0.486842
13 0.576125 0.519737 0.031142 0.618421
14 0.793253 0.493421 0.029412 0.671053
16 0.824394 0.453947 0.029412 0.486842
12 0.861592 0.467105 0.034602 0.802632
