2 0.572860 0.451389 0.025501 0.361111
18 0.764117 0.399306 0.027322 0.118056
16 0.972678 0.253472 0.036430 0.493056
22 0.944444 0.284722 0.029144 0.208333
29 0.857923 0.416667 0.027322 0.375000
20 0.897996 0.326389 0.021858 0.250000
15 0.815118 0.395833 0.025501 0.486111
29 0.685792 0.534722 0.032787 0.444444
7 0.720401 0.142361 0.023679 0.270833
4 0.632058 0.371528 0.049180 0.437500
19 0.592441 0.607639 0.015483 0.145833
10 0.510474 0.611111 0.030055 0.152778
29 0.418944 0.652778 0.032787 0.416667
7 0.454007 0.375000 0.019126 0.222222
25 0.369308 0.541667 0.019126 0.236111
6 0.320583 0.434028 0.038251 0.229167
29 0.292805 0.711806 0.031876 0.423611
26 0.245902 0.593750 0.034608 0.395833
29 0.194900 0.697917 0.030965 0.409722
18 0.143898 0.607639 0.021858 0.145833
4 0.102459 0.600694 0.042805 0.354167
2 0.030965 0.659722 0.034608 0.291667
19 0.062842 0.767361 0.016393 0.187500
