2 0.077007 0.264085 0.054230 0.190141
18 0.204989 0.482394 0.396963 0.133803
4 0.106291 0.742958 0.060738 0.232394
5 0.137744 0.242958 0.045553 0.218310
9 0.239696 0.757042 0.062907 0.218310
2 0.291757 0.672535 0.036876 0.161972
2 0.330803 0.140845 0.041215 0.169014
10 0.514100 0.450704 0.060738 0.140845
18 0.774403 0.433099 0.416486 0.105634
1 0.630152 0.242958 0.067245 0.246479
0 0.659436 0.746479 0.030369 0.281690
6 0.696312 0.242958 0.052061 0.232394
8 0.694143 0.746479 0.039046 0.239437
8 0.725597 0.750000 0.032538 0.274648
1 0.823210 0.144366 0.032538 0.161972
20 0.880694 0.253521 0.039046 0.154930
2 0.887202 0.637324 0.039046 0.133803
0 0.059653 0.785211 0.028200 0.176056
6 0.161605 0.753521 0.045553 0.211268
6 0.201735 0.228873 0.056399 0.232394
29 0.280911 0.274648 0.049892 0.253521
6 0.780911 0.721831 0.056399 0.218310
8 0.735358 0.214789 0.030369 0.232394
22 0.777657 0.257042 0.049892 0.176056
23 0.944685 0.200704 0.054230 0.260563
