0 0.044898 0.508197 0.028571 0.278689
8 0.083673 0.495902 0.036735 0.237705
6 0.128571 0.504098 0.044898 0.254098
19 0.170408 0.631148 0.026531 0.163934
2 0.220408 0.516393 0.053061 0.245902
2 0.328571 0.426230 0.032653 0.180328
10 0.409184 0.532787 0.038776 0.131148
19 0.608163 0.577869 0.024490 0.155738
0 0.650000 0.500000 0.026531 0.229508
21 0.776531 0.540984 0.022449 0.098361
2 0.847959 0.483607 0.042857 0.245902
4 0.887755 0.487705 0.040816 0.237705
29 0.289796 0.586066 0.048980 0.254098
0 0.497959 0.483607 0.028571 0.229508
7 0.533673 0.491803 0.034694 0.213115
5 0.569388 0.479508 0.036735 0.237705
4 0.704082 0.438525 0.048980 0.270492
29 0.944898 0.590164 0.040816 0.295082
