8 0.0320 0.6718 0.0198 0.2747
18 0.1678 0.3296 0.2868 0.1993
18 0.1131 0.1439 0.0256 0.0966
20 0.1133 0.6495 0.0207 0.2270
7 0.1856 0.0703 0.0217 0.1677
1 0.1907 0.6381 0.0226 0.2623
19 0.2115 0.7033 0.0076 0.0799
4 0.2315 0.6221 0.0237 0.2517
10 0.3175 0.2403 0.0267 0.1635
20 0.4142 0.2294 0.0254 0.1774
18 0.5520 0.2413 0.0237 0.0965
20 0.6586 0.2574 0.0158 0.2022
2 0.6962 0.2558 0.0211 0.2800
0 0.7135 0.3213 0.0079 0.1463
1 0.8535 0.1790 0.0141 0.1697
18 0.8918 0.2997 0.0196 0.0803
16 0.9598 0.3036 0.0185 0.3742
