11 0.036389 0.650289 0.029301 0.468208
18 0.096881 0.676301 0.016068 0.104046
20 0.184310 0.702312 0.024575 0.190751
12 0.246692 0.644509 0.022684 0.479769
8 0.272684 0.407514 0.017958 0.213873
18 0.295841 0.369942 0.020794 0.138728
1 0.336957 0.427746 0.027410 0.196532
18 0.340737 0.315029 0.021739 0.040462
0 0.342628 0.199422 0.012287 0.132948
10 0.419660 0.398844 0.020794 0.115607
17 0.452741 0.343931 0.022684 0.202312
2 0.563327 0.673410 0.028355 0.271676
1 0.686673 0.739884 0.036862 0.254335
4 0.764178 0.647399 0.033081 0.208092
2 0.838374 0.748555 0.032136 0.213873
20 0.938563 0.760116 0.024575 0.179191
24 0.059074 0.705202 0.025520 0.219653
22 0.144612 0.702312 0.030246 0.190751
23 0.220699 0.661850 0.023629 0.294798
29 0.383270 0.410405 0.019849 0.254335
18 0.504253 0.713873 0.025520 0.098266
29 0.609641 0.803468 0.032136 0.289017
26 0.652647 0.716763 0.027410 0.265896
29 0.727788 0.843931 0.026465 0.312139
25 0.797732 0.774566 0.018904 0.184971
24 0.890359 0.780347 0.028355 0.161850
4 0.974008 0.734104 0.029301 0.208092
