18 0.050647 0.423729 0.099138 0.152542
5 0.039871 0.686441 0.034483 0.322034
2 0.071121 0.156780 0.032328 0.296610
10 0.141164 0.483051 0.023707 0.203390
2 0.226832 0.377119 0.029095 0.364407
4 0.624461 0.377119 0.037716 0.415254
1 0.695582 0.377119 0.029095 0.347458
15 0.731142 0.406780 0.022629 0.457627
18 0.810884 0.394068 0.022629 0.110169
10 0.927802 0.495763 0.025862 0.144068
1 0.038254 0.245763 0.033405 0.288136
26 0.253772 0.423729 0.018319 0.372881
1 0.292026 0.394068 0.036638 0.279661
25 0.334591 0.453390 0.016164 0.262712
8 0.370690 0.436441 0.025862 0.330508
13 0.435884 0.478814 0.029095 0.618644
2 0.485453 0.423729 0.031250 0.322034
25 0.521552 0.449153 0.021552 0.254237
6 0.557651 0.406780 0.033405 0.338983
19 0.592134 0.572034 0.016164 0.161017
21 0.654634 0.512712 0.016164 0.144068
9 0.766703 0.406780 0.033405 0.305085
29 0.843211 0.483051 0.026940 0.474576
16 0.880927 0.453390 0.026940 0.381356
1 0.982220 0.406780 0.035560 0.355932
