1 0.289419 0.628205 0.064315 0.299145
10 0.396266 0.636752 0.041494 0.179487
17 0.497925 0.564103 0.045643 0.256410
19 0.534232 0.662393 0.018672 0.145299
17 0.585062 0.542735 0.045643 0.299145
17 0.633817 0.538462 0.043568 0.324786
5 0.876556 0.448718 0.056017 0.333333
13 0.081950 0.709402 0.056017 0.495726
2 0.161826 0.679487 0.058091 0.282051
26 0.231328 0.662393 0.056017 0.299145
4 0.691909 0.512821 0.064315 0.307692
8 0.745851 0.529915 0.039419 0.307692
6 0.807054 0.495726 0.066390 0.290598
14 0.935685 0.474359 0.045643 0.589744
