1 0.0164 0.4315 0.0248 0.2387
18 0.0941 0.4659 0.0229 0.0703
2 0.1961 0.3597 0.0150 0.1330
18 0.2450 0.4238 0.0231 0.0996
17 0.2865 0.4386 0.0233 0.1938
1 0.3348 0.4610 0.0299 0.2757
20 0.3839 0.4761 0.0321 0.1755
18 0.5535 0.4828 0.0185 0.0637
18 0.7407 0.5039 0.3011 0.1372
2 0.6081 0.2923 0.0280 0.2321
18 0.6646 0.7714 0.0216 0.0753
1 0.6683 0.1938 0.0203 0.1233
1 0.7047 0.7484 0.0239 0.2372
20 0.7028 0.2824 0.0157 0.1242
2 0.7640 0.2341 0.0137 0.1241
21 0.7692 0.7829 0.0110 0.0772
18 0.7955 0.3006 0.0176 0.0654
2 0.8074 0.7243 0.0212 0.2068
1 0.8394 0.2978 0.0245 0.2106
10 0.9188 0.4810 0.0201 0.1166
2 0.9887 0.4628 0.0183 0.2175
