2 0.060417 0.459184 0.054167 0.326531
1 0.185417 0.428571 0.054167 0.367347
1 0.302083 0.265306 0.029167 0.224490
20 0.383333 0.469388 0.033333 0.306122
2 0.491667 0.443878 0.045833 0.316327
1 0.578125 0.448980 0.047917 0.306122
1 0.692708 0.321429 0.027083 0.153061
10 0.756250 0.484694 0.033333 0.153061
1 0.841667 0.479592 0.050000 0.346939
1 0.965625 0.367347 0.035417 0.224490
25 0.109375 0.469388 0.018750 0.183673
29 0.260417 0.556122 0.054167 0.418367
26 0.535417 0.459184 0.037500 0.265306
29 0.655208 0.576531 0.052083 0.397959
29 0.909375 0.653061 0.052083 0.469388
