18 0.186627 0.351515 0.309381 0.133333
1 0.122754 0.560606 0.045908 0.139394
20 0.177645 0.636364 0.043912 0.169697
18 0.185629 0.224242 0.047904 0.084848
6 0.305389 0.536364 0.051896 0.175758
10 0.404192 0.400000 0.053892 0.193939
18 0.702595 0.372727 0.506986 0.139394
1 0.523952 0.196970 0.065868 0.236364
3 0.519960 0.666667 0.049900 0.242424
6 0.582834 0.648485 0.059880 0.242424
18 0.707585 0.184848 0.029940 0.066667
18 0.732535 0.681818 0.039920 0.066667
2 0.773453 0.145455 0.057884 0.242424
3 0.799401 0.648485 0.049900 0.218182
2 0.911178 0.578788 0.045908 0.127273
27 0.060878 0.672727 0.061876 0.145455
27 0.098802 0.236364 0.073852 0.145455
27 0.606786 0.218182 0.087824 0.133333
28 0.251497 0.669697 0.063872 0.139394
28 0.285429 0.172727 0.091816 0.151515
29 0.661677 0.757576 0.077844 0.290909
9 0.858283 0.687879 0.063872 0.151515
28 0.862275 0.160606 0.103792 0.175758
