18 0.1929 0.4487 0.3300 0.1679
1 0.0444 0.2145 0.0221 0.1751
8 0.1160 0.1396 0.0154 0.1240
18 0.1508 0.2154 0.0192 0.0728
2 0.1570 0.6927 0.0237 0.1487
2 0.1963 0.2029 0.0264 0.1785
19 0.2129 0.2528 0.0089 0.0788
8 0.2248 0.6649 0.0252 0.1921
4 0.2333 0.1915 0.0299 0.1618
8 0.3285 0.5956 0.0202 0.1600
8 0.3367 0.1898 0.0208 0.2013
18 0.3999 0.3994 0.0139 0.1246
11 0.4398 0.4090 0.0215 0.4193
18 0.4664 0.3988 0.0393 0.0459
17 0.5554 0.1477 0.0149 0.1377
8 0.5554 0.1477 0.0149 0.1377
18 0.5880 0.2083 0.0139 0.0568
19 0.6430 0.2299 0.0087 0.0696
5 0.6648 0.1661 0.0173 0.1877
4 0.6648 0.1661 0.0173 0.1877
2 0.7212 0.1903 0.0223 0.1706
1 0.7601 0.3360 0.0186 0.1822
19 0.7751 0.4130 0.0094 0.1312
8 0.8082 0.3218 0.0169 0.1851
21 0.9121 0.3472 0.0068 0.0334
8 0.9745 0.2143 0.0153 0.1455
