18 0.392498 0.526906 0.748399 0.130045
1 0.055810 0.233184 0.031107 0.188341
2 0.091949 0.733184 0.028362 0.165919
8 0.118939 0.217489 0.025618 0.192825
19 0.115737 0.789238 0.011894 0.089686
4 0.150046 0.704036 0.034767 0.188341
21 0.178866 0.762332 0.011894 0.071749
4 0.199909 0.089686 0.024703 0.161435
18 0.236048 0.204036 0.027447 0.076233
18 0.274931 0.730942 0.021043 0.053812
2 0.331199 0.704036 0.025618 0.161435
6 0.335773 0.159193 0.023788 0.156951
19 0.354071 0.775785 0.012809 0.089686
20 0.368253 0.246637 0.021043 0.134529
21 0.399360 0.746637 0.010064 0.067265
4 0.428637 0.233184 0.032022 0.206278
26 0.462489 0.733184 0.021043 0.192825
18 0.537511 0.260090 0.019213 0.062780
18 0.557640 0.744395 0.019213 0.053812
2 0.576853 0.257848 0.021043 0.165919
19 0.594694 0.322870 0.014639 0.116592
2 0.604758 0.733184 0.018298 0.165919
4 0.630833 0.248879 0.035682 0.192825
19 0.620769 0.802691 0.010064 0.089686
19 0.716377 0.791480 0.010979 0.085202
10 0.801006 0.582960 0.021043 0.116592
18 0.915371 0.571749 0.163769 0.085202
1 0.868253 0.762332 0.034767 0.179372
4 0.929552 0.760090 0.032937 0.192825
18 0.926807 0.363229 0.020128 0.071749
19 0.089661 0.293722 0.016468 0.103139
9 0.221866 0.744395 0.033852 0.107623
29 0.157823 0.262332 0.024703 0.237668
29 0.298262 0.273543 0.025618 0.206278
26 0.459286 0.244395 0.020128 0.165919
5 0.493596 0.233184 0.026532 0.161435
21 0.661940 0.320628 0.015554 0.076233
29 0.693962 0.349776 0.022873 0.233184
5 0.731016 0.217489 0.018298 0.130045
8 0.738335 0.760090 0.018298 0.165919
4 0.697164 0.733184 0.025618 0.147982
25 0.669716 0.748879 0.012809 0.116592
5 0.643184 0.733184 0.020128 0.165919
6 0.510522 0.719731 0.036597 0.192825
29 0.430467 0.775785 0.026532 0.251121
5 0.377402 0.701794 0.021043 0.165919
22 0.868253 0.378924 0.025618 0.121076
22 0.983532 0.728700 0.016468 0.094170
19 0.892498 0.849776 0.015554 0.112108
23 0.894328 0.291480 0.015554 0.134529
23 0.956542 0.336323 0.017383 0.161435
29 0.963403 0.863229 0.032937 0.219731
