2 0.060811 0.436364 0.054054 0.345455
19 0.104730 0.527273 0.033784 0.218182
4 0.166667 0.395455 0.063063 0.336364
20 0.239865 0.436364 0.033784 0.236364
19 0.364865 0.545455 0.027027 0.163636
10 0.586712 0.486364 0.060811 0.154545
2 0.702703 0.445455 0.063063 0.254545
19 0.738739 0.559091 0.031532 0.190909
1 0.918919 0.277273 0.054054 0.209091
8 0.310811 0.395455 0.045045 0.318182
6 0.415541 0.427273 0.051802 0.309091
29 0.489865 0.545455 0.060811 0.381818
4 0.782658 0.395455 0.065315 0.318182
29 0.846847 0.545455 0.063063 0.381818
