1 0.021399 0.306122 0.036534 0.408163
18 0.137787 0.357143 0.027140 0.142857
2 0.188413 0.306122 0.021921 0.367347
18 0.368998 0.331633 0.026096 0.173469
2 0.560543 0.331633 0.037578 0.357143
2 0.655532 0.341837 0.022965 0.397959
20 0.823591 0.352041 0.022965 0.336735
1 0.972860 0.362245 0.033403 0.459184
19 0.051148 0.479592 0.020877 0.224490
4 0.091858 0.321429 0.037578 0.418367
4 0.235386 0.285714 0.032359 0.387755
19 0.209290 0.469388 0.011482 0.183673
21 0.268789 0.377551 0.013570 0.204082
29 0.306367 0.469388 0.028184 0.551020
7 0.334029 0.127551 0.018789 0.234694
13 0.421190 0.413265 0.034447 0.704082
9 0.469207 0.331633 0.040710 0.316327
25 0.511482 0.357143 0.020877 0.265306
20 0.610125 0.367347 0.028184 0.244898
19 0.673800 0.500000 0.013570 0.204082
4 0.696764 0.311224 0.026096 0.377551
24 0.767223 0.382653 0.029228 0.295918
26 0.722338 0.474490 0.035491 0.438776
4 0.874739 0.392857 0.031315 0.418367
14 0.900835 0.464286 0.020877 0.826531
10 0.921190 0.454082 0.024008 0.234694
