11 0.031447 0.517391 0.037736 0.426087
9 0.066824 0.521739 0.048742 0.243478
18 0.125000 0.486957 0.033019 0.086957
12 0.225629 0.447826 0.033019 0.391304
1 0.263365 0.304348 0.039308 0.226087
20 0.301887 0.286957 0.028302 0.191304
10 0.431604 0.560870 0.048742 0.200000
18 0.572327 0.456522 0.037736 0.113043
12 0.643082 0.430435 0.034591 0.391304
20 0.839623 0.386957 0.031447 0.217391
29 0.177673 0.586957 0.044025 0.443478
29 0.355346 0.334783 0.037736 0.304348
11 0.492925 0.469565 0.036164 0.469565
29 0.522799 0.582609 0.036164 0.365217
0 0.615566 0.408696 0.023585 0.278261
15 0.696541 0.400000 0.044025 0.417391
27 0.768082 0.404348 0.067610 0.200000
28 0.906447 0.382609 0.061321 0.208696
16 0.962264 0.317391 0.047170 0.443478
