0 0.095652 0.524691 0.017391 0.259259
20 0.204348 0.777778 0.029565 0.296296
1 0.356522 0.419753 0.031304 0.296296
8 0.388696 0.358025 0.026087 0.271605
2 0.631304 0.228395 0.034783 0.308642
10 0.769565 0.604938 0.043478 0.197531
1 0.850435 0.462963 0.041739 0.456790
6 0.936522 0.419753 0.053913 0.419753
28 0.057391 0.759259 0.041739 0.259259
6 0.122609 0.524691 0.029565 0.259259
0 0.144348 0.524691 0.013913 0.259259
28 0.306957 0.746914 0.053913 0.259259
6 0.422609 0.364198 0.045217 0.259259
20 0.490435 0.691358 0.027826 0.320988
28 0.582609 0.611111 0.045217 0.259259
6 0.666957 0.203704 0.036522 0.283951
8 0.695652 0.209877 0.024348 0.320988
4 0.894783 0.450617 0.043478 0.407407
