20 0.167904 0.511905 0.024119 0.428571
10 0.299165 0.595238 0.025046 0.285714
2 0.371521 0.291667 0.017625 0.369048
20 0.476809 0.476190 0.022263 0.357143
20 0.559833 0.511905 0.015770 0.285714
11 0.614564 0.404762 0.013915 0.619048
20 0.775510 0.404762 0.020408 0.428571
11 0.846011 0.303571 0.016698 0.511905
11 0.022727 0.523810 0.025046 0.785714
22 0.043599 0.535714 0.024119 0.380952
20 0.083024 0.523810 0.021336 0.357143
23 0.136364 0.440476 0.025974 0.523810
24 0.212894 0.470238 0.026902 0.392857
12 0.246753 0.464286 0.020408 0.690476
2 0.262059 0.273810 0.017625 0.357143
22 0.348794 0.589286 0.025974 0.297619
20 0.399351 0.535714 0.021336 0.285714
23 0.430891 0.482143 0.019481 0.464286
2 0.448980 0.250000 0.012987 0.261905
24 0.512987 0.523810 0.024119 0.357143
2 0.533859 0.315476 0.015770 0.226190
2 0.591837 0.517857 0.022263 0.392857
22 0.637755 0.517857 0.023191 0.297619
20 0.660019 0.494048 0.019481 0.273810
23 0.686456 0.440476 0.018553 0.476190
12 0.704545 0.392857 0.017625 0.523810
11 0.730519 0.386905 0.023191 0.607143
23 0.750928 0.357143 0.019481 0.428571
24 0.803340 0.422619 0.020408 0.297619
12 0.820037 0.345238 0.020408 0.642857
22 0.874304 0.398810 0.026902 0.321429
20 0.905844 0.339286 0.023191 0.297619
24 0.942022 0.369048 0.023191 0.333333
12 0.968460 0.315476 0.025974 0.607143
