6 0.122146 0.384615 0.052511 0.192308
18 0.199772 0.514423 0.057078 0.086538
1 0.292237 0.480769 0.068493 0.307692
6 0.359589 0.375000 0.047945 0.250000
20 0.497717 0.471154 0.041096 0.192308
1 0.574201 0.480769 0.052511 0.269231
2 0.686073 0.485577 0.057078 0.298077
6 0.800228 0.370192 0.038813 0.221154
10 0.845890 0.543269 0.038813 0.144231
6 0.633562 0.480769 0.043379 0.269231
24 0.077626 0.567308 0.059361 0.192308
24 0.413242 0.495192 0.054795 0.221154
29 0.755708 0.625000 0.050228 0.403846
8 0.905251 0.451923 0.052511 0.326923
