9 0.119461 0.666667 0.057803 0.344828
1 0.168593 0.482759 0.032755 0.275862
20 0.223507 0.632184 0.026975 0.275862
4 0.282274 0.568966 0.040462 0.356322
18 0.418112 0.597701 0.030829 0.114943
12 0.519268 0.505747 0.040462 0.620690
11 0.570328 0.505747 0.026975 0.551724
9 0.627168 0.551724 0.052023 0.321839
18 0.679191 0.551724 0.028902 0.114943
1 0.723507 0.494253 0.055877 0.413793
12 0.782274 0.419540 0.030829 0.609195
10 0.858382 0.586207 0.052023 0.229885
9 0.331407 0.632184 0.050096 0.229885
11 0.054913 0.580460 0.036609 0.678161
4 0.456647 0.540230 0.042389 0.367816
4 0.940270 0.362069 0.084778 0.540230
