18 0.127479 0.346575 0.253069 0.063014
2 0.032578 0.213699 0.023607 0.120548
2 0.084986 0.486301 0.020774 0.079452
6 0.085458 0.093151 0.019830 0.082192
1 0.124646 0.093151 0.026440 0.087671
18 0.167611 0.145205 0.019830 0.032877
4 0.220019 0.146575 0.030217 0.112329
18 0.516053 0.361644 0.295562 0.038356
18 0.512276 0.212329 0.237016 0.041096
2 0.427290 0.283562 0.023607 0.084932
18 0.532106 0.617808 0.184136 0.046575
1 0.483475 0.152055 0.026440 0.073973
1 0.479226 0.253425 0.016053 0.052055
2 0.483003 0.694521 0.023607 0.084932
18 0.539188 0.771233 0.134089 0.052055
0 0.489141 0.043836 0.011331 0.060274
20 0.512276 0.284932 0.019830 0.060274
21 0.515581 0.105479 0.015109 0.041096
0 0.542021 0.283562 0.011331 0.073973
18 0.568461 0.283562 0.016997 0.030137
1 0.578848 0.053425 0.026440 0.068493
10 0.720019 0.363014 0.033050 0.068493
0 0.797923 0.352055 0.016997 0.112329
1 0.827668 0.342466 0.031161 0.136986
19 0.881020 0.394521 0.016997 0.065753
2 0.914070 0.357534 0.022663 0.084932
21 0.944287 0.384932 0.013220 0.041096
29 0.065156 0.167123 0.016997 0.093151
9 0.057602 0.563014 0.035883 0.095890
18 0.114731 0.472603 0.016053 0.030137
1 0.137394 0.472603 0.023607 0.079452
29 0.173277 0.494521 0.023607 0.106849
10 0.298867 0.367123 0.029273 0.076712
18 0.488669 0.093151 0.033050 0.032877
9 0.548631 0.108219 0.035883 0.073973
9 0.459396 0.293151 0.029273 0.071233
29 0.597262 0.304110 0.029273 0.093151
0 0.519358 0.443836 0.016997 0.098630
18 0.525968 0.497260 0.071766 0.046575
27 0.529273 0.564384 0.053824 0.065753
26 0.509443 0.702740 0.025496 0.090411
29 0.542493 0.871233 0.033050 0.147945
1 0.532578 0.704110 0.030217 0.098630
25 0.561379 0.706849 0.012276 0.076712
3 0.587347 0.702740 0.028329 0.095890
7 0.858357 0.342466 0.022663 0.126027
29 0.972616 0.383562 0.032106 0.142466
21 0.101511 0.109589 0.010387 0.043836
