5 0.108654 0.635135 0.036538 0.432432
10 0.340385 0.581081 0.050000 0.297297
1 0.434615 0.425676 0.061538 0.527027
1 0.489423 0.398649 0.048077 0.527027
2 0.553846 0.412162 0.050000 0.527027
2 0.626923 0.371622 0.057692 0.500000
1 0.737500 0.324324 0.051923 0.513514
10 0.825962 0.385135 0.044231 0.256757
5 0.057692 0.655405 0.042308 0.445946
6 0.154808 0.635135 0.048077 0.486486
5 0.207692 0.581081 0.042308 0.459459
5 0.254808 0.533784 0.036538 0.500000
1 0.489423 0.398649 0.055769 0.527027
1 0.681731 0.351351 0.051923 0.513514
17 0.912500 0.229730 0.055769 0.432432
