18 0.109081 0.557592 0.094990 0.089005
2 0.092902 0.397906 0.025052 0.188482
19 0.105428 0.787958 0.010438 0.089005
4 0.135177 0.701571 0.036534 0.209424
4 0.135699 0.358639 0.027140 0.214660
18 0.294363 0.489529 0.025052 0.099476
11 0.341858 0.570681 0.036534 0.544503
18 0.376305 0.505236 0.053236 0.078534
2 0.371608 0.688482 0.041754 0.225131
12 0.415971 0.570681 0.030271 0.534031
18 0.610647 0.442408 0.029228 0.068063
15 0.673800 0.505236 0.034447 0.434555
11 0.707203 0.502618 0.028184 0.460733
12 0.776618 0.481675 0.029228 0.502618
16 0.844990 0.476440 0.040710 0.439791
1 0.962422 0.431937 0.056367 0.287958
13 0.031315 0.557592 0.027140 0.455497
5 0.082463 0.725131 0.025052 0.193717
19 0.110125 0.437173 0.009395 0.099476
21 0.187370 0.536649 0.011482 0.089005
29 0.236952 0.570681 0.029228 0.293194
0 0.371608 0.379581 0.018789 0.151832
27 0.457724 0.256545 0.040710 0.125654
28 0.502610 0.154450 0.036534 0.120419
14 0.553758 0.437173 0.032359 0.570681
1 0.737996 0.633508 0.039666 0.198953
2 0.733820 0.348168 0.031315 0.193717
18 0.736430 0.505236 0.055324 0.078534
28 0.830376 0.188482 0.038622 0.146597
10 0.889875 0.500000 0.030271 0.120419
