18 0.142777 0.286364 0.032475 0.154545
18 0.606943 0.381818 0.024636 0.109091
2 0.697648 0.263636 0.017917 0.200000
18 0.735722 0.409091 0.029115 0.127273
10 0.847704 0.418182 0.026876 0.200000
1 0.951288 0.422727 0.034714 0.336364
27 0.033035 0.340909 0.054871 0.209091
28 0.091825 0.100000 0.029115 0.181818
1 0.199328 0.300000 0.031355 0.345455
19 0.217245 0.422727 0.011198 0.172727
4 0.249720 0.218182 0.029115 0.345455
26 0.296753 0.290909 0.033595 0.381818
2 0.339306 0.313636 0.033595 0.336364
19 0.369541 0.431818 0.013438 0.172727
4 0.402576 0.272727 0.030235 0.345455
20 0.456327 0.322727 0.023516 0.245455
2 0.506719 0.359091 0.030235 0.300000
21 0.533595 0.468182 0.012318 0.118182
29 0.559910 0.509091 0.029115 0.454545
29 0.666293 0.518182 0.029115 0.418182
29 0.787234 0.522727 0.024636 0.409091
0 0.886898 0.386364 0.013438 0.263636
26 0.914334 0.386364 0.019037 0.300000
