18 0.152318 0.438356 0.291391 0.109589
20 0.134658 0.712329 0.039735 0.150685
18 0.181015 0.164384 0.030905 0.054795
18 0.385210 0.397260 0.055188 0.068493
18 0.584989 0.400685 0.317881 0.130137
1 0.492274 0.263699 0.066225 0.226027
18 0.567329 0.715753 0.044150 0.089041
20 0.609272 0.222603 0.030905 0.157534
2 0.653422 0.215753 0.035320 0.198630
6 0.695364 0.582192 0.052980 0.150685
2 0.733996 0.154110 0.037528 0.130137
10 0.791391 0.410959 0.037528 0.150685
1 0.863135 0.393836 0.044150 0.212329
2 0.962472 0.301370 0.026490 0.150685
9 0.037528 0.743151 0.061810 0.171233
9 0.224062 0.181507 0.046358 0.102740
27 0.088300 0.609589 0.048565 0.095890
27 0.080574 0.291096 0.059603 0.130137
28 0.260486 0.613014 0.048565 0.130137
29 0.206402 0.780822 0.050773 0.273973
28 0.143488 0.174658 0.039735 0.089041
27 0.485651 0.746575 0.070640 0.150685
29 0.642384 0.773973 0.061810 0.246575
29 0.693157 0.311644 0.030905 0.212329
29 0.559603 0.260274 0.037528 0.205479
29 0.920530 0.469178 0.039735 0.226027
