20 0.153582 0.638889 0.024534 0.146465
2 0.379293 0.560606 0.038273 0.252525
20 0.461237 0.560606 0.027478 0.202020
2 0.532875 0.530303 0.023553 0.242424
1 0.705103 0.482323 0.028459 0.277778
19 0.738469 0.535354 0.010795 0.111111
20 0.823847 0.462121 0.026497 0.156566
18 0.917566 0.449495 0.096173 0.101010
4 0.905299 0.280303 0.024534 0.227273
14 0.980864 0.484848 0.022571 0.555556
13 0.022571 0.714646 0.033366 0.550505
27 0.088813 0.646465 0.057900 0.161616
27 0.229146 0.631313 0.050049 0.141414
6 0.272326 0.391414 0.028459 0.186869
26 0.315505 0.585859 0.055937 0.505051
19 0.552502 0.636364 0.013739 0.141414
4 0.590285 0.489899 0.036310 0.262626
18 0.639352 0.532828 0.028459 0.095960
2 0.780177 0.467172 0.037291 0.227273
6 0.934249 0.116162 0.021590 0.181818
29 0.926398 0.709596 0.039254 0.338384
