2 0.070191 0.453608 0.025997 0.226804
18 0.093588 0.603093 0.031196 0.092784
2 0.184575 0.422680 0.022530 0.247423
1 0.185442 0.407216 0.020797 0.195876
10 0.246101 0.623711 0.038128 0.216495
11 0.331023 0.525773 0.034662 0.577320
18 0.416811 0.603093 0.036395 0.134021
2 0.523397 0.376289 0.020797 0.278351
20 0.563258 0.592784 0.038128 0.319588
2 0.628250 0.561856 0.036395 0.319588
1 0.704506 0.500000 0.022530 0.216495
18 0.792894 0.582474 0.019064 0.113402
2 0.850953 0.582474 0.041594 0.298969
1 0.974870 0.438144 0.039861 0.195876
22 0.045927 0.644330 0.039861 0.237113
22 0.373484 0.639175 0.039861 0.226804
23 0.461872 0.536082 0.032929 0.391753
23 0.149047 0.556701 0.031196 0.329897
22 0.667244 0.644330 0.038128 0.237113
23 0.742634 0.510309 0.036395 0.422680
22 0.896880 0.639175 0.039861 0.247423
23 0.941941 0.551546 0.036395 0.463918
12 0.492201 0.530928 0.031196 0.484536
