0 0.055154 0.621875 0.023508 0.218750
18 0.232369 0.412500 0.432188 0.162500
2 0.074141 0.225000 0.054250 0.225000
1 0.101266 0.609375 0.050633 0.218750
2 0.125678 0.209375 0.045208 0.231250
1 0.175407 0.212500 0.050633 0.237500
1 0.245027 0.515625 0.041591 0.143750
18 0.277577 0.518750 0.023508 0.050000
0 0.305606 0.500000 0.018083 0.162500
18 0.368897 0.612500 0.050633 0.075000
1 0.418626 0.609375 0.045208 0.218750
10 0.531646 0.400000 0.050633 0.125000
2 0.647378 0.281250 0.061483 0.250000
1 0.704340 0.281250 0.059675 0.237500
19 0.805606 0.393750 0.023508 0.150000
4 0.869801 0.265625 0.072333 0.256250
29 0.254069 0.250000 0.056058 0.212500
29 0.216094 0.703125 0.056058 0.281250
0 0.761302 0.262500 0.025316 0.262500
29 0.943038 0.415625 0.066908 0.406250
4 0.158228 0.584375 0.056058 0.181250
