18 0.132633 0.401361 0.015015 0.081633
20 0.279279 0.435374 0.022022 0.231293
1 0.332332 0.401361 0.024024 0.299320
9 0.416917 0.465986 0.031031 0.197279
20 0.452452 0.442177 0.020020 0.149660
18 0.552553 0.411565 0.022022 0.102041
1 0.596597 0.404762 0.032032 0.224490
2 0.655155 0.438776 0.025025 0.238095
18 0.858358 0.397959 0.077077 0.115646
8 0.854354 0.608844 0.031031 0.278912
10 0.932933 0.448980 0.026026 0.149660
13 0.037037 0.442177 0.024024 0.448980
14 0.227227 0.448980 0.022022 0.503401
27 0.084585 0.425170 0.039039 0.197279
28 0.182182 0.404762 0.028028 0.156463
13 0.382382 0.435374 0.028028 0.435374
29 0.483984 0.523810 0.025025 0.353741
14 0.507508 0.425170 0.018018 0.482993
26 0.622623 0.431973 0.026026 0.265306
20 0.695195 0.442177 0.017017 0.163265
4 0.741742 0.414966 0.028028 0.231293
19 0.758258 0.534014 0.015015 0.142857
5 0.782282 0.414966 0.029029 0.244898
21 0.811812 0.493197 0.012012 0.088435
6 0.854354 0.224490 0.033033 0.217687
29 0.975976 0.517007 0.022022 0.380952
