2 0.055556 0.424779 0.041459 0.353982
6 0.092040 0.407080 0.031509 0.336283
5 0.135987 0.407080 0.053068 0.353982
2 0.256219 0.283186 0.044776 0.265487
20 0.332504 0.486726 0.038143 0.265487
1 0.509121 0.455752 0.063018 0.380531
10 0.661692 0.548673 0.036484 0.194690
4 0.859867 0.460177 0.048093 0.353982
9 0.909619 0.513274 0.044776 0.230088
1 0.955224 0.353982 0.039801 0.230088
29 0.208126 0.601770 0.054726 0.442478
0 0.413765 0.415929 0.031509 0.318584
26 0.457711 0.438053 0.043118 0.327434
29 0.582090 0.601770 0.049751 0.460177
5 0.733002 0.446903 0.046434 0.380531
25 0.787728 0.535398 0.023217 0.203540
