2 0.112069 0.367550 0.060345 0.178808
10 0.206897 0.516556 0.025862 0.132450
9 0.349138 0.493377 0.068966 0.178808
2 0.398707 0.367550 0.047414 0.178808
10 0.504310 0.516556 0.056034 0.145695
11 0.610991 0.480132 0.066810 0.708609
18 0.691810 0.523179 0.168103 0.105960
2 0.747845 0.268212 0.038793 0.165563
2 0.745690 0.675497 0.030172 0.132450
12 0.820043 0.463576 0.058190 0.609272
18 0.886853 0.185430 0.045259 0.052980
29 0.054957 0.599338 0.058190 0.311258
29 0.692888 0.791391 0.045259 0.298013
9 0.685345 0.350993 0.073276 0.158940
0 0.948276 0.139073 0.025862 0.185430
