1 0.106250 0.431193 0.037500 0.275229
19 0.195139 0.600917 0.015278 0.155963
0 0.241667 0.486239 0.016667 0.275229
1 0.268056 0.477064 0.036111 0.275229
2 0.377778 0.403670 0.022222 0.201835
18 0.430556 0.536697 0.033333 0.100917
19 0.568750 0.642202 0.015278 0.165138
9 0.663194 0.541284 0.034722 0.238532
2 0.688889 0.385321 0.019444 0.183486
20 0.745139 0.536697 0.020833 0.192661
1 0.796528 0.472477 0.040278 0.321101
10 0.868750 0.527523 0.034722 0.174312
17 0.919444 0.463303 0.036111 0.284404
6 0.054861 0.399083 0.031944 0.321101
4 0.154861 0.431193 0.043056 0.275229
29 0.337500 0.669725 0.038889 0.385321
0 0.500000 0.532110 0.016667 0.293578
4 0.537500 0.481651 0.041667 0.321101
5 0.611111 0.495413 0.030556 0.311927
