2 0.041929 0.665000 0.058700 0.330000
6 0.095388 0.635000 0.044025 0.350000
11 0.134172 0.365000 0.025157 0.270000
2 0.174004 0.380000 0.033543 0.200000
1 0.243187 0.295000 0.033543 0.170000
20 0.286164 0.385000 0.027254 0.190000
0 0.327044 0.355000 0.020964 0.290000
11 0.401468 0.315000 0.031447 0.350000
18 0.488470 0.340000 0.033543 0.100000
0 0.520964 0.330000 0.014675 0.240000
4 0.710692 0.605000 0.054507 0.330000
10 0.864780 0.645000 0.056604 0.190000
9 0.207547 0.405000 0.033543 0.170000
12 0.356394 0.345000 0.041929 0.370000
29 0.446541 0.430000 0.037736 0.300000
12 0.542977 0.305000 0.037736 0.370000
18 0.609015 0.700000 0.039832 0.100000
29 0.781971 0.410000 0.046122 0.300000
17 0.948637 0.540000 0.052411 0.340000
