2 0.077329 0.398810 0.021090 0.321429
18 0.118629 0.529762 0.033392 0.130952
10 0.241652 0.547619 0.033392 0.214286
11 0.318981 0.505952 0.026362 0.630952
18 0.394552 0.523810 0.029877 0.142857
2 0.497364 0.291667 0.021090 0.273810
20 0.552724 0.476190 0.033392 0.261905
2 0.631810 0.440476 0.040422 0.380952
11 0.744288 0.505952 0.026362 0.559524
12 0.942882 0.476190 0.047452 0.785714
22 0.043058 0.571429 0.040422 0.261905
23 0.166960 0.464286 0.028120 0.380952
2 0.193322 0.357143 0.028120 0.214286
22 0.349736 0.500000 0.035149 0.261905
23 0.430580 0.452381 0.035149 0.404762
12 0.470123 0.446429 0.022847 0.440476
22 0.673989 0.517857 0.036907 0.273810
23 0.713533 0.476190 0.028120 0.428571
22 0.791740 0.547619 0.043937 0.285714
18 0.847979 0.607143 0.029877 0.119048
23 0.900703 0.476190 0.040422 0.452381
