18 0.217043 0.473171 0.407721 0.175610
1 0.080979 0.192683 0.018832 0.170732
18 0.109699 0.782927 0.021657 0.073171
18 0.115819 0.280488 0.026365 0.082927
20 0.235405 0.243902 0.024482 0.175610
2 0.287194 0.709756 0.024482 0.200000
9 0.318267 0.121951 0.033898 0.156098
10 0.469868 0.397561 0.026365 0.131707
0 0.530603 0.348780 0.016008 0.229268
4 0.569680 0.326829 0.020716 0.234146
18 0.697269 0.268293 0.016008 0.087805
18 0.897834 0.221951 0.023540 0.053659
29 0.051789 0.339024 0.022599 0.258537
