10 0.265625 0.517578 0.078125 0.058594
17 0.466797 0.562500 0.050781 0.046875
10 0.406250 0.562500 0.046875 0.046875
18 0.785156 0.509766 0.054688 0.027344
11 0.654297 0.496094 0.058594 0.093750
12 0.171875 0.486328 0.046875 0.121094
11 0.091797 0.482422 0.035156 0.089844
12 0.898438 0.496094 0.039062 0.101562
28 0.357422 0.564453 0.058594 0.058594
22 0.542969 0.501953 0.054688 0.058594
28 0.595703 0.517578 0.042969 0.058594
22 0.861328 0.509766 0.058594 0.050781
28 0.951172 0.453125 0.066406 0.046875
