17 0.050781 0.500000 0.070312 0.062500
4 0.244141 0.500000 0.058594 0.078125
8 0.558594 0.496094 0.054688 0.078125
1 0.296875 0.500000 0.046875 0.078125
11 0.445312 0.494141 0.046875 0.113281
18 0.828125 0.494141 0.046875 0.035156
20 0.156250 0.484375 0.078125 0.062500
18 0.158203 0.527344 0.066406 0.023438
9 0.369141 0.519531 0.074219 0.070312
0 0.482422 0.509766 0.027344 0.105469
5 0.513672 0.501953 0.035156 0.089844
20 0.625000 0.505859 0.054688 0.058594
0 0.671875 0.503906 0.046875 0.078125
8 0.718750 0.500000 0.046875 0.093750
5 0.771484 0.505859 0.050781 0.097656
4 0.873047 0.507812 0.042969 0.078125
7 0.919922 0.500000 0.035156 0.093750
12 0.964844 0.494141 0.046875 0.128906
