0 0.017578 0.496094 0.027344 0.085938
4 0.093750 0.500000 0.046875 0.093750
1 0.308594 0.500000 0.046875 0.078125
5 0.263672 0.498047 0.035156 0.066406
0 0.427734 0.496094 0.027344 0.070312
12 0.539062 0.501953 0.039062 0.105469
2 0.501953 0.501953 0.042969 0.074219
1 0.699219 0.500000 0.046875 0.078125
1 0.777344 0.509766 0.046875 0.082031
17 0.824219 0.500000 0.039062 0.078125
17 0.873047 0.496094 0.050781 0.078125
17 0.462891 0.500000 0.035156 0.078125
6 0.054688 0.500000 0.046875 0.078125
9 0.167969 0.509766 0.054688 0.058594
11 0.203125 0.500000 0.046875 0.109375
0 0.236328 0.496094 0.027344 0.078125
9 0.365234 0.519531 0.050781 0.054688
8 0.744141 0.501953 0.035156 0.082031
4 0.923828 0.498047 0.042969 0.058594
17 0.962891 0.498047 0.042969 0.066406
