17 0.134766 0.494141 0.105469 0.136719
19 0.203125 0.562500 0.062500 0.062500
20 0.312500 0.468750 0.093750 0.078125
18 0.316406 0.531250 0.093750 0.046875
0 0.421875 0.480469 0.109375 0.156250
19 0.498047 0.562500 0.058594 0.046875
0 0.693359 0.500000 0.105469 0.140625
20 0.593750 0.496094 0.078125 0.070312
18 0.589844 0.546875 0.078125 0.031250
17 0.880859 0.500000 0.089844 0.132812
19 0.765625 0.554688 0.046875 0.062500
11 0.039062 0.482422 0.054688 0.230469
12 0.964844 0.503906 0.046875 0.226562
