10 0.171875 0.511719 0.062500 0.054688
11 0.273438 0.496094 0.046875 0.117188
12 0.964844 0.484375 0.062500 0.156250
9 0.054688 0.488281 0.085938 0.109375
9 0.328125 0.515625 0.062500 0.062500
9 0.484375 0.513672 0.062500 0.074219
9 0.853516 0.515625 0.066406 0.046875
0 0.386719 0.531250 0.023438 0.046875
19 0.429688 0.544922 0.031250 0.050781
1 0.535156 0.531250 0.046875 0.046875
19 0.609375 0.544922 0.031250 0.058594
19 0.773438 0.529297 0.046875 0.066406
21 0.656250 0.529297 0.031250 0.035156
21 0.703125 0.531250 0.031250 0.046875
