2 0.033203 0.500000 0.058594 0.070312
10 0.140625 0.527344 0.046875 0.046875
5 0.324219 0.509766 0.054688 0.082031
20 0.375000 0.529297 0.046875 0.050781
20 0.796875 0.562500 0.031250 0.046875
20 0.531250 0.529297 0.046875 0.042969
5 0.484375 0.513672 0.046875 0.089844
5 0.625000 0.529297 0.031250 0.066406
20 0.656250 0.546875 0.031250 0.046875
21 0.867188 0.578125 0.023438 0.031250
21 0.826172 0.572266 0.019531 0.027344
21 0.843750 0.574219 0.015625 0.031250
5 0.757812 0.558594 0.046875 0.062500
