2 0.195842 0.500000 0.045952 0.632653
18 0.354486 0.500000 0.039387 0.265306
10 0.563457 0.561224 0.050328 0.387755
11 0.677243 0.428571 0.045952 0.612245
18 0.820569 0.448980 0.048140 0.244898
12 0.955142 0.397959 0.032823 0.714286
24 0.030635 0.653061 0.043764 0.448980
2 0.078775 0.397959 0.030635 0.469388
24 0.247265 0.551020 0.030635 0.408163
2 0.427790 0.510204 0.041575 0.489796
18 0.152079 0.530612 0.028446 0.163265
24 0.718818 0.489796 0.037199 0.367347
2 0.754923 0.275510 0.026258 0.387755
24 0.886214 0.459184 0.035011 0.428571
