3 0.106811 0.327778 0.030960 0.411111
18 0.198916 0.533333 0.054180 0.177778
18 0.419505 0.450000 0.043344 0.166667
5 0.486842 0.372222 0.038700 0.455556
1 0.489164 0.350000 0.037152 0.455556
10 0.612229 0.411111 0.047988 0.355556
3 0.783282 0.272222 0.034056 0.455556
20 0.855263 0.433333 0.035604 0.400000
5 0.028638 0.438889 0.038700 0.411111
29 0.068111 0.644444 0.037152 0.555556
5 0.285604 0.394444 0.032508 0.500000
29 0.334365 0.588889 0.037152 0.511111
29 0.744582 0.605556 0.040248 0.566667
11 0.697368 0.388889 0.047988 0.577778
12 0.975232 0.355556 0.027864 0.555556
29 0.910991 0.627778 0.047988 0.544444
