18 0.427434 0.475410 0.040708 0.196721
12 0.978761 0.418033 0.042478 0.606557
2 0.833628 0.180328 0.035398 0.327869
18 0.890265 0.319672 0.035398 0.180328
2 0.258407 0.483607 0.038938 0.442623
2 0.501770 0.442623 0.037168 0.491803
18 0.209735 0.491803 0.040708 0.196721
10 0.638053 0.393443 0.037168 0.327869
29 0.042478 0.688525 0.035398 0.622951
2 0.079646 0.327869 0.035398 0.426230
29 0.781416 0.524590 0.033628 0.622951
11 0.746903 0.442623 0.028319 0.590164
29 0.932743 0.540984 0.038938 0.721311
29 0.301770 0.663934 0.037168 0.639344
