2 0.140299 0.203846 0.026866 0.269231
20 0.219403 0.392308 0.038806 0.230769
20 0.474627 0.473077 0.041791 0.253846
6 0.571642 0.438462 0.056716 0.307692
10 0.658209 0.542308 0.047761 0.192308
2 0.810448 0.438462 0.035821 0.261538
29 0.097015 0.553846 0.041791 0.476923
29 0.385075 0.576923 0.035821 0.446154
29 0.773881 0.669231 0.034328 0.384615
29 0.915672 0.746154 0.046269 0.446154
12 0.967164 0.592308 0.044776 0.430769
11 0.726866 0.503846 0.053731 0.500000
6 0.044030 0.392308 0.058209 0.323077
6 0.327612 0.426923 0.058209 0.346154
