3 0.121212 0.218391 0.033670 0.413793
20 0.223906 0.350575 0.043771 0.333333
20 0.457071 0.454023 0.045455 0.356322
10 0.651515 0.500000 0.050505 0.310345
20 0.831650 0.551724 0.037037 0.390805
12 0.951178 0.614943 0.040404 0.701149
29 0.085859 0.459770 0.033670 0.436782
6 0.031987 0.321839 0.057239 0.505747
6 0.311448 0.327586 0.050505 0.425287
6 0.569024 0.419540 0.050505 0.471264
6 0.772727 0.396552 0.047138 0.287356
29 0.727273 0.672414 0.033670 0.540230
29 0.882155 0.718391 0.040404 0.540230
29 0.359428 0.545977 0.038721 0.540230
11 0.702020 0.494253 0.037037 0.551724
