22 0.086847 0.448276 0.032040 0.321839
5 0.123103 0.229885 0.030354 0.367816
20 0.430017 0.482759 0.043845 0.344828
10 0.633221 0.580460 0.052277 0.264368
11 0.693086 0.528736 0.030354 0.413793
1 0.787521 0.385057 0.043845 0.241379
20 0.833895 0.545977 0.035413 0.287356
12 0.943508 0.626437 0.035413 0.540230
22 0.314503 0.488506 0.042159 0.264368
22 0.747049 0.591954 0.047218 0.310345
22 0.881113 0.603448 0.038786 0.264368
2 0.525295 0.494253 0.052277 0.413793
8 0.028668 0.356322 0.040472 0.551724
20 0.211636 0.419540 0.035413 0.287356
