1 0.149558 0.164474 0.040708 0.302632
20 0.408850 0.427632 0.049558 0.434211
12 0.959292 0.539474 0.046018 0.921053
3 0.045133 0.309211 0.051327 0.592105
24 0.102655 0.361842 0.035398 0.328947
20 0.198230 0.289474 0.031858 0.368421
3 0.268142 0.368421 0.044248 0.526316
24 0.330088 0.434211 0.051327 0.421053
3 0.518584 0.388158 0.063717 0.539474
10 0.633628 0.519737 0.046018 0.276316
11 0.717699 0.414474 0.051327 0.723684
24 0.756637 0.493421 0.044248 0.355263
20 0.823009 0.414474 0.042478 0.355263
24 0.900000 0.506579 0.051327 0.355263
1 0.787611 0.217105 0.038938 0.328947
