20 0.184801 0.458333 0.037997 0.321429
5 0.294473 0.416667 0.046632 0.428571
20 0.449050 0.535714 0.031088 0.285714
5 0.516408 0.511905 0.048359 0.476190
10 0.632988 0.583333 0.036269 0.261905
20 0.847150 0.577381 0.039724 0.273810
12 0.981865 0.648810 0.036269 0.702381
24 0.073402 0.422619 0.039724 0.321429
24 0.354059 0.523810 0.041451 0.309524
24 0.755613 0.595238 0.036269 0.285714
24 0.913644 0.636905 0.037997 0.273810
11 0.702936 0.488095 0.044905 0.476190
1 0.794473 0.452381 0.034542 0.261905
1 0.128670 0.184524 0.032815 0.321429
7 0.022453 0.303571 0.041451 0.511905
