20 0.217320 0.476744 0.042484 0.348837
20 0.477124 0.534884 0.039216 0.302326
10 0.625000 0.587209 0.040850 0.267442
3 0.800654 0.505814 0.029412 0.313953
12 0.970588 0.674419 0.042484 0.651163
3 0.044118 0.395349 0.052288 0.581395
3 0.138072 0.209302 0.034314 0.395349
3 0.313725 0.459302 0.042484 0.500000
3 0.560458 0.500000 0.042484 0.534884
28 0.914216 0.656977 0.044118 0.267442
28 0.759804 0.668605 0.042484 0.290698
28 0.373366 0.488372 0.050654 0.348837
28 0.103758 0.430233 0.044118 0.279070
11 0.710784 0.598837 0.035948 0.523256
20 0.852941 0.645349 0.032680 0.383721
