20 0.225042 0.506667 0.040609 0.373333
5 0.323181 0.440000 0.054146 0.506667
20 0.459391 0.593333 0.038917 0.333333
5 0.551607 0.473333 0.054146 0.573333
10 0.668359 0.646667 0.050761 0.280000
1 0.827411 0.446667 0.047377 0.333333
20 0.884095 0.653333 0.035533 0.293333
28 0.104061 0.420000 0.035533 0.333333
28 0.369712 0.513333 0.035533 0.306667
28 0.783418 0.640000 0.033841 0.240000
28 0.937394 0.660000 0.043993 0.280000
12 0.983926 0.653333 0.032149 0.693333
11 0.730964 0.586667 0.043993 0.560000
1 0.156514 0.233333 0.038917 0.333333
5 0.043993 0.326667 0.047377 0.600000
