2 0.022364 0.333333 0.041534 0.430108
2 0.112620 0.155914 0.023962 0.290323
2 0.287540 0.397849 0.041534 0.430108
20 0.444888 0.548387 0.030351 0.279570
2 0.534345 0.580645 0.039936 0.494624
10 0.617412 0.741935 0.049521 0.215054
11 0.691693 0.688172 0.051118 0.537634
2 0.787540 0.553763 0.028754 0.333333
20 0.840256 0.725806 0.035144 0.247312
12 0.972045 0.709677 0.036741 0.580645
27 0.078275 0.387097 0.044728 0.279570
27 0.339457 0.478495 0.052716 0.290323
27 0.742812 0.715054 0.041534 0.290323
27 0.902556 0.725806 0.047923 0.311828
20 0.173323 0.344086 0.036741 0.387097
