1 0.040435 0.223214 0.049767 0.428571
1 0.129860 0.129464 0.035770 0.241071
20 0.225505 0.370536 0.043546 0.330357
20 0.463453 0.482143 0.043546 0.250000
1 0.560653 0.526786 0.060653 0.392857
10 0.634526 0.611607 0.046656 0.205357
20 0.841369 0.642857 0.040435 0.285714
23 0.087092 0.236607 0.031104 0.348214
23 0.345257 0.383929 0.040435 0.339286
23 0.743390 0.620536 0.037325 0.383929
23 0.909020 0.669643 0.032659 0.267857
12 0.958009 0.678571 0.043546 0.428571
11 0.689736 0.683036 0.035770 0.508929
1 0.790047 0.522321 0.031104 0.223214
