20 0.222874 0.505319 0.046921 0.393617
9 0.459677 0.526596 0.039589 0.351064
10 0.643695 0.563830 0.052786 0.255319
2 0.821848 0.313830 0.030792 0.393617
12 0.975073 0.553191 0.043988 0.680851
28 0.104106 0.563830 0.041056 0.319149
28 0.392229 0.569149 0.042522 0.329787
28 0.776393 0.537234 0.042522 0.329787
28 0.924487 0.526596 0.042522 0.329787
11 0.733871 0.457447 0.045455 0.574468
5 0.552786 0.521277 0.052786 0.553191
5 0.331378 0.521277 0.052786 0.553191
5 0.041789 0.452128 0.048387 0.606383
1 0.159091 0.276596 0.036657 0.319149
20 0.870235 0.521277 0.036657 0.382979
