3 0.031720 0.394444 0.040067 0.433333
20 0.224541 0.455556 0.041736 0.311111
20 0.440735 0.477778 0.036728 0.355556
10 0.595159 0.583333 0.045075 0.255556
2 0.785476 0.333333 0.038397 0.333333
20 0.826377 0.511111 0.040067 0.266667
12 0.951586 0.638889 0.040067 0.677778
3 0.313856 0.438889 0.040067 0.433333
3 0.512521 0.472222 0.040067 0.433333
24 0.097663 0.438889 0.041736 0.300000
24 0.366444 0.472222 0.041736 0.300000
24 0.737062 0.561111 0.041736 0.300000
24 0.882304 0.605556 0.041736 0.300000
11 0.671119 0.522222 0.043406 0.511111
1 0.152755 0.238889 0.041736 0.300000
