4 0.040171 0.455128 0.049573 0.448718
20 0.244444 0.506410 0.044444 0.320513
4 0.335043 0.467949 0.051282 0.448718
20 0.460684 0.576923 0.032479 0.307692
10 0.626496 0.615385 0.046154 0.307692
2 0.810256 0.352564 0.034188 0.346154
27 0.116239 0.461538 0.051282 0.256410
1 0.172650 0.282051 0.047863 0.282051
27 0.387179 0.532051 0.056410 0.269231
27 0.543590 0.596154 0.054701 0.294872
27 0.759829 0.596154 0.052991 0.320513
28 0.915385 0.653846 0.052991 0.307692
12 0.973504 0.628205 0.032479 0.743590
11 0.697436 0.576923 0.041026 0.538462
20 0.849573 0.544872 0.037607 0.346154
