4 0.138112 0.172840 0.034965 0.296296
20 0.239510 0.395062 0.038462 0.296296
7 0.332168 0.351852 0.038462 0.481481
20 0.469406 0.450617 0.033217 0.259259
10 0.674825 0.530864 0.045455 0.246914
2 0.819930 0.413580 0.034965 0.308642
20 0.862762 0.580247 0.036713 0.296296
12 0.976399 0.685185 0.047203 0.629630
23 0.097902 0.333333 0.027972 0.419753
7 0.041084 0.283951 0.043706 0.543210
7 0.572552 0.419753 0.033217 0.469136
23 0.389860 0.419753 0.045455 0.444444
23 0.774476 0.574074 0.031469 0.407407
23 0.923077 0.598765 0.034965 0.481481
11 0.723776 0.611111 0.034965 0.654321
