1 0.145503 0.330189 0.033510 0.264151
20 0.182540 0.481132 0.033510 0.245283
12 0.320106 0.400943 0.037037 0.481132
10 0.422399 0.528302 0.058201 0.283019
1 0.578483 0.292453 0.038801 0.264151
20 0.829806 0.514151 0.037037 0.273585
1 0.956790 0.358491 0.051146 0.226415
11 0.050265 0.490566 0.054674 0.641509
23 0.244268 0.419811 0.033510 0.349057
23 0.755732 0.490566 0.033510 0.358491
23 0.901235 0.490566 0.035273 0.358491
22 0.708995 0.509434 0.045855 0.245283
22 0.544092 0.495283 0.044092 0.235849
22 0.105820 0.518868 0.038801 0.283019
20 0.626102 0.433962 0.038801 0.301887
1 0.283069 0.306604 0.033510 0.254717
