2 0.135452 0.194737 0.033445 0.263158
20 0.227425 0.457895 0.040134 0.305263
20 0.477425 0.484211 0.035117 0.315789
5 0.576087 0.494737 0.048495 0.400000
10 0.668060 0.594737 0.038462 0.305263
2 0.790970 0.463158 0.033445 0.294737
20 0.838629 0.615789 0.031773 0.305263
12 0.953177 0.652632 0.040134 0.568421
5 0.048495 0.357895 0.043478 0.568421
5 0.319398 0.394737 0.046823 0.431579
24 0.748328 0.605263 0.038462 0.284211
24 0.887960 0.652632 0.036789 0.273684
24 0.373746 0.463158 0.041806 0.231579
24 0.097826 0.463158 0.031773 0.294737
11 0.714883 0.584211 0.041806 0.494737
