1 0.126724 0.206422 0.032759 0.247706
20 0.190517 0.339450 0.032759 0.220183
9 0.249138 0.371560 0.039655 0.302752
1 0.284483 0.211009 0.041379 0.256881
12 0.326724 0.348624 0.032759 0.532110
10 0.450000 0.431193 0.048276 0.238532
1 0.599138 0.229358 0.029310 0.275229
20 0.653448 0.380734 0.041379 0.211009
20 0.857759 0.458716 0.036207 0.220183
29 0.103448 0.472477 0.034483 0.357798
29 0.551724 0.518349 0.041379 0.412844
22 0.737069 0.408257 0.039655 0.211009
23 0.786207 0.348624 0.037931 0.348624
29 0.937069 0.545872 0.050000 0.467890
11 0.045690 0.348624 0.053448 0.440367
