20 0.189233 0.520833 0.032626 0.354167
20 0.442088 0.562500 0.035889 0.354167
10 0.609299 0.640625 0.030995 0.239583
3 0.767537 0.479167 0.037520 0.270833
20 0.837684 0.682292 0.047308 0.322917
12 0.970636 0.718750 0.039152 0.562500
22 0.042414 0.479167 0.045677 0.312500
3 0.088091 0.250000 0.042414 0.375000
3 0.280587 0.515625 0.032626 0.510417
3 0.557912 0.588542 0.048940 0.531250
22 0.721044 0.687500 0.048940 0.291667
22 0.907830 0.734375 0.044046 0.260417
22 0.320555 0.557292 0.047308 0.322917
11 0.657423 0.578125 0.048940 0.552083
