11 0.043000 0.524510 0.042000 0.617647
9 0.120000 0.509804 0.072000 0.254902
18 0.191000 0.455882 0.046000 0.127451
7 0.251000 0.441176 0.046000 0.372549
12 0.288000 0.441176 0.028000 0.607843
11 0.370000 0.446078 0.036000 0.558824
9 0.456000 0.549020 0.068000 0.294118
1 0.515000 0.318627 0.046000 0.225490
18 0.561000 0.485294 0.042000 0.088235
1 0.639000 0.470588 0.066000 0.431373
9 0.721000 0.470588 0.070000 0.235294
20 0.822000 0.401961 0.032000 0.235294
8 0.902000 0.333333 0.044000 0.431373
12 0.948000 0.367647 0.028000 0.637255
