1 0.059813 0.604545 0.052336 0.354545
4 0.111215 0.559091 0.046729 0.300000
11 0.170093 0.559091 0.037383 0.463636
9 0.222430 0.581818 0.059813 0.272727
20 0.289720 0.527273 0.044860 0.272727
29 0.354206 0.631818 0.050467 0.500000
12 0.398131 0.495455 0.022430 0.481818
1 0.457944 0.277273 0.048598 0.336364
18 0.499065 0.490909 0.041121 0.054545
0 0.560748 0.468182 0.033645 0.318182
5 0.601869 0.509091 0.037383 0.418182
11 0.649533 0.486364 0.031776 0.463636
9 0.703738 0.513636 0.057944 0.281818
18 0.772897 0.459091 0.050467 0.154545
29 0.838318 0.577273 0.042991 0.463636
12 0.890654 0.472727 0.028037 0.527273
1 0.954206 0.245455 0.054206 0.327273
