1 0.040708 0.648352 0.060177 0.483516
11 0.091150 0.670330 0.030088 0.549451
9 0.149558 0.703297 0.054867 0.307692
20 0.204425 0.659341 0.037168 0.219780
1 0.256637 0.593407 0.049558 0.373626
12 0.292035 0.560440 0.028319 0.637363
11 0.355752 0.538462 0.038938 0.571429
9 0.415044 0.642857 0.058407 0.296703
18 0.483186 0.549451 0.046018 0.109890
1 0.537168 0.527473 0.051327 0.329670
12 0.572566 0.483516 0.030088 0.615385
20 0.641593 0.494505 0.047788 0.263736
11 0.704425 0.472527 0.035398 0.615385
9 0.767257 0.538462 0.058407 0.285714
20 0.829204 0.461538 0.044248 0.263736
2 0.897345 0.384615 0.053097 0.461538
12 0.965487 0.384615 0.033628 0.681319
