9 0.068995 0.738971 0.073254 0.227941
2 0.126065 0.558824 0.037479 0.279412
18 0.190801 0.639706 0.037479 0.102941
2 0.254685 0.621324 0.052811 0.345588
9 0.327087 0.636029 0.057922 0.213235
1 0.382453 0.455882 0.045997 0.220588
29 0.438671 0.683824 0.059625 0.470588
20 0.525554 0.488971 0.042589 0.183824
2 0.614140 0.455882 0.056218 0.367647
9 0.678876 0.455882 0.045997 0.264706
29 0.738501 0.544118 0.052811 0.441176
1 0.795571 0.286765 0.047700 0.235294
18 0.854344 0.400735 0.039182 0.080882
29 0.936116 0.466912 0.052811 0.448529
2 0.981261 0.183824 0.030664 0.279412
