1 0.046530 0.582569 0.048896 0.357798
11 0.096215 0.559633 0.028391 0.513761
2 0.147476 0.564220 0.048896 0.486239
9 0.205047 0.591743 0.056782 0.302752
20 0.269716 0.568807 0.037855 0.238532
0 0.322555 0.481651 0.029968 0.357798
12 0.354890 0.477064 0.022082 0.623853
11 0.404574 0.509174 0.029968 0.577982
9 0.454259 0.614679 0.050473 0.366972
18 0.502366 0.536697 0.029968 0.137615
0 0.549685 0.486239 0.033123 0.275229
12 0.584385 0.431193 0.029968 0.587156
18 0.634858 0.449541 0.039432 0.128440
2 0.709779 0.426606 0.047319 0.431193
11 0.764984 0.435780 0.031546 0.504587
1 0.805994 0.440367 0.047319 0.422018
9 0.855678 0.426606 0.045741 0.302752
18 0.902997 0.371560 0.036278 0.100917
2 0.944795 0.362385 0.031546 0.376147
12 0.972397 0.385321 0.020505 0.605505
