7 0.066414 0.616505 0.045541 0.514563
9 0.131879 0.713592 0.058824 0.281553
2 0.185958 0.470874 0.037951 0.320388
18 0.246679 0.601942 0.034156 0.097087
5 0.317837 0.626214 0.047438 0.436893
9 0.378558 0.655340 0.051233 0.281553
1 0.423150 0.432039 0.041746 0.223301
18 0.473435 0.621359 0.036053 0.116505
4 0.525617 0.577670 0.049336 0.359223
9 0.580645 0.592233 0.053131 0.330097
20 0.651803 0.495146 0.051233 0.291262
2 0.732448 0.480583 0.049336 0.417476
10 0.836812 0.538835 0.053131 0.281553
17 0.933586 0.436893 0.045541 0.407767
