11 0.049069 0.647059 0.033841 0.627451
9 0.106599 0.696078 0.057530 0.313725
18 0.169205 0.656863 0.030457 0.098039
1 0.210660 0.637255 0.042301 0.313725
12 0.244501 0.607843 0.021997 0.549020
11 0.297800 0.671569 0.030457 0.558824
1 0.347716 0.602941 0.055838 0.362745
9 0.407783 0.666667 0.054146 0.274510
18 0.466159 0.637255 0.038917 0.137255
0 0.502538 0.627451 0.037225 0.333333
12 0.532995 0.627451 0.023689 0.568627
18 0.600677 0.583333 0.047377 0.127451
2 0.683587 0.588235 0.050761 0.411765
11 0.752961 0.553922 0.037225 0.460784
9 0.798646 0.583333 0.047377 0.245098
20 0.846024 0.544118 0.037225 0.264706
0 0.890017 0.500000 0.027073 0.294118
12 0.919628 0.504902 0.025381 0.578431
1 0.963621 0.225490 0.042301 0.313725
