1 0.052448 0.610577 0.048951 0.394231
9 0.109266 0.620192 0.061189 0.259615
2 0.174825 0.423077 0.045455 0.365385
18 0.249126 0.543269 0.040210 0.125000
2 0.338287 0.548077 0.054196 0.403846
9 0.389860 0.576923 0.045455 0.288462
1 0.441434 0.355769 0.043706 0.307692
20 0.479021 0.548077 0.027972 0.211538
2 0.543706 0.471154 0.045455 0.403846
9 0.604895 0.504808 0.066434 0.298077
18 0.687063 0.408654 0.034965 0.125000
0 0.763986 0.375000 0.038462 0.346154
10 0.852273 0.442308 0.054196 0.288462
17 0.953671 0.322115 0.054196 0.413462
