11 0.049757 0.538462 0.036408 0.423077
9 0.140777 0.533654 0.067961 0.221154
20 0.208738 0.490385 0.038835 0.173077
29 0.268204 0.557692 0.050971 0.346154
12 0.326456 0.471154 0.026699 0.403846
1 0.381068 0.259615 0.063107 0.230769
18 0.447816 0.447115 0.041262 0.105769
11 0.532767 0.427885 0.036408 0.375000
9 0.606796 0.456731 0.072816 0.201923
1 0.680825 0.298077 0.070388 0.211538
18 0.752427 0.399038 0.048544 0.125000
29 0.819175 0.514423 0.050971 0.451923
1 0.876214 0.254808 0.058252 0.221154
12 0.939320 0.298077 0.029126 0.461538
