11 0.044815 0.617347 0.029877 0.520408
1 0.111599 0.607143 0.047452 0.377551
9 0.166081 0.627551 0.050967 0.275510
18 0.226714 0.561224 0.031634 0.142857
0 0.265378 0.545918 0.031634 0.316327
12 0.296134 0.540816 0.026362 0.612245
1 0.340070 0.331633 0.043937 0.357143
18 0.403339 0.566327 0.040422 0.153061
2 0.513181 0.479592 0.052724 0.408163
11 0.568541 0.469388 0.026362 0.551020
9 0.616872 0.459184 0.052724 0.285714
18 0.676626 0.428571 0.031634 0.142857
0 0.710018 0.408163 0.031634 0.387755
12 0.744288 0.382653 0.022847 0.581633
11 0.785589 0.469388 0.028120 0.591837
9 0.833040 0.474490 0.052724 0.275510
20 0.876977 0.397959 0.031634 0.265306
1 0.924429 0.392857 0.045694 0.295918
12 0.967487 0.423469 0.029877 0.724490
