2 0.036654 0.588542 0.046992 0.489583
9 0.095865 0.635417 0.056391 0.291667
11 0.164474 0.526042 0.031955 0.510417
9 0.240602 0.541667 0.063910 0.354167
18 0.296053 0.479167 0.031955 0.125000
6 0.343985 0.447917 0.045113 0.375000
12 0.404135 0.447917 0.026316 0.479167
18 0.468045 0.416667 0.041353 0.187500
1 0.533835 0.385417 0.048872 0.333333
11 0.579887 0.395833 0.035714 0.520833
9 0.639098 0.416667 0.052632 0.270833
18 0.689850 0.369792 0.030075 0.114583
6 0.723684 0.328125 0.048872 0.385417
12 0.766917 0.359375 0.030075 0.552083
10 0.829887 0.432292 0.046992 0.281250
17 0.940789 0.348958 0.054511 0.364583
