4 0.135813 0.217822 0.039792 0.277228
20 0.235294 0.381188 0.055363 0.267327
7 0.326125 0.356436 0.053633 0.455446
20 0.463668 0.450495 0.041522 0.306931
10 0.660900 0.524752 0.044983 0.237624
2 0.806228 0.400990 0.034602 0.287129
20 0.851211 0.554455 0.034602 0.356436
12 0.968858 0.663366 0.048443 0.554455
23 0.096021 0.361386 0.036332 0.306931
7 0.040657 0.311881 0.046713 0.405941
7 0.567474 0.420792 0.051903 0.445545
23 0.386678 0.410891 0.046713 0.366337
23 0.770761 0.534653 0.039792 0.356436
23 0.914360 0.549505 0.036332 0.386139
11 0.716263 0.569307 0.038062 0.504950
21 0.819204 0.896040 0.022491 0.089109
