20 0.217886 0.505208 0.045528 0.322917
20 0.474797 0.557292 0.042276 0.343750
10 0.620325 0.619792 0.053659 0.281250
3 0.795122 0.557292 0.029268 0.322917
12 0.965854 0.692708 0.035772 0.489583
3 0.045528 0.473958 0.061789 0.447917
3 0.139024 0.265625 0.034146 0.343750
3 0.313821 0.500000 0.048780 0.416667
3 0.556911 0.557292 0.047154 0.447917
28 0.908130 0.697917 0.043902 0.270833
28 0.756911 0.687500 0.043902 0.270833
28 0.373171 0.552083 0.043902 0.270833
28 0.103252 0.437500 0.043902 0.270833
11 0.708130 0.645833 0.043902 0.479167
20 0.850407 0.671875 0.032520 0.385417
