4 0.036913 0.420732 0.067114 0.451220
20 0.234899 0.463415 0.043624 0.317073
4 0.323826 0.445122 0.050336 0.402439
20 0.453020 0.481707 0.033557 0.304878
10 0.615772 0.554878 0.046980 0.329268
2 0.795302 0.304878 0.033557 0.341463
27 0.116611 0.469512 0.052013 0.256098
1 0.171980 0.250000 0.048658 0.280488
27 0.384228 0.512195 0.053691 0.243902
27 0.531879 0.548780 0.053691 0.243902
27 0.746644 0.573171 0.053691 0.243902
28 0.897651 0.634146 0.053691 0.243902
12 0.953020 0.621951 0.030201 0.658537
11 0.687919 0.524390 0.036913 0.439024
20 0.832215 0.512195 0.036913 0.292683
