2 0.068627 0.328704 0.046757 0.342593
2 0.161388 0.185185 0.027149 0.277778
2 0.322021 0.370370 0.040724 0.370370
20 0.472097 0.509259 0.042232 0.277778
2 0.555807 0.509259 0.046757 0.425926
10 0.634238 0.671296 0.049774 0.212963
11 0.702112 0.611111 0.040724 0.444444
2 0.795626 0.513889 0.031674 0.268519
20 0.846154 0.657407 0.036199 0.222222
12 0.967572 0.671296 0.031674 0.490741
27 0.125189 0.375000 0.039216 0.268519
27 0.373303 0.449074 0.052790 0.287037
27 0.756410 0.652778 0.040724 0.250000
27 0.910256 0.657407 0.052790 0.277778
20 0.220211 0.319444 0.033183 0.305556
