20 0.404505 0.484211 0.045045 0.378947
3 0.034234 0.357895 0.057658 0.526316
24 0.096396 0.436842 0.030631 0.305263
1 0.142342 0.257895 0.028829 0.263158
20 0.194595 0.389474 0.032432 0.273684
3 0.266667 0.463158 0.050450 0.463158
24 0.326126 0.505263 0.050450 0.315789
3 0.519820 0.473684 0.066667 0.400000
10 0.634234 0.536842 0.043243 0.273684
11 0.721622 0.463158 0.048649 0.505263
24 0.764865 0.552632 0.045045 0.263158
1 0.794595 0.321053 0.036036 0.200000
20 0.833333 0.521053 0.034234 0.326316
24 0.904505 0.563158 0.054054 0.221053
12 0.967568 0.605263 0.046847 0.705263
