2 0.140299 0.211538 0.026866 0.269231
20 0.219403 0.392308 0.038806 0.230769
20 0.476119 0.473077 0.041791 0.253846
6 0.571642 0.438462 0.056716 0.307692
10 0.659701 0.542308 0.047761 0.192308
2 0.810448 0.438462 0.035821 0.261538
29 0.097761 0.561538 0.040299 0.476923
29 0.385075 0.580769 0.035821 0.438462
29 0.773881 0.669231 0.034328 0.384615
29 0.917164 0.746154 0.046269 0.446154
12 0.965672 0.580769 0.041791 0.438462
11 0.721642 0.488462 0.055224 0.546154
6 0.045522 0.392308 0.058209 0.323077
6 0.329104 0.430769 0.058209 0.338462
