1 0.149293 0.267544 0.037102 0.271930
20 0.406360 0.456140 0.042403 0.315789
12 0.963781 0.535088 0.040636 0.631579
3 0.044170 0.368421 0.056537 0.456140
24 0.102473 0.416667 0.038869 0.219298
20 0.200530 0.359649 0.030035 0.245614
3 0.271201 0.425439 0.044170 0.377193
24 0.333039 0.460526 0.054770 0.254386
3 0.516784 0.434211 0.065371 0.359649
10 0.635159 0.500000 0.047703 0.228070
11 0.713781 0.434211 0.049470 0.412281
24 0.757951 0.504386 0.042403 0.219298
20 0.824205 0.473684 0.044170 0.263158
24 0.901943 0.508772 0.051237 0.228070
1 0.786219 0.315789 0.042403 0.140351
