20 0.222314 0.482955 0.041322 0.375000
5 0.313223 0.431818 0.054545 0.363636
20 0.447934 0.534091 0.039669 0.340909
5 0.539669 0.500000 0.051240 0.454545
10 0.645455 0.613636 0.051240 0.272727
1 0.804132 0.454545 0.047934 0.340909
20 0.862810 0.619318 0.036364 0.284091
28 0.104132 0.443182 0.039669 0.227273
28 0.361157 0.488636 0.034711 0.272727
28 0.763636 0.607955 0.033058 0.238636
28 0.913223 0.619318 0.034711 0.238636
12 0.960331 0.636364 0.039669 0.613636
11 0.714050 0.573864 0.042975 0.443182
1 0.153719 0.267045 0.039669 0.329545
5 0.043802 0.335227 0.044628 0.534091
