3 0.122054 0.218391 0.031987 0.413793
20 0.223906 0.350575 0.043771 0.333333
20 0.457071 0.459770 0.045455 0.344828
10 0.652357 0.505747 0.048822 0.298851
20 0.831650 0.563218 0.037037 0.390805
12 0.952020 0.614943 0.038721 0.701149
29 0.087542 0.471264 0.033670 0.436782
6 0.033670 0.333333 0.057239 0.505747
6 0.313131 0.339080 0.050505 0.425287
6 0.566498 0.436782 0.058923 0.505747
6 0.773569 0.396552 0.045455 0.287356
29 0.728956 0.672414 0.033670 0.540230
29 0.882155 0.724138 0.040404 0.528736
29 0.359428 0.551724 0.038721 0.528736
11 0.702862 0.500000 0.035354 0.563218
