1 0.128448 0.215596 0.032759 0.247706
20 0.191379 0.348624 0.034483 0.330275
9 0.250000 0.371560 0.041379 0.302752
1 0.284483 0.220183 0.041379 0.256881
12 0.328448 0.353211 0.032759 0.522936
10 0.450862 0.431193 0.046552 0.238532
1 0.598276 0.211009 0.037931 0.330275
20 0.655172 0.389908 0.041379 0.211009
20 0.859483 0.458716 0.043103 0.275229
29 0.105172 0.481651 0.034483 0.357798
29 0.552586 0.518349 0.043103 0.412844
22 0.738793 0.412844 0.039655 0.201835
23 0.787069 0.357798 0.036207 0.348624
29 0.938793 0.545872 0.050000 0.467890
11 0.045690 0.353211 0.053448 0.449541
