1 0.145503 0.330189 0.033510 0.264151
20 0.185185 0.481132 0.038801 0.339623
12 0.319224 0.400943 0.035273 0.500000
10 0.424162 0.528302 0.058201 0.283019
1 0.579365 0.292453 0.040564 0.264151
20 0.827160 0.514151 0.045855 0.273585
1 0.950617 0.320755 0.045855 0.245283
11 0.052910 0.457547 0.056437 0.650943
23 0.245150 0.429245 0.035273 0.349057
23 0.754850 0.476415 0.035273 0.349057
23 0.901235 0.495283 0.035273 0.349057
22 0.708113 0.509434 0.044092 0.245283
22 0.544092 0.500000 0.044092 0.245283
22 0.104938 0.500000 0.044092 0.245283
