1 0.044944 0.300000 0.070626 0.511111
6 0.044944 0.322222 0.070626 0.555556
1 0.154093 0.222222 0.044944 0.333333
20 0.213483 0.455556 0.044944 0.333333
6 0.311396 0.427778 0.054575 0.388889
20 0.409310 0.477778 0.048154 0.355556
10 0.621188 0.555556 0.051364 0.266667
20 0.835474 0.622222 0.043339 0.288889
30 0.107544 0.450000 0.041734 0.255556
30 0.349920 0.516667 0.035313 0.255556
30 0.740770 0.611111 0.033708 0.244444
30 0.889246 0.638889 0.038523 0.277778
12 0.956661 0.622222 0.057785 0.577778
11 0.690209 0.533333 0.048154 0.488889
1 0.782504 0.450000 0.040128 0.255556
6 0.520064 0.494444 0.060995 0.388889
