1 0.037926 0.244094 0.051084 0.377953
1 0.128483 0.165354 0.034056 0.220472
20 0.226006 0.377953 0.043344 0.330709
20 0.464396 0.488189 0.043344 0.251969
1 0.561146 0.527559 0.060372 0.393701
10 0.634675 0.614173 0.046440 0.204724
20 0.842105 0.645669 0.040248 0.283465
23 0.086687 0.271654 0.034056 0.291339
23 0.336687 0.362205 0.041796 0.346457
23 0.744582 0.594488 0.037152 0.322835
23 0.903251 0.653543 0.032508 0.267717
12 0.958204 0.681102 0.043344 0.433071
11 0.691176 0.688976 0.035604 0.511811
1 0.791022 0.527559 0.030960 0.220472
