20 0.213810 0.457895 0.041597 0.305263
4 0.293677 0.447368 0.071547 0.410526
20 0.436772 0.557895 0.038270 0.294737
10 0.608153 0.621053 0.058236 0.294737
11 0.694676 0.557895 0.044925 0.463158
20 0.844426 0.621053 0.031614 0.210526
12 0.970882 0.636842 0.044925 0.621053
4 0.037438 0.384211 0.048253 0.452632
27 0.103161 0.457895 0.049917 0.284211
1 0.148918 0.242105 0.031614 0.231579
27 0.363561 0.536842 0.051581 0.231579
4 0.526622 0.557895 0.054908 0.421053
27 0.753744 0.631579 0.059900 0.231579
1 0.809484 0.457895 0.044925 0.221053
27 0.918469 0.642105 0.053245 0.252632
