20 0.213710 0.369565 0.033871 0.413043
20 0.449194 0.423913 0.037097 0.304348
10 0.608065 0.434783 0.054839 0.282609
11 0.677419 0.418478 0.029032 0.445652
20 0.824194 0.478261 0.038710 0.326087
8 0.052419 0.320652 0.046774 0.445652
29 0.106452 0.505435 0.041935 0.489130
1 0.154839 0.206522 0.029032 0.282609
29 0.354839 0.570652 0.041935 0.597826
29 0.524194 0.559783 0.038710 0.554348
29 0.731452 0.630435 0.037097 0.543478
29 0.884677 0.684783 0.040323 0.586957
12 0.965323 0.586957 0.033871 0.521739
8 0.309677 0.358696 0.038710 0.413043
1 0.775806 0.266304 0.041935 0.271739
