2 0.135452 0.205263 0.033445 0.263158
20 0.227425 0.457895 0.040134 0.305263
20 0.478261 0.484211 0.036789 0.315789
5 0.576923 0.500000 0.050167 0.389474
10 0.669732 0.600000 0.038462 0.294737
2 0.790970 0.473684 0.033445 0.294737
20 0.836120 0.610526 0.036789 0.336842
12 0.959866 0.610526 0.033445 0.610526
5 0.050167 0.342105 0.050167 0.557895
5 0.320234 0.405263 0.045151 0.431579
24 0.748328 0.615789 0.038462 0.284211
24 0.887124 0.668421 0.038462 0.284211
24 0.373746 0.473684 0.041806 0.231579
24 0.099498 0.473684 0.031773 0.294737
11 0.715719 0.584211 0.040134 0.494737
