4 0.034976 0.396552 0.057234 0.402299
4 0.146264 0.241379 0.038156 0.344828
20 0.207472 0.373563 0.036566 0.333333
4 0.303657 0.344828 0.054054 0.413793
20 0.465024 0.505747 0.042925 0.367816
10 0.634340 0.500000 0.047695 0.264368
11 0.694754 0.431034 0.044515 0.494253
4 0.779809 0.350575 0.042925 0.448276
20 0.829889 0.465517 0.041335 0.264368
30 0.100954 0.465517 0.036566 0.333333
30 0.358506 0.448276 0.049285 0.321839
30 0.751192 0.557471 0.042925 0.287356
30 0.887917 0.522989 0.046105 0.310345
12 0.950715 0.580460 0.038156 0.632184
4 0.559618 0.454023 0.050874 0.471264
