2 0.032828 0.349315 0.048822 0.479452
1 0.149832 0.239726 0.040404 0.424658
2 0.318182 0.397260 0.043771 0.438356
20 0.449495 0.506849 0.043771 0.465753
2 0.537037 0.431507 0.050505 0.506849
10 0.607744 0.643836 0.053872 0.383562
2 0.790404 0.315068 0.031987 0.356164
20 0.824916 0.582192 0.043771 0.452055
23 0.102694 0.424658 0.033670 0.410959
23 0.371212 0.438356 0.031987 0.493151
23 0.753367 0.547945 0.035354 0.438356
23 0.898148 0.582192 0.035354 0.452055
12 0.969697 0.643836 0.040404 0.575342
11 0.695286 0.582192 0.047138 0.561644
20 0.218855 0.417808 0.033670 0.369863
