1 0.141459 0.273810 0.033808 0.309524
20 0.193950 0.422619 0.042705 0.416667
2 0.277580 0.458333 0.042705 0.488095
20 0.435053 0.482143 0.037367 0.392857
2 0.527580 0.458333 0.058719 0.488095
10 0.621886 0.547619 0.051601 0.309524
1 0.811388 0.392857 0.035587 0.309524
20 0.847865 0.565476 0.044484 0.416667
12 0.970641 0.511905 0.037367 0.690476
2 0.048932 0.446429 0.037367 0.535714
23 0.099644 0.452381 0.035587 0.428571
23 0.342527 0.482143 0.040925 0.440476
11 0.713523 0.517857 0.046263 0.559524
23 0.919929 0.541667 0.035587 0.392857
23 0.774911 0.541667 0.040925 0.392857
