2 0.127133 0.478663 0.037199 0.189189
18 0.659737 0.492888 0.057330 0.081081
2 0.720131 0.480085 0.047702 0.226174
1 0.913348 0.503556 0.055142 0.187767
9 0.085339 0.581081 0.053392 0.172119
18 0.209190 0.549075 0.049015 0.082504
29 0.282932 0.589616 0.047702 0.248933
2 0.329322 0.417496 0.042451 0.172119
20 0.446827 0.527738 0.049015 0.142248
2 0.504376 0.514225 0.042451 0.220484
29 0.552735 0.611664 0.049015 0.275960
1 0.593217 0.426031 0.037199 0.137980
9 0.774836 0.521337 0.055580 0.155050
10 0.846608 0.529872 0.045077 0.146515
