9 0.081139 0.453717 0.055244 0.200561
2 0.126241 0.352034 0.038412 0.179523
20 0.212344 0.459327 0.042296 0.197756
4 0.315278 0.376578 0.031506 0.161290
10 0.408718 0.504909 0.057833 0.131837
20 0.759171 0.440393 0.050065 0.148668
6 0.879586 0.319776 0.043159 0.159888
29 0.272767 0.512623 0.043159 0.208976
0 0.495037 0.459327 0.027622 0.180926
7 0.527406 0.459327 0.037980 0.189341
8 0.577471 0.461431 0.031938 0.176718
17 0.616962 0.453717 0.037549 0.147265
9 0.681485 0.469846 0.052654 0.157083
29 0.827579 0.491585 0.044454 0.203366
