0 0.069492 0.451122 0.033514 0.235577
1 0.122721 0.427885 0.050271 0.227564
9 0.205766 0.451122 0.067521 0.152244
1 0.260227 0.351763 0.038443 0.142628
18 0.305816 0.450321 0.062592 0.083333
9 0.474372 0.439103 0.061607 0.205128
5 0.636028 0.405449 0.039921 0.240385
3 0.682356 0.410256 0.044850 0.262821
10 0.780434 0.433494 0.064564 0.165064
2 0.922868 0.306090 0.034993 0.163462
3 0.376047 0.422276 0.039428 0.187500
7 0.417693 0.425481 0.032035 0.219551
20 0.575407 0.436699 0.054707 0.168269
29 0.876047 0.495994 0.044850 0.261218
