9 0.083932 0.597665 0.050294 0.252654
18 0.150555 0.590234 0.065970 0.110403
18 0.452645 0.595541 0.064010 0.082803
2 0.519922 0.590234 0.050947 0.297240
11 0.729915 0.614650 0.046375 0.469214
12 0.952645 0.614650 0.042456 0.486200
11 0.036904 0.633758 0.046375 0.346072
3 0.223710 0.595541 0.037231 0.193206
12 0.264860 0.643312 0.045069 0.373673
11 0.332136 0.576433 0.041150 0.312102
29 0.379817 0.692144 0.054213 0.331210
12 0.569236 0.579618 0.046375 0.467091
20 0.671783 0.597665 0.055519 0.218684
29 0.783475 0.682590 0.043762 0.295117
18 0.838341 0.588110 0.059438 0.106157
0 0.906597 0.589172 0.028739 0.244161
