1 0.150896 0.437313 0.033532 0.149254
1 0.298346 0.508955 0.050988 0.200000
10 0.802251 0.555970 0.073036 0.174627
6 0.902159 0.467910 0.080845 0.225373
9 0.101056 0.522388 0.067983 0.200000
20 0.243914 0.547761 0.045935 0.128358
20 0.387919 0.532836 0.049150 0.149254
29 0.435232 0.578358 0.042719 0.252239
1 0.488516 0.408955 0.040882 0.107463
18 0.518604 0.517164 0.050528 0.076119
29 0.580386 0.597015 0.053744 0.268657
18 0.646073 0.504478 0.049150 0.092537
0 0.703032 0.506716 0.033532 0.231343
