2 0.120825 0.369458 0.033925 0.164204
18 0.192067 0.490969 0.067850 0.105090
9 0.348643 0.481117 0.061587 0.206897
1 0.399269 0.380131 0.032359 0.139573
0 0.508351 0.482759 0.033403 0.243021
0 0.508873 0.483580 0.033403 0.231527
1 0.541493 0.482759 0.042276 0.223317
9 0.600992 0.493432 0.057933 0.178982
18 0.700939 0.473727 0.066806 0.070608
10 0.850209 0.545156 0.066806 0.160920
17 0.918058 0.513957 0.057411 0.200328
29 0.072025 0.559113 0.046973 0.280788
5 0.288883 0.466338 0.043319 0.190476
20 0.455376 0.500000 0.041232 0.126437
7 0.770355 0.496716 0.036534 0.175698
