2 0.156436 0.333601 0.037624 0.155949
18 0.231683 0.476688 0.067327 0.117363
1 0.331683 0.472669 0.045545 0.183280
9 0.396287 0.508842 0.051980 0.162379
20 0.556683 0.535370 0.050990 0.225080
9 0.659901 0.378617 0.058416 0.197749
18 0.674257 0.541801 0.141584 0.112540
1 0.713861 0.329582 0.030693 0.096463
10 0.814109 0.526527 0.065842 0.168810
1 0.917822 0.542605 0.048515 0.165595
29 0.092822 0.494373 0.047030 0.287781
29 0.454950 0.624598 0.042574 0.303859
29 0.682921 0.750000 0.044059 0.278135
