2 0.071429 0.463170 0.041896 0.216518
12 0.174794 0.482701 0.042582 0.248884
1 0.285886 0.424107 0.024382 0.104911
1 0.603537 0.500000 0.031937 0.183036
11 0.796875 0.433594 0.042239 0.264509
9 0.833791 0.463728 0.051511 0.132812
1 0.904533 0.415179 0.031593 0.140625
12 0.975618 0.405692 0.032967 0.264509
29 0.116415 0.544643 0.034341 0.214286
29 0.253606 0.564174 0.037431 0.172991
29 0.636161 0.582031 0.027816 0.177455
29 0.939045 0.484375 0.027816 0.171875
11 0.490900 0.536272 0.031250 0.248884
9 0.528331 0.521205 0.043613 0.147321
8 0.210337 0.512277 0.025069 0.167411
20 0.319540 0.510045 0.037431 0.111607
0 0.355426 0.497210 0.021978 0.157366
12 0.385817 0.488281 0.035371 0.273438
10 0.440934 0.527344 0.040522 0.106027
0 0.718407 0.466518 0.023352 0.207589
20 0.681490 0.503348 0.034684 0.142857
12 0.749657 0.454799 0.035714 0.268973
