2 0.064798 0.481714 0.044627 0.266286
11 0.120493 0.494286 0.033916 0.261714
2 0.202428 0.441714 0.029275 0.142857
9 0.360050 0.515429 0.046055 0.189714
12 0.409854 0.490286 0.039986 0.235429
10 0.503570 0.530286 0.052481 0.162286
1 0.628169 0.438286 0.033202 0.126857
20 0.673152 0.535429 0.033916 0.117714
3 0.737237 0.472571 0.034988 0.165714
6 0.894323 0.529714 0.049268 0.184000
9 0.163335 0.507429 0.037487 0.150857
20 0.264191 0.530286 0.042128 0.123429
3 0.319886 0.507429 0.029275 0.139429
29 0.590503 0.571429 0.039272 0.228571
29 0.771689 0.587429 0.033916 0.208000
20 0.837380 0.535429 0.051767 0.133714
