1 0.043348 0.530336 0.041347 0.165764
2 0.124041 0.478332 0.032011 0.124594
18 0.190897 0.565005 0.051017 0.068256
11 0.272424 0.558505 0.035345 0.198267
9 0.313938 0.573673 0.041014 0.124594
18 0.353284 0.572589 0.037012 0.063922
3 0.389296 0.588841 0.033678 0.196100
12 0.424308 0.585049 0.031677 0.221018
1 0.504335 0.531961 0.029010 0.114843
20 0.553685 0.595883 0.039680 0.114843
18 0.718073 0.598592 0.048349 0.072589
9 0.785262 0.611593 0.059353 0.167931
1 0.834445 0.543337 0.041681 0.120260
1 0.951484 0.572589 0.044348 0.176598
29 0.088696 0.615385 0.041347 0.201517
29 0.469823 0.648971 0.038013 0.205850
3 0.612704 0.607259 0.038346 0.154930
29 0.652384 0.669556 0.035012 0.205850
10 0.883294 0.615385 0.049350 0.119177
