9 0.098742 0.786474 0.063344 0.202128
1 0.146251 0.700608 0.030741 0.124620
18 0.194923 0.444529 0.298556 0.129179
1 0.220075 0.268997 0.082441 0.218845
9 0.220075 0.268997 0.082441 0.218845
0 0.237774 0.768997 0.029343 0.191489
0 0.238007 0.770517 0.031672 0.212766
20 0.183978 0.772796 0.043782 0.132219
20 0.449231 0.408815 0.054495 0.167173
29 0.538426 0.764438 0.043782 0.246201
1 0.591989 0.608663 0.033535 0.104863
20 0.626688 0.705927 0.043316 0.153495
0 0.678156 0.689210 0.033535 0.205167
29 0.626456 0.218085 0.054960 0.296353
18 0.602236 0.414894 0.215184 0.094225
10 0.800419 0.408815 0.066605 0.115502
8 0.903121 0.488602 0.062413 0.314590
