9 0.081223 0.661746 0.058290 0.129653
1 0.124224 0.591142 0.032489 0.109114
18 0.150263 0.487805 0.262303 0.089859
1 0.528189 0.557766 0.024367 0.088575
9 0.154324 0.319641 0.066890 0.154044
20 0.174152 0.674583 0.049212 0.111682
0 0.236980 0.659820 0.028667 0.141207
10 0.386765 0.443517 0.051123 0.086008
29 0.529384 0.325417 0.043000 0.175866
29 0.486383 0.691271 0.043000 0.222080
20 0.573817 0.618742 0.045867 0.094994
0 0.631868 0.614891 0.025323 0.128370
20 0.733875 0.428113 0.057334 0.132221
0 0.859054 0.299743 0.043000 0.183569
3 0.862160 0.618742 0.058767 0.187420
18 0.862876 0.437099 0.140468 0.080873
